INFO: ImGui initialized successfully.
INFO: DEBUG: Initializing shaders...
INFO: DEBUG: Bone shader compiled successfully.
INFO: Shaders initialized successfully.
INFO: PhysicsManager initialized successfully.
INFO: Entering SceneTest2.
INFO: Loading model from path: Character Template F9.fbx
INFO: Debug: Processing 56 bones.
INFO: Debug: VAO Bone IDs bound to location 3.
INFO: Debug: VAO Bone Weights bound to location 4.
INFO: Loaded 1 meshes.
INFO: INFO: Model loaded successfully.
INFO: DEBUG: Bounding Box Center: (0.000000, 0.951575, -0.027487)
INFO: DEBUG: Bounding Box Radius: 1.240418
INFO: DEBUG: Adjusted Camera Position: (0.000000, 0.951575, 7.459095)
INFO: INFO: Attempting to load animation: rig.001|Idle from file: Character Template F9.fbx
INFO: Loading animation from: Character Template F9.fbx
INFO: INFO: Successfully found animations in file.
INFO: DEBUG: Animation Duration: 120.000000
INFO: INFO: Checking for missing bones in animation...
INFO: INFO: Successfully loaded animation: rig.001|Idle
INFO: Switched to animation: rig.001|Idle
INFO: INFO: Set current animation to rig.001|Idle.
INFO: DEBUG: Depth testing and blending enabled.
INFO: Debug: Animation time updated to: 0.632303
INFO: DEBUG: Keyframe 0.000000 - Bone DEF-breast.L Transform:
INFO: 1.000000 0.000000 0.000000 0.000000
INFO: 0.000000 1.000000 -0.000000 0.000000
INFO: 0.000000 0.000000 1.000000 0.000000
INFO: -0.000000 0.000000 0.000000 1.000000
INFO: DEBUG: Keyframe 1.000000 - Bone DEF-breast.L Transform:
INFO: 1.000000 0.000000 0.000000 0.000000
INFO: 0.000000 1.000000 -0.000000 0.000000
INFO: 0.000000 0.000000 1.000000 0.000000
INFO: -0.000000 0.000000 -0.000000 1.000000
INFO: DEBUG: Keyframe 2.000000 - Bone DEF-breast.L Transform:
INFO: 1.000000 0.000000 0.000000 0.000000
INFO: 0.000000 1.000000 -0.000000 0.000000
INFO: 0.000000 0.000000 1.000000 0.000000
INFO: -0.000000 0.000000 -0.000000 1.000000
INFO: DEBUG: Keyframe 3.000000 - Bone DEF-breast.L Transform:
INFO: 1.000000 0.000000 0.000000 0.000000
INFO: 0.000000 1.000000 -0.000000 0.000000
INFO: 0.000000 0.000000 1.000000 0.000000
INFO: -0.000000 0.000000 -0.000000 1.000000
INFO: DEBUG: Keyframe 4.000000 - Bone DEF-breast.L Transform:
INFO: 1.000000 0.000000 0.000000 0.000000
INFO: 0.000000 1.000000 -0.000000 0.000000
INFO: 0.000000 0.000000 1.000000 0.000000
INFO: -0.000000 0.000000 0.000000 1.000000
INFO: DEBUG: Keyframe 5.000000 - Bone DEF-breast.L Transform:
INFO: 1.000000 0.000000 0.000000 0.000000
INFO: 0.000000 1.000000 -0.000000 0.000000
INFO: 0.000000 0.000000 1.000000 0.000000
INFO: -0.000000 0.000000 0.000000 1.000000
INFO: DEBUG: Keyframe 6.000000 - Bone DEF-breast.L Transform:
INFO: 1.000000 0.000000 0.000000 0.000000
INFO: 0.000000 1.000000 -0.000000 0.000000
INFO: 0.000000 0.000000 1.000000 0.000000
INFO: 0.000000 0.000000 0.000000 1.000000
INFO: DEBUG: Keyframe 7.000000 - Bone DEF-breast.L Transform:
INFO: 1.000000 0.000000 0.000000 0.000000
INFO: 0.000000 1.000000 -0.000000 0.000000
INFO: 0.000000 0.000000 1.000000 0.000000
INFO: -0.000000 0.000000 -0.000000 1.000000
INFO: DEBUG: Keyframe 8.000000 - Bone DEF-breast.L Transform:
INFO: 1.000000 0.000000 0.000000 0.000000
INFO: 0.000000 1.000000 -0.000000 0.000000
INFO: 0.000000 0.000000 1.000000 0.000000
INFO: -0.000000 0.000000 0.000000 1.000000
INFO: DEBUG: Keyframe 9.000000 - Bone DEF-breast.L Transform:
INFO: 1.000000 0.000000 0.000000 0.000000
INFO: 0.000000 1.000000 -0.000000 0.000000
INFO: 0.000000 0.000000 1.000000 0.000000
INFO: -0.000000 0.000000 -0.000000 1.000000
INFO: DEBUG: Keyframe 10.000000 - Bone DEF-breast.L Transform:
INFO: 1.000000 0.000000 0.000000 0.000000
INFO: 0.000000 1.000000 -0.000000 0.000000
INFO: 0.000000 0.000000 1.000000 0.000000
INFO: -0.000000 0.000000 0.000000 1.000000
INFO: DEBUG: Keyframe 11.000000 - Bone DEF-breast.L Transform:
INFO: 1.000000 0.000000 0.000000 0.000000
INFO: 0.000000 1.000000 -0.000000 0.000000
INFO: 0.000000 0.000000 1.000000 0.000000
INFO: 0.000000 0.000000 0.000000 1.000000
INFO: DEBUG: Keyframe 12.000000 - Bone DEF-breast.L Transform:
INFO: 1.000000 0.000000 0.000000 0.000000
INFO: 0.000000 1.000000 -0.000000 0.000000
INFO: 0.000000 0.000000 1.000000 0.000000
INFO: 0.000000 0.000000 0.000000 1.000000
INFO: DEBUG: Keyframe 13.000000 - Bone DEF-breast.L Transform:
INFO: 1.000000 0.000000 0.000000 0.000000
INFO: 0.000000 1.000000 -0.000000 0.000000
INFO: 0.000000 0.000000 1.000000 0.000000
INFO: 0.000000 0.000000 -0.000000 1.000000
INFO: DEBUG: Keyframe 14.000000 - Bone DEF-breast.L Transform:
INFO: 1.000000 0.000000 0.000000 0.000000
INFO: 0.000000 1.000000 -0.000000 0.000000
INFO: 0.000000 0.000000 1.000000 0.000000
INFO: 0.000000 0.000000 -0.000000 1.000000
INFO: DEBUG: Keyframe 15.000000 - Bone DEF-breast.L Transform:
INFO: 1.000000 0.000000 0.000000 0.000000
INFO: 0.000000 1.000000 -0.000000 0.000000
INFO: 0.000000 0.000000 1.000000 0.000000
INFO: 0.000000 0.000000 -0.000000 1.000000
INFO: DEBUG: Keyframe 16.000000 - Bone DEF-breast.L Transform:
INFO: 1.000000 0.000000 0.000000 0.000000
INFO: 0.000000 1.000000 -0.000000 0.000000
INFO: 0.000000 0.000000 1.000000 0.000000
INFO: -0.000000 0.000000 0.000000 1.000000
INFO: DEBUG: Keyframe 17.000000 - Bone DEF-breast.L Transform:
INFO: 1.000000 0.000000 0.000000 0.000000
INFO: 0.000000 1.000000 -0.000000 0.000000
INFO: 0.000000 0.000000 1.000000 0.000000
INFO: -0.000000 0.000000 -0.000000 1.000000
INFO: DEBUG: Keyframe 18.000000 - Bone DEF-breast.L Transform:
INFO: 1.000000 0.000000 0.000000 0.000000
INFO: 0.000000 1.000000 -0.000000 0.000000
INFO: 0.000000 0.000000 1.000000 0.000000
INFO: 0.000000 0.000000 0.000000 1.000000
INFO: DEBUG: Keyframe 0.000000 - Bone DEF-shoulder.L Transform:
INFO: 1.000000 -0.000000 0.000000 0.000000
INFO: 0.000000 1.000000 0.000000 0.000000
INFO: -0.000000 -0.000000 1.000000 0.000000
INFO: 0.000000 -0.000000 -0.000000 1.000000
INFO: DEBUG: Keyframe 1.000000 - Bone DEF-shoulder.L Transform:
INFO: 1.000000 -0.000000 0.000000 0.000000
INFO: 0.000000 1.000000 0.000000 0.000000
INFO: -0.000000 -0.000000 1.000000 0.000000
INFO: 0.000000 0.000000 -0.000000 1.000000
INFO: DEBUG: Keyframe 2.000000 - Bone DEF-shoulder.L Transform:
INFO: 1.000000 -0.000000 0.000000 0.000000
INFO: 0.000000 1.000000 0.000000 0.000000
INFO: -0.000000 -0.000000 1.000000 0.000000
INFO: -0.000000 0.000000 -0.000000 1.000000
INFO: DEBUG: Keyframe 3.000000 - Bone DEF-shoulder.L Transform:
INFO: 1.000000 -0.000000 0.000000 0.000000
INFO: 0.000000 1.000000 0.000000 0.000000
INFO: -0.000000 -0.000000 1.000000 0.000000
INFO: 0.000000 -0.000000 0.000000 1.000000
INFO: DEBUG: Keyframe 4.000000 - Bone DEF-shoulder.L Transform:
INFO: 1.000000 -0.000000 0.000000 0.000000
INFO: 0.000000 1.000000 0.000000 0.000000
INFO: -0.000000 -0.000000 1.000000 0.000000
INFO: -0.000000 -0.000000 -0.000000 1.000000
INFO: DEBUG: Keyframe 5.000000 - Bone DEF-shoulder.L Transform:
INFO: 1.000000 -0.000000 0.000000 0.000000
INFO: 0.000000 1.000000 0.000000 0.000000
INFO: -0.000000 -0.000000 1.000000 0.000000
INFO: -0.000000 0.000000 -0.000000 1.000000
INFO: DEBUG: Keyframe 6.000000 - Bone DEF-shoulder.L Transform:
INFO: 1.000000 -0.000000 0.000000 0.000000
INFO: 0.000000 1.000000 0.000000 0.000000
INFO: -0.000000 -0.000000 1.000000 0.000000
INFO: -0.000000 -0.000000 0.000000 1.000000
INFO: DEBUG: Keyframe 7.000000 - Bone DEF-shoulder.L Transform:
INFO: 1.000000 -0.000000 0.000000 0.000000
INFO: 0.000000 1.000000 0.000000 0.000000
INFO: -0.000000 -0.000000 1.000000 0.000000
INFO: 0.000000 -0.000000 0.000000 1.000000
INFO: DEBUG: Keyframe 8.000000 - Bone DEF-shoulder.L Transform:
INFO: 1.000000 -0.000000 0.000000 0.000000
INFO: 0.000000 1.000000 0.000000 0.000000
INFO: -0.000000 -0.000000 1.000000 0.000000
INFO: 0.000000 -0.000000 0.000000 1.000000
INFO: DEBUG: Keyframe 9.000000 - Bone DEF-shoulder.L Transform:
INFO: 1.000000 -0.000000 0.000000 0.000000
INFO: 0.000000 1.000000 0.000000 0.000000
INFO: -0.000000 -0.000000 1.000000 0.000000
INFO: -0.000000 0.000000 -0.000000 1.000000
INFO: DEBUG: Keyframe 10.000000 - Bone DEF-shoulder.L Transform:
INFO: 1.000000 -0.000000 0.000000 0.000000
INFO: 0.000000 1.000000 0.000000 0.000000
INFO: -0.000000 -0.000000 1.000000 0.000000
INFO: -0.000000 0.000000 0.000000 1.000000
INFO: DEBUG: Keyframe 11.000000 - Bone DEF-shoulder.L Transform:
INFO: 1.000000 -0.000000 0.000000 0.000000
INFO: 0.000000 1.000000 0.000000 0.000000
INFO: -0.000000 -0.000000 1.000000 0.000000
INFO: 0.000000 -0.000000 -0.000000 1.000000
INFO: DEBUG: Keyframe 12.000000 - Bone DEF-shoulder.L Transform:
INFO: 1.000000 -0.000000 0.000000 0.000000
INFO: 0.000000 1.000000 0.000000 0.000000
INFO: -0.000000 -0.000000 1.000000 0.000000
INFO: 0.000000 -0.000000 -0.000000 1.000000
INFO: DEBUG: Keyframe 13.000000 - Bone DEF-shoulder.L Transform:
INFO: 1.000000 -0.000000 0.000000 0.000000
INFO: 0.000000 1.000000 0.000000 0.000000
INFO: -0.000000 -0.000000 1.000000 0.000000
INFO: 0.000000 0.000000 -0.000000 1.000000
INFO: DEBUG: Keyframe 14.000000 - Bone DEF-shoulder.L Transform:
INFO: 1.000000 -0.000000 0.000000 0.000000
INFO: 0.000000 1.000000 0.000000 0.000000
INFO: -0.000000 -0.000000 1.000000 0.000000
INFO: 0.000000 -0.000000 0.000000 1.000000
INFO: DEBUG: Keyframe 15.000000 - Bone DEF-shoulder.L Transform:
INFO: 1.000000 -0.000000 0.000000 0.000000
INFO: 0.000000 1.000000 0.000000 0.000000
INFO: -0.000000 -0.000000 1.000000 0.000000
INFO: -0.000000 0.000000 -0.000000 1.000000
INFO: DEBUG: Keyframe 16.000000 - Bone DEF-shoulder.L Transform:
INFO: 1.000000 -0.000000 0.000000 0.000000
INFO: 0.000000 1.000000 0.000000 0.000000
INFO: -0.000000 -0.000000 1.000000 0.000000
INFO: 0.000000 0.000000 0.000000 1.000000
INFO: DEBUG: Keyframe 17.000000 - Bone DEF-shoulder.L Transform:
INFO: 1.000000 -0.000000 0.000000 0.000000
INFO: 0.000000 1.000000 0.000000 0.000000
INFO: -0.000000 -0.000000 1.000000 0.000000
INFO: 0.000000 0.000000 -0.000000 1.000000
INFO: DEBUG: Keyframe 18.000000 - Bone DEF-shoulder.L Transform:
INFO: 1.000000 -0.000000 0.000000 0.000000
INFO: 0.000000 1.000000 0.000000 0.000000
INFO: -0.000000 -0.000000 1.000000 0.000000
INFO: -0.000000 -0.000000 -0.000000 1.000000
INFO: DEBUG: Bone DEF-breast.L Transform:
INFO: 1.000000 0.000000 0.000000 0.000000
INFO: 0.000000 1.000000 -0.000000 0.000000
INFO: 0.000000 0.000000 1.000000 0.000000
INFO: 0.000000 0.000000 0.000000 1.000000
INFO: DEBUG: Bone DEF-breast.R Transform:
INFO: 1.000000 0.000000 0.000000 0.000000
INFO: 0.000000 1.000000 -0.000000 0.000000
INFO: 0.000000 0.000000 1.000000 0.000000
INFO: 0.000000 0.000000 0.000000 1.000000
INFO: DEBUG: Bone DEF-foot.L Transform:
INFO: 0.999688 0.024962 -0.000475 0.000000
INFO: 0.003967 -0.177573 -0.984100 0.000000
INFO: -0.024649 0.983791 -0.177617 0.000000
INFO: -0.000000 0.225344 0.000000 1.000000
INFO: DEBUG: Bone DEF-foot.R Transform:
INFO: 0.998791 0.003047 -0.049071 0.000000
INFO: -0.047573 -0.192082 -0.980225 0.000000
INFO: -0.012412 0.981374 -0.191705 0.000000
INFO: -0.000000 0.225344 0.000000 1.000000
INFO: DEBUG: Bone DEF-forearm.L Transform:
INFO: 0.975042 0.014465 -0.221550 0.000000
INFO: 0.098842 0.865251 0.491498 0.000000
INFO: 0.198806 -0.501129 0.842227 0.000000
INFO: 0.000000 0.127096 -0.000000 1.000000
INFO: DEBUG: Bone DEF-forearm.L.001 Transform:
INFO: 0.991042 -0.000000 0.133549 0.000000
INFO: 0.000000 1.000000 -0.000000 0.000000
INFO: -0.133549 0.000000 0.991042 0.000000
INFO: -0.000000 0.112188 0.000000 1.000000
INFO: DEBUG: Bone DEF-forearm.R Transform:
INFO: 0.974077 -0.013062 0.225840 0.000000
INFO: -0.101473 0.867030 0.487814 0.000000
INFO: -0.202181 -0.498085 0.843228 0.000000
INFO: -0.000000 0.127096 -0.000000 1.000000
INFO: DEBUG: Bone DEF-forearm.R.001 Transform:
INFO: 0.982733 0.000000 -0.185027 0.000000
INFO: -0.000000 1.000000 -0.000000 0.000000
INFO: 0.185027 0.000000 0.982733 0.000000
INFO: -0.000000 0.112189 -0.000000 1.000000
INFO: DEBUG: Bone DEF-hand.L Transform:
INFO: 0.987770 -0.091930 0.125932 0.000000
INFO: 0.070072 0.983265 0.168164 0.000000
INFO: -0.139283 -0.157283 0.977682 0.000000
INFO: -0.000000 0.112189 -0.000000 1.000000
INFO: DEBUG: Bone DEF-hand.R Transform:
INFO: 0.982542 -0.016487 -0.185309 0.000000
INFO: 0.027064 0.998136 0.054695 0.000000
INFO: 0.184062 -0.058755 0.981157 0.000000
INFO: -0.000000 0.112189 0.000000 1.000000
INFO: DEBUG: Bone DEF-pelvis.L Transform:
INFO: 1.000000 0.000000 -0.000001 0.000000
INFO: -0.000000 1.000000 0.000000 0.000000
INFO: 0.000001 -0.000000 1.000000 0.000000
INFO: 0.000000 -0.000000 -0.000000 1.000000
INFO: DEBUG: Bone DEF-pelvis.R Transform:
INFO: 1.000000 -0.000000 0.000001 0.000000
INFO: 0.000000 1.000000 0.000000 0.000000
INFO: -0.000001 -0.000000 1.000000 0.000000
INFO: -0.000000 -0.000000 -0.000000 1.000000
INFO: DEBUG: Bone DEF-shin.L Transform:
INFO: 0.998993 0.044665 -0.004160 0.000000
INFO: -0.032255 0.779661 0.625371 0.000000
INFO: 0.031175 -0.624607 0.780317 0.000000
INFO: 0.000000 0.248097 -0.000000 1.000000
INFO: DEBUG: Bone DEF-shin.L.001 Transform:
INFO: 0.999751 -0.000000 0.022327 0.000000
INFO: 0.000000 1.000000 -0.000000 0.000000
INFO: -0.022327 0.000000 0.999751 0.000000
INFO: -0.000000 0.225344 0.000000 1.000000
INFO: DEBUG: Bone DEF-shin.R Transform:
INFO: 0.998748 -0.049552 0.006847 0.000000
INFO: 0.034633 0.783732 0.620133 0.000000
INFO: -0.036095 -0.619120 0.784467 0.000000
INFO: -0.000000 0.248097 0.000000 1.000000
INFO: DEBUG: Bone DEF-shin.R.001 Transform:
INFO: 0.999718 -0.000000 -0.023740 0.000000
INFO: 0.000000 1.000000 -0.000000 0.000000
INFO: 0.023740 0.000000 0.999718 0.000000
INFO: 0.000000 0.225344 0.000000 1.000000
INFO: DEBUG: Bone DEF-shoulder.L Transform:
INFO: 1.000000 -0.000000 0.000000 0.000000
INFO: 0.000000 1.000000 0.000000 0.000000
INFO: -0.000000 -0.000000 1.000000 0.000000
INFO: -0.000000 -0.000000 -0.000000 1.000000
INFO: DEBUG: Bone DEF-shoulder.R Transform:
INFO: 1.000000 -0.000000 0.000000 0.000000
INFO: 0.000000 1.000000 -0.000000 0.000000
INFO: -0.000000 0.000000 1.000000 0.000000
INFO: -0.000000 0.000000 0.000000 1.000000
INFO: DEBUG: Bone DEF-spine Transform:
INFO: 1.000000 -0.000000 -0.000000 0.000000
INFO: 0.000000 -0.046097 0.998937 0.000000
INFO: -0.000000 -0.998937 -0.046097 0.000000
INFO: -0.018807 0.105243 0.885662 1.000000
INFO: DEBUG: Bone DEF-spine.001 Transform:
INFO: 1.000000 -0.000000 -0.000000 0.000000
INFO: 0.000000 0.976260 0.216603 0.000000
INFO: 0.000000 -0.216603 0.976260 0.000000
INFO: 0.000000 0.131534 0.000000 1.000000
INFO: DEBUG: Bone DEF-spine.002 Transform:
INFO: 1.000000 -0.000000 0.000000 0.000000
INFO: 0.000000 0.948980 -0.315336 0.000000
INFO: -0.000000 0.315336 0.948980 0.000000
INFO: -0.000000 0.134855 -0.000000 1.000000
INFO: DEBUG: Bone DEF-spine.003 Transform:
INFO: 1.000000 0.000000 0.000000 0.000000
INFO: -0.000000 0.985757 0.168178 0.000000
INFO: -0.000000 -0.168178 0.985757 0.000000
INFO: 0.000000 0.160799 0.000000 1.000000
INFO: DEBUG: Bone DEF-spine.004 Transform:
INFO: 1.000000 -0.000000 0.000000 0.000000
INFO: 0.000000 0.989361 0.145483 0.000000
INFO: -0.000000 -0.145483 0.989361 0.000000
INFO: 0.000000 0.166303 -0.000000 1.000000
INFO: DEBUG: Bone DEF-spine.005 Transform:
INFO: 1.000000 -0.000000 -0.000000 0.000000
INFO: 0.000000 0.998264 0.058890 0.000000
INFO: 0.000000 -0.058890 0.998264 0.000000
INFO: 0.000000 0.067270 0.000000 1.000000
INFO: DEBUG: Bone DEF-spine.006 Transform:
INFO: 1.000000 0.000000 -0.000000 0.000000
INFO: -0.000000 0.968508 -0.248982 0.000000
INFO: -0.000000 0.248982 0.968508 0.000000
INFO: -0.000000 0.058391 0.000000 1.000000
INFO: DEBUG: Bone DEF-thigh.L Transform:
INFO: 0.938699 0.022351 -0.344013 0.000000
INFO: 0.131520 -0.945640 0.297436 0.000000
INFO: -0.318664 -0.324447 -0.890611 0.000000
INFO: 0.110335 0.062989 0.043520 1.000000
INFO: DEBUG: Bone DEF-thigh.L.001 Transform:
INFO: 0.999999 -0.000000 0.001717 0.000000
INFO: 0.000000 1.000000 0.000000 0.000000
INFO: -0.001717 -0.000000 0.999999 0.000000
INFO: -0.000000 0.248097 -0.000000 1.000000
INFO: DEBUG: Bone DEF-thigh.R Transform:
INFO: 0.942512 0.018489 0.333661 0.000000
INFO: -0.086418 -0.951019 0.296808 0.000000
INFO: 0.322805 -0.308580 -0.894749 0.000000
INFO: -0.108006 0.062800 0.043526 1.000000
INFO: DEBUG: Bone DEF-thigh.R.001 Transform:
INFO: 0.999965 -0.000000 0.008408 0.000000
INFO: 0.000000 1.000000 -0.000000 0.000000
INFO: -0.008408 0.000000 0.999965 0.000000
INFO: -0.000000 0.248097 0.000000 1.000000
INFO: DEBUG: Bone DEF-toe.L Transform:
INFO: -0.933868 -0.345908 0.090768 0.000000
INFO: -0.357155 0.915031 -0.187504 0.000000
INFO: -0.018196 -0.207522 -0.978061 0.000000
INFO: 0.000000 0.127349 -0.000000 1.000000
INFO: DEBUG: Bone DEF-toe.R Transform:
INFO: -0.927944 0.361875 -0.089251 0.000000
INFO: 0.372438 0.909555 -0.184389 0.000000
INFO: 0.014453 -0.204343 -0.978793 0.000000
INFO: 0.000000 0.127349 -0.000000 1.000000
INFO: DEBUG: Bone DEF-upper_arm.L Transform:
INFO: 0.688695 -0.721883 -0.067706 0.000000
INFO: -0.127080 -0.028245 -0.991490 0.000000
INFO: 0.713827 0.691439 -0.111189 0.000000
INFO: 0.002548 0.192140 0.023988 1.000000
INFO: DEBUG: Bone DEF-upper_arm.L.001 Transform:
INFO: 0.976361 0.000000 -0.216145 0.000000
INFO: 0.000000 1.000000 0.000000 0.000000
INFO: 0.216145 -0.000000 0.976361 0.000000
INFO: -0.000000 0.127096 0.000000 1.000000
INFO: DEBUG: Bone DEF-upper_arm.R Transform:
INFO: 0.603504 0.797352 -0.003636 0.000000
INFO: -0.002035 -0.003020 -0.999993 0.000000
INFO: -0.797358 0.603507 -0.000200 0.000000
INFO: 0.003639 0.191858 0.027989 1.000000
INFO: DEBUG: Bone DEF-upper_arm.R.001 Transform:
INFO: 0.975574 -0.000000 0.219672 0.000000
INFO: 0.000000 1.000000 0.000000 0.000000
INFO: -0.219672 0.000000 0.975574 0.000000
INFO: 0.000000 0.127096 -0.000000 1.000000
INFO: DEBUG: Bone MCH-spine Transform:
INFO: 1.000000 0.000000 0.000000 0.000000
INFO: 0.000000 -0.261193 -0.965287 0.000000
INFO: -0.000000 0.965287 -0.261193 0.000000
INFO: -0.000000 -0.134855 -0.000000 1.000000
INFO: DEBUG: Bone MCH-spine.001 Transform:
INFO: 1.000000 0.000000 -0.000000 0.000000
INFO: 0.000000 1.000000 0.000000 0.000000
INFO: 0.000000 -0.000000 1.000000 0.000000
INFO: 0.000000 -0.038255 0.195872 1.000000
INFO: DEBUG: Bone MCH-spine.002 Transform:
INFO: 1.000000 -0.000000 -0.000000 0.000000
INFO: 0.000000 0.998207 0.059849 0.000000
INFO: 0.000000 -0.059849 0.998207 0.000000
INFO: 0.000000 -0.038255 0.195872 1.000000
INFO: DEBUG: Bone MCH-spine.003 Transform:
INFO: 1.000000 0.000000 0.000000 0.000000
INFO: 0.000000 0.175186 -0.984536 0.000000
INFO: -0.000000 0.984536 0.175186 0.000000
INFO: 0.000000 0.160799 -0.000000 1.000000
INFO: DEBUG: Bone MCH-torso.parent Transform:
INFO: 1.000000 0.000000 0.000000 0.000000
INFO: 0.000000 1.000000 0.000000 0.000000
INFO: 0.000000 0.000000 1.000000 0.000000
INFO: -0.001236 0.102212 1.037471 1.000000
INFO: DEBUG: Bone ORG-breast.L Transform:
INFO: -1.000000 0.000000 0.000000 0.000000
INFO: -0.000000 -0.007269 0.999974 0.000000
INFO: 0.000000 0.999974 0.007269 0.000000
INFO: 0.076899 -0.005577 -0.008418 1.000000
INFO: DEBUG: Bone ORG-breast.R Transform:
INFO: -1.000000 -0.000000 0.000000 0.000000
INFO: 0.000000 -0.007269 0.999974 0.000000
INFO: -0.000000 0.999974 0.007269 0.000000
INFO: -0.074426 -0.005577 -0.008418 1.000000
INFO: DEBUG: Bone ORG-pelvis.L Transform:
INFO: -0.421772 -0.236743 0.875249 0.000000
INFO: 0.536322 0.713188 0.451355 0.000000
INFO: -0.731072 0.659784 -0.173833 0.000000
INFO: 0.000000 0.000372 0.008063 1.000000
INFO: DEBUG: Bone ORG-pelvis.R Transform:
INFO: -0.421772 0.236743 -0.875249 0.000000
INFO: -0.536322 0.713188 0.451355 0.000000
INFO: 0.731072 0.659784 -0.173833 0.000000
INFO: 0.000000 0.000372 0.008063 1.000000
INFO: DEBUG: Bone ORG-shoulder.L Transform:
INFO: -0.334502 -0.040668 0.941517 0.000000
INFO: 0.939382 0.065438 0.336570 0.000000
INFO: -0.075299 0.997028 0.016314 0.000000
INFO: 0.016914 0.129204 -0.049088 1.000000
INFO: DEBUG: Bone ORG-shoulder.R Transform:
INFO: -0.339870 0.042851 -0.939496 0.000000
INFO: -0.937303 0.066515 0.342110 0.000000
INFO: 0.077150 0.996865 0.017558 0.000000
INFO: -0.016914 0.129204 -0.049088 1.000000
INFO: DEBUG: Bone ORG-spine Transform:
INFO: 1.000000 0.000000 0.000000 0.000000
INFO: 0.000000 1.000000 -0.000000 0.000000
INFO: 0.000000 0.000000 1.000000 0.000000
INFO: -0.000000 -0.000000 -0.000000 1.000000
INFO: DEBUG: Bone ORG-spine.003 Transform:
INFO: 1.000000 0.000000 0.000000 0.000000
INFO: 0.000000 1.000000 0.000000 0.000000
INFO: 0.000000 -0.000000 1.000000 0.000000
INFO: 0.000000 0.000000 -0.000000 1.000000
INFO: DEBUG: Bone root Transform:
INFO: 1.000000 0.000000 0.000000 0.000000
INFO: 0.000000 -0.000000 -1.000000 0.000000
INFO: -0.000000 1.000000 -0.000000 0.000000
INFO: 0.000000 0.000000 0.000000 1.000000
INFO: DEBUG: Bone spine_fk Transform:
INFO: 1.000000 0.000000 -0.000000 0.000000
INFO: 0.000000 -0.046097 0.998937 0.000000
INFO: -0.000000 -0.998937 -0.046097 0.000000
INFO: -0.000000 -0.000000 0.000000 1.000000
INFO: DEBUG: Bone spine_fk.001 Transform:
INFO: 1.000000 0.000000 -0.000000 0.000000
INFO: 0.000000 -0.261193 0.965287 0.000000
INFO: 0.000000 -0.965287 -0.261193 0.000000
INFO: -0.000000 0.000000 -0.000000 1.000000
INFO: DEBUG: Bone spine_fk.002 Transform:
INFO: 1.000000 0.000000 -0.000000 0.000000
INFO: 0.000000 0.115948 0.993255 0.000000
INFO: 0.000000 -0.993255 0.115948 0.000000
INFO: 0.000000 0.000000 -0.000000 1.000000
INFO: DEBUG: Bone spine_fk.003 Transform:
INFO: 1.000000 0.000000 0.000000 0.000000
INFO: 0.000000 0.007269 0.999974 0.000000
INFO: 0.000000 -0.999974 0.007269 0.000000
INFO: -0.000000 0.000000 0.000000 1.000000
INFO: DEBUG: Bone torso Transform:
INFO: 1.000000 0.000000 0.000000 0.000000
INFO: 0.000000 1.000000 0.000000 0.000000
INFO: 0.000000 -0.000000 1.000000 0.000000
INFO: -0.017571 0.000000 -0.086113 1.000000
INFO: DEBUG: Bone tweak_spine Transform:
INFO: 1.000000 0.000000 0.000000 0.000000
INFO: 0.000000 1.000000 0.000000 0.000000
INFO: 0.000000 -0.000000 1.000000 0.000000
INFO: 0.000000 -0.131534 -0.000000 1.000000
INFO: DEBUG: Bone tweak_spine.003 Transform:
INFO: 1.000000 0.000000 0.000000 0.000000
INFO: 0.000000 1.000000 -0.000000 0.000000
INFO: 0.000000 0.000000 1.000000 0.000000
INFO: 0.000000 0.000000 0.000000 1.000000
INFO: DEBUG: Max Vertex Attributes: 32
INFO: DEBUG: Entering Model::Draw()
INFO: DEBUG: Bounding Box Center: (0.000000, 0.951575, -0.027487)
INFO: DEBUG: Bounding Box Radius: 1.240418
INFO: DEBUG: Model Bounding Box Center: (0.000000, 0.951575, -0.027487)
INFO: DEBUG: Model Bounding Box Radius: 1.240418
INFO: DEBUG: Sending Bone Transform to Shader - root
etc....