INFO: Bone [DEF-upper_arm.R] FINAL TRANSFORM:
INFO: mat4x4((0.995741, 0.141054, 0.053294, 0.000000), (0.102082, -0.927668, 0.427720, 0.000000), (0.170924, -0.393691, -0.869517, 0.000000), (0.271906, -0.499947, 0.079055, 1.000000))
INFO: Bone: DEF-upper_arm.R Scale: vec3(1.007093, 1.026593, 0.967236) Translation: vec3(0.271906, -0.499947, 0.079055) Skew: vec3(0.011265, 0.070141, -0.006199)
INFO: Decomposed transform for DEF-upper_arm.R: Translation(0.271906, -0.499947, 0.079055), Scale(1.00709, 1.02659, 0.967236)
INFO: Bone [DEF-upper_arm.R.001] FINAL TRANSFORM:
INFO: mat4x4((0.992890, -0.082063, 0.147210, 0.000000), (-0.155781, -0.870085, 0.522128, 0.000000), (0.145042, -0.521224, -0.804708, 0.000000), (0.199447, -0.709448, 0.199255, 1.000000))
INFO: Bone: DEF-upper_arm.R.001 Scale: vec3(1.007093, 1.026593, 0.967236) Translation: vec3(0.199447, -0.709448, 0.199255) Skew: vec3(0.011265, 0.070140, -0.006199)
INFO: Decomposed transform for DEF-upper_arm.R.001: Translation(0.199447, -0.709448, 0.199255), Scale(1.00709, 1.02659, 0.967236)
INFO: Bone [DEF-forearm.R] FINAL TRANSFORM:
INFO: mat4x4((0.886743, 0.485281, -0.209754, 0.000000), (-0.202463, 0.721973, 0.693092, 0.000000), (0.472909, -0.554938, 0.615117, 0.000000), (0.538202, -0.311559, 1.759015, 1.000000))
INFO: Bone: DEF-forearm.R Scale: vec3(1.032380, 1.020787, 0.951196) Translation: vec3(0.538202, -0.311559, 1.759015) Skew: vec3(-0.072676, 0.021410, 0.024148)
INFO: Decomposed transform for DEF-forearm.R: Translation(0.538202, -0.311559, 1.75901), Scale(1.03238, 1.02079, 0.951196)
INFO: Bone [DEF-forearm.R.001] FINAL TRANSFORM:
INFO: mat4x4((0.909943, 0.395370, -0.276393, 0.000000), (-0.082642, 0.744726, 0.693240, 0.000000), (0.464888, -0.594782, 0.588020, 0.000000), (0.555591, -0.382670, 1.706438, 1.000000))
INFO: Bone: DEF-forearm.R.001 Scale: vec3(1.029906, 1.020445, 0.953800) Translation: vec3(0.555591, -0.382670, 1.706438) Skew: vec3(-0.076430, 0.025794, 0.026296)
INFO: Decomposed transform for DEF-forearm.R.001: Translation(0.555591, -0.38267, 1.70644), Scale(1.02991, 1.02044, 0.9538)
INFO: Bone [DEF-hand.R] FINAL TRANSFORM:
INFO: mat4x4((1.010703, 0.026762, -0.036410, 0.000000), (-0.015941, 0.800217, 0.609618, 0.000000), (-0.030438, -0.642676, 0.753760, 0.000000), (0.134038, -0.569392, 1.949704, 1.000000))
INFO: Bone: DEF-hand.R Scale: vec3(1.011712, 1.005961, 0.986666) Translation: vec3(0.134038, -0.569392, 1.949704) Skew: vec3(-0.055951, -0.075542, -0.016598)
INFO: Decomposed transform for DEF-hand.R: Translation(0.134038, -0.569392, 1.9497), Scale(1.01171, 1.00596, 0.986666)
INFO: Bone [DEF-breast.L] FINAL TRANSFORM:
INFO: mat4x4((0.991563, -0.129599, -0.002596, 0.000000), (-0.129599, -0.990764, -0.039877, 0.000000), (0.002596, 0.039877, -0.999201, 0.000000), (0.006287, 0.039126, -0.175994, 1.000000))
INFO: Bone: DEF-breast.L Scale: vec3(1.000000, 1.000000, 1.000000) Translation: vec3(0.006287, 0.039126, -0.175994) Skew: vec3(-0.000000, 0.000000, -0.000000)
INFO: Decomposed transform for DEF-breast.L: Translation(0.00628678, 0.0391258, -0.175994), Scale(1, 1, 1)
INFO: Bone [DEF-breast.R] FINAL TRANSFORM:
INFO: mat4x4((0.991563, -0.129599, -0.002596, 0.000000), (-0.129599, -0.990764, -0.039877, 0.000000), (0.002596, 0.039877, -0.999201, 0.000000), (0.006287, 0.039126, -0.175994, 1.000000))
INFO: Bone: DEF-breast.R Scale: vec3(1.000000, 1.000000, 1.000000) Translation: vec3(0.006287, 0.039126, -0.175994) Skew: vec3(-0.000000, 0.000000, -0.000000)
INFO: Decomposed transform for DEF-breast.R: Translation(0.00628676, 0.0391258, -0.175994), Scale(1, 1, 1)
INFO: Bone [DEF-pelvis.L] FINAL TRANSFORM:
INFO: mat4x4((0.991563, -0.129599, -0.002596, 0.000000), (-0.129599, -0.990764, -0.039876, 0.000000), (0.002596, 0.039876, -0.999201, 0.000000), (0.006287, 0.039125, -0.175993, 1.000000))
INFO: Bone: DEF-pelvis.L Scale: vec3(1.000000, 1.000000, 0.999999) Translation: vec3(0.006287, 0.039125, -0.175993) Skew: vec3(-0.000000, 0.000000, -0.000000)
INFO: Decomposed transform for DEF-pelvis.L: Translation(0.00628664, 0.039125, -0.175993), Scale(1, 1, 0.999999)
INFO: Bone [DEF-thigh.L] FINAL TRANSFORM:
INFO: mat4x4((0.987220, -0.079853, 0.236598, 0.000000), (-0.164931, -0.933741, 0.371673, 0.000000), (0.171759, -0.372495, -0.872679, 0.000000), (0.160593, -0.344060, -0.024897, 1.000000))
INFO: Bone: DEF-thigh.L Scale: vec3(1.018311, 1.018438, 0.964236) Translation: vec3(0.160593, -0.344060, -0.024897) Skew: vec3(-0.004957, -0.007298, -0.000313)
INFO: Decomposed transform for DEF-thigh.L: Translation(0.160593, -0.34406, -0.0248965), Scale(1.01831, 1.01844, 0.964236)
INFO: Bone [DEF-thigh.L.001] FINAL TRANSFORM:
INFO: mat4x4((0.976505, -0.129135, 0.258304, 0.000000), (-0.217203, -0.929442, 0.355210, 0.000000), (0.174837, -0.369408, -0.873380, 0.000000), (0.157682, -0.336465, -0.029491, 1.000000))
INFO: Bone: DEF-thigh.L.001 Scale: vec3(1.018311, 1.018437, 0.964236) Translation: vec3(0.157682, -0.336465, -0.029491) Skew: vec3(-0.004957, -0.007297, -0.000313)
INFO: Decomposed transform for DEF-thigh.L.001: Translation(0.157682, -0.336465, -0.0294911), Scale(1.01831, 1.01844, 0.964236)
INFO: Bone [DEF-shin.L] FINAL TRANSFORM:
INFO: mat4x4((1.022851, -0.040656, 0.171121, 0.000000), (0.030174, -0.901255, -0.513725, 0.000000), (0.128779, 0.486397, -0.782809, 0.000000), (0.156764, 0.069360, -0.069286, 1.000000))
INFO: Bone: DEF-shin.L Scale: vec3(1.037863, 1.037640, 0.929790) Translation: vec3(0.156764, 0.069360, -0.069286) Skew: vec3(-0.033946, -0.022807, -0.018947)
INFO: Decomposed transform for DEF-shin.L: Translation(0.156764, 0.06936, -0.0692858), Scale(1.03786, 1.03764, 0.92979)
INFO: Bone [DEF-shin.L.001] FINAL TRANSFORM:
INFO: mat4x4((1.019698, 0.002906, 0.198785, 0.000000), (0.080583, -0.904134, -0.501368, 0.000000), (0.132066, 0.482730, -0.784284, 0.000000), (0.164135, 0.062293, -0.071835, 1.000000))
INFO: Bone: DEF-shin.L.001 Scale: vec3(1.038897, 1.036796, 0.929621) Translation: vec3(0.164135, 0.062293, -0.071835) Skew: vec3(-0.034203, -0.020536, -0.018681)
INFO: Decomposed transform for DEF-shin.L.001: Translation(0.164135, 0.0622926, -0.0718354), Scale(1.0389, 1.0368, 0.929621)
INFO: Bone [DEF-foot.L] FINAL TRANSFORM:
INFO: mat4x4((1.000893, 0.019050, 0.037003, 0.000000), (0.027320, -1.016360, 0.005054, 0.000000), (-0.023598, 0.010369, -0.985926, 0.000000), (0.146326, 0.004038, 0.000791, 1.000000))
INFO: Bone: DEF-foot.L Scale: vec3(1.001758, 1.016707, 0.984328) Translation: vec3(0.146326, 0.004038, 0.000791) Skew: vec3(-0.015666, -0.060751, 0.008021)
INFO: Decomposed transform for DEF-foot.L: Translation(0.146326, 0.0040385, 0.000790752), Scale(1.00176, 1.01671, 0.984328)
INFO: Bone [DEF-toe.L] FINAL TRANSFORM:
INFO: mat4x4((1.000893, 0.019098, 0.037032, 0.000000), (0.027364, -1.016357, 0.004889, 0.000000), (-0.023573, 0.010541, -0.985926, 0.000000), (0.146328, 0.004036, 0.000780, 1.000000))
INFO: Bone: DEF-toe.L Scale: vec3(1.001760, 1.016705, 0.984329) Translation: vec3(0.146328, 0.004036, 0.000780) Skew: vec3(-0.015680, -0.060750, 0.008011)
INFO: Decomposed transform for DEF-toe.L: Translation(0.146328, 0.00403637, 0.000780355), Scale(1.00176, 1.0167, 0.984329)
INFO: Bone [DEF-pelvis.R] FINAL TRANSFORM:
INFO: mat4x4((0.991563, -0.129599, -0.002595, 0.000000), (-0.129599, -0.990765, -0.039876, 0.000000), (0.002596, 0.039876, -0.999201, 0.000000), (0.006287, 0.039125, -0.175994, 1.000000))
INFO: Bone: DEF-pelvis.R Scale: vec3(1.000000, 1.000000, 1.000000) Translation: vec3(0.006287, 0.039125, -0.175994) Skew: vec3(-0.000000, -0.000000, -0.000000)
INFO: Decomposed transform for DEF-pelvis.R: Translation(0.00628696, 0.0391249, -0.175994), Scale(1, 1, 1)
INFO: Bone [DEF-thigh.R] FINAL TRANSFORM:
INFO: mat4x4((0.995837, -0.138457, -0.144313, 0.000000), (-0.123790, -1.002686, 0.105849, 0.000000), (-0.143221, -0.078984, -0.955311, 0.000000), (-0.129207, -0.074495, -0.128148, 1.000000))
INFO: Bone: DEF-thigh.R Scale: vec3(1.015720, 1.015828, 0.969183) Translation: vec3(-0.129207, -0.074495, -0.128148) Skew: vec3(-0.004261, 0.006273, 0.000270)
INFO: Decomposed transform for DEF-thigh.R: Translation(-0.129207, -0.0744945, -0.128148), Scale(1.01572, 1.01583, 0.969183)
INFO: Bone [DEF-thigh.R.001] FINAL TRANSFORM:
INFO: mat4x4((1.002737, -0.010575, -0.161535, 0.000000), (0.002207, -1.012805, 0.078279, 0.000000), (-0.148459, -0.070011, -0.955211, 0.000000), (-0.117390, -0.056611, -0.133038, 1.000000))
INFO: Bone: DEF-thigh.R.001 Scale: vec3(1.015720, 1.015828, 0.969183) Translation: vec3(-0.117390, -0.056611, -0.133038) Skew: vec3(-0.004260, 0.006272, 0.000271)
INFO: Decomposed transform for DEF-thigh.R.001: Translation(-0.11739, -0.0566106, -0.133038), Scale(1.01572, 1.01583, 0.969183)
INFO: Bone [DEF-shin.R] FINAL TRANSFORM:
INFO: mat4x4((1.030627, -0.034742, -0.093977, 0.000000), (-0.073203, -0.751566, -0.709002, 0.000000), (-0.016727, 0.662386, -0.658534, 0.000000), (-0.058748, 0.322105, -0.066850, 1.000000))
INFO: Bone: DEF-shin.R Scale: vec3(1.035486, 1.035671, 0.933501) Translation: vec3(-0.058748, 0.322105, -0.066850) Skew: vec3(-0.031081, 0.022382, 0.016128)
INFO: Decomposed transform for DEF-shin.R: Translation(-0.0587485, 0.322105, -0.06685), Scale(1.03549, 1.03567, 0.933501)
INFO: Bone [DEF-shin.R.001] FINAL TRANSFORM:
INFO: mat4x4((1.031191, -0.029017, -0.087948, 0.000000), (-0.064918, -0.751394, -0.710158, 0.000000), (-0.016182, 0.662856, -0.658120, 0.000000), (-0.057530, 0.323006, -0.066084, 1.000000))
INFO: Bone: DEF-shin.R.001 Scale: vec3(1.035341, 1.035786, 0.933527) Translation: vec3(-0.057530, 0.323006, -0.066084) Skew: vec3(-0.031027, 0.022720, 0.016148)
INFO: Decomposed transform for DEF-shin.R.001: Translation(-0.0575298, 0.323006, -0.0660843), Scale(1.03534, 1.03579, 0.933527)
INFO: Bone [DEF-foot.R] FINAL TRANSFORM:
INFO: mat4x4((1.014539, 0.015475, -0.005232, 0.000000), (0.005354, -0.982629, -0.008477, 0.000000), (0.029535, 0.024740, -1.005595, 0.000000), (-0.046749, 0.243542, 0.007931, 1.000000))
INFO: Bone: DEF-foot.R Scale: vec3(1.014671, 0.982634, 1.005600) Translation: vec3(-0.046749, 0.243542, 0.007931) Skew: vec3(-0.015475, 0.034898, -0.009759)
INFO: Decomposed transform for DEF-foot.R: Translation(-0.0467492, 0.243542, 0.00793149), Scale(1.01467, 0.982634, 1.0056)
INFO: Bone [DEF-toe.R] FINAL TRANSFORM:
INFO: mat4x4((0.999879, -0.005319, -0.018227, 0.000000), (-0.017118, -0.999600, 0.010896, 0.000000), (0.015998, 0.006155, -1.004249, 0.000000), (-0.050110, 0.239347, 0.006789, 1.000000))
INFO: Bone: DEF-toe.R Scale: vec3(1.000059, 0.999734, 1.003667) Translation: vec3(-0.050110, 0.239347, 0.006789) Skew: vec3(-0.016901, 0.034141, -0.012001)
INFO: Decomposed transform for DEF-toe.R: Translation(-0.0501099, 0.239347, 0.00678927), Scale(1.00006, 0.999734, 1.00367)
INFO: DEBUG: Max Vertex Attributes: 32
INFO: Drawing mesh with VAO: 1
INFO: Drawing mesh with VAO: 2
INFO: DEBUG: Depth testing and blending enabled.
INFO: DEBUG: Frame #59 at t=0.983333
WARNING: DEBUG: Frame 59 | animationTime = 0.983333
WARNING: DEBUG: animationTime = 0.983333
WARNING: DEBUG: Interpolating between keyframes 58 (time = 0.966667) and 59 (time = 0.983333)
WARNING: DEBUG: Lerp factor = 1.000000
WARNING: [WIGGLE-CHECK] DEF-forearm.L | Frame 58 -> 59 | Pos: vec3(0.000000, 0.129039, 0.000000) | Rot (quat): quat(0.677171, {0.694936, -0.168959, 0.173081})
WARNING: [WIGGLE-CHECK-DELTA] DEF-forearm.L | Frame 58 -> 59 | Angle Delta: 0.136428
WARNING: [WIGGLE-CHECK] DEF-forearm.R | Frame 58 -> 59 | Pos: vec3(0.000000, 0.129039, -0.000000) | Rot (quat): quat(0.481871, {0.834183, 0.134166, -0.232247})
WARNING: [WIGGLE-CHECK-DELTA] DEF-forearm.R | Frame 58 -> 59 | Angle Delta: 0.069133
WARNING: [WIGGLE-CHECK] DEF-hand.L | Frame 58 -> 59 | Pos: vec3(-0.000000, 0.113552, 0.000000) | Rot (quat): quat(0.941346, {0.067646, 0.079424, 0.320910})
WARNING: [WIGGLE-CHECK-DELTA] DEF-hand.L | Frame 58 -> 59 | Angle Delta: 0.084618
WARNING: [WIGGLE-CHECK] DEF-hand.R | Frame 58 -> 59 | Pos: vec3(-0.000000, 0.113552, -0.000000) | Rot (quat): quat(0.978703, {-0.067708, -0.060174, -0.184213})
WARNING: [WIGGLE-CHECK-DELTA] DEF-hand.R | Frame 58 -> 59 | Angle Delta: 0.086313
WARNING: [WIGGLE-CHECK] DEF-shoulder.L | Frame 58 -> 59 | Pos: vec3(0.015733, -0.017133, 0.080605) | Rot (quat): quat(-0.481240, {0.703011, 0.434185, 0.292690})
WARNING: [WIGGLE-CHECK-DELTA] DEF-shoulder.L | Frame 58 -> 59 | Angle Delta: 0.000000
WARNING: [WIGGLE-CHECK] DEF-shoulder.R | Frame 58 -> 59 | Pos: vec3(-0.015733, -0.017133, 0.080605) | Rot (quat): quat(-0.481240, {0.703011, -0.434185, -0.292690})
WARNING: [WIGGLE-CHECK-DELTA] DEF-shoulder.R | Frame 58 -> 59 | Angle Delta: 0.000000
WARNING: [WIGGLE-CHECK] DEF-upper_arm.L | Frame 58 -> 59 | Pos: vec3(0.004115, 0.189038, -0.016365) | Rot (quat): quat(-0.361173, {-0.144646, -0.641851, 0.660802})
WARNING: [WIGGLE-CHECK-DELTA] DEF-upper_arm.L | Frame 58 -> 59 | Angle Delta: 0.201855
WARNING: [WIGGLE-CHECK] DEF-upper_arm.R | Frame 58 -> 59 | Pos: vec3(-0.004115, 0.189038, -0.016365) | Rot (quat): quat(0.328251, {0.077666, -0.665102, 0.666227})
WARNING: [WIGGLE-CHECK-DELTA] DEF-upper_arm.R | Frame 58 -> 59 | Angle Delta: 0.188999
INFO: DEBUG: After Storing Bone DEF-breast.L
INFO: DEBUG: After Storing Bone DEF-breast.R
INFO: DEBUG: After Storing Bone DEF-foot.L
INFO: DEBUG: After Storing Bone DEF-foot.R
INFO: DEBUG: After Storing Bone DEF-forearm.L
INFO: DEBUG: After Storing Bone DEF-forearm.L.001
INFO: DEBUG: After Storing Bone DEF-forearm.R
INFO: DEBUG: After Storing Bone DEF-forearm.R.001
INFO: DEBUG: After Storing Bone DEF-hand.L
INFO: DEBUG: After Storing Bone DEF-hand.R
INFO: DEBUG: After Storing Bone DEF-pelvis.L
INFO: DEBUG: After Storing Bone DEF-pelvis.R
INFO: DEBUG: After Storing Bone DEF-shin.L
INFO: DEBUG: After Storing Bone DEF-shin.L.001
INFO: DEBUG: After Storing Bone DEF-shin.R
INFO: DEBUG: After Storing Bone DEF-shin.R.001
INFO: DEBUG: After Storing Bone DEF-shoulder.L
INFO: DEBUG: After Storing Bone DEF-shoulder.R
INFO: DEBUG: After Storing Bone DEF-spine
INFO: DEBUG: After Storing Bone DEF-spine.001
INFO: DEBUG: After Storing Bone DEF-spine.002
INFO: DEBUG: After Storing Bone DEF-spine.003
INFO: DEBUG: After Storing Bone DEF-spine.004
INFO: DEBUG: After Storing Bone DEF-spine.005
INFO: DEBUG: After Storing Bone DEF-spine.006
INFO: DEBUG: After Storing Bone DEF-thigh.L
INFO: DEBUG: After Storing Bone DEF-thigh.L.001
INFO: DEBUG: After Storing Bone DEF-thigh.R
INFO: DEBUG: After Storing Bone DEF-thigh.R.001
INFO: DEBUG: After Storing Bone DEF-toe.L
INFO: DEBUG: After Storing Bone DEF-toe.R
INFO: DEBUG: After Storing Bone DEF-upper_arm.L
INFO: DEBUG: After Storing Bone DEF-upper_arm.L.001
INFO: DEBUG: After Storing Bone DEF-upper_arm.R
INFO: DEBUG: After Storing Bone DEF-upper_arm.R.001
INFO: DEBUG: After Storing Bone root
INFO: DEBUG: Max Vertex Attributes: 32
INFO: Bone [DEF-spine] FINAL TRANSFORM:
INFO: mat4x4((0.991563, -0.129599, -0.002596, 0.000000), (-0.129599, -0.990764, -0.039876, 0.000000), (0.002596, 0.039876, -0.999201, 0.000000), (0.006286, 0.039125, -0.175994, 1.000000))
INFO: Bone: DEF-spine Scale: vec3(1.000000, 1.000000, 1.000000) Translation: vec3(0.006286, 0.039125, -0.175994) Skew: vec3(-0.000000, 0.000000, -0.000000)
INFO: Decomposed transform for DEF-spine: Translation(0.00628641, 0.0391251, -0.175994), Scale(1, 1, 1)
INFO: Bone [DEF-spine.001] FINAL TRANSFORM:
INFO: mat4x4((0.991563, -0.129599, -0.002596, 0.000000), (-0.129600, -0.990764, -0.039877, 0.000000), (0.002596, 0.039877, -0.999201, 0.000000), (0.006287, 0.039125, -0.175994, 1.000000))
INFO: Bone: DEF-spine.001 Scale: vec3(1.000000, 1.000000, 1.000000) Translation: vec3(0.006287, 0.039125, -0.175994) Skew: vec3(-0.000000, 0.000000, 0.000000)
INFO: Decomposed transform for DEF-spine.001: Translation(0.00628651, 0.0391253, -0.175994), Scale(1, 1, 1)
INFO: Bone [DEF-spine.002] FINAL TRANSFORM:
INFO: mat4x4((0.991563, -0.129600, -0.002596, 0.000000), (-0.129600, -0.990764, -0.039876, 0.000000), (0.002596, 0.039877, -0.999201, 0.000000), (0.006286, 0.039125, -0.175994, 1.000000))
INFO: Bone: DEF-spine.002 Scale: vec3(1.000000, 1.000000, 1.000000) Translation: vec3(0.006286, 0.039125, -0.175994) Skew: vec3(-0.000000, 0.000000, -0.000000)
INFO: Decomposed transform for DEF-spine.002: Translation(0.00628644, 0.0391253, -0.175994), Scale(1, 1, 1)
INFO: Bone [DEF-spine.003] FINAL TRANSFORM:
INFO: mat4x4((0.991563, -0.129599, -0.002596, 0.000000), (-0.129599, -0.990764, -0.039877, 0.000000), (0.002596, 0.039877, -0.999201, 0.000000), (0.006286, 0.039126, -0.175994, 1.000000))
INFO: Bone: DEF-spine.003 Scale: vec3(1.000000, 1.000000, 1.000000) Translation: vec3(0.006286, 0.039126, -0.175994) Skew: vec3(-0.000000, 0.000000, -0.000000)
INFO: Decomposed transform for DEF-spine.003: Translation(0.00628647, 0.0391258, -0.175994), Scale(1, 1, 1)
INFO: Bone [DEF-spine.004] FINAL TRANSFORM:
INFO: mat4x4((0.991563, -0.129599, -0.002596, 0.000000), (-0.129599, -0.990764, -0.039878, 0.000000), (0.002596, 0.039878, -0.999201, 0.000000), (0.006287, 0.039127, -0.175994, 1.000000))
INFO: Bone: DEF-spine.004 Scale: vec3(1.000000, 1.000000, 1.000000) Translation: vec3(0.006287, 0.039127, -0.175994) Skew: vec3(-0.000000, 0.000000, -0.000000)
INFO: Decomposed transform for DEF-spine.004: Translation(0.00628657, 0.0391271, -0.175994), Scale(1, 1, 1)
INFO: Bone [DEF-spine.005] FINAL TRANSFORM:
INFO: mat4x4((0.999535, 0.008310, 0.029340, 0.000000), (0.009424, -0.999233, -0.038010, 0.000000), (0.029002, 0.038269, -0.998846, 0.000000), (0.060502, 0.035824, -0.175266, 1.000000))
INFO: Bone: DEF-spine.005 Scale: vec3(1.000000, 1.000000, 1.000000) Translation: vec3(0.060502, 0.035824, -0.175266) Skew: vec3(-0.000000, 0.000000, 0.000000)
INFO: Decomposed transform for DEF-spine.005: Translation(0.0605016, 0.0358236, -0.175266), Scale(1, 1, 1)
INFO: Bone [DEF-spine.006] FINAL TRANSFORM:
INFO: mat4x4((0.987093, 0.155890, -0.036674, 0.000000), (0.135197, -0.933918, -0.330938, 0.000000), (-0.085841, 0.321708, -0.942939, 0.000000), (-0.105008, 0.480469, -0.116988, 1.000000))
INFO: Bone: DEF-spine.006 Scale: vec3(1.000000, 1.000000, 0.999999) Translation: vec3(-0.105008, 0.480469, -0.116988) Skew: vec3(-0.000000, -0.000000, 0.000000)
INFO: Decomposed transform for DEF-spine.006: Translation(-0.105008, 0.480469, -0.116988), Scale(1, 1, 0.999999)
INFO: Bone [DEF-shoulder.L] FINAL TRANSFORM:
INFO: mat4x4((0.991563, -0.129600, -0.002596, 0.000000), (-0.129600, -0.990764, -0.039878, 0.000000), (0.002596, 0.039878, -0.999201, 0.000000), (0.006287, 0.039127, -0.175994, 1.000000))
INFO: Bone: DEF-shoulder.L Scale: vec3(1.000000, 1.000000, 1.000000) Translation: vec3(0.006287, 0.039127, -0.175994) Skew: vec3(-0.000000, -0.000000, -0.000000)
INFO: Decomposed transform for DEF-shoulder.L: Translation(0.00628673, 0.0391273, -0.175994), Scale(1, 1, 1)
INFO: Bone [DEF-upper_arm.L] FINAL TRANSFORM:
INFO: mat4x4((0.903683, -0.439077, 0.050335, 0.000000), (-0.403913, -0.784641, 0.517172, 0.000000), (-0.233664, -0.442191, -0.835405, 0.000000), (-0.341918, -0.539564, 0.118414, 1.000000))
INFO: Bone: DEF-upper_arm.L Scale: vec3(1.005964, 1.022860, 0.971853) Translation: vec3(-0.341918, -0.539564, 0.118414) Skew: vec3(0.009674, -0.060402, 0.005384)
INFO: Decomposed transform for DEF-upper_arm.L: Translation(-0.341918, -0.539564, 0.118414), Scale(1.00596, 1.02286, 0.971853)
INFO: Bone [DEF-upper_arm.L.001] FINAL TRANSFORM:
INFO: mat4x4((0.982083, -0.194099, -0.099008, 0.000000), (-0.084733, -0.787452, 0.647313, 0.000000), (-0.250442, -0.588411, -0.734224, 0.000000), (-0.334866, -0.787409, 0.304158, 1.000000))
INFO: Bone: DEF-upper_arm.L.001 Scale: vec3(1.005964, 1.022861, 0.971853) Translation: vec3(-0.334866, -0.787409, 0.304158) Skew: vec3(0.009674, -0.060401, 0.005384)
INFO: Decomposed transform for DEF-upper_arm.L.001: Translation(-0.334866, -0.787409, 0.304158), Scale(1.00596, 1.02286, 0.971853)
INFO: Bone [DEF-forearm.L] FINAL TRANSFORM:
INFO: mat4x4((0.807522, -0.615389, 0.015968, 0.000000), (0.276845, 0.399275, 0.899948, 0.000000), (-0.561360, -0.649716, 0.438812, 0.000000), (-0.581476, -0.533263, 1.667979, 1.000000))
INFO: Bone: DEF-forearm.L Scale: vec3(1.015406, 1.022699, 0.962976) Translation: vec3(-0.581476, -0.533263, 1.667979) Skew: vec3(-0.020580, -0.047530, -0.007493)
INFO: Decomposed transform for DEF-forearm.L: Translation(-0.581476, -0.533263, 1.66798), Scale(1.01541, 1.0227, 0.962976)
INFO: Bone [DEF-forearm.L.001] FINAL TRANSFORM:
INFO: mat4x4((0.848640, -0.539437, 0.139843, 0.000000), (0.122447, 0.444035, 0.913086, 0.000000), (-0.555586, -0.687092, 0.386568, 0.000000), (-0.612739, -0.593527, 1.570145, 1.000000))
INFO: Bone: DEF-forearm.L.001 Scale: vec3(1.015253, 1.022656, 0.963161) Translation: vec3(-0.612739, -0.593527, 1.570145) Skew: vec3(-0.020825, -0.047851, -0.007635)
INFO: Decomposed transform for DEF-forearm.L.001: Translation(-0.612739, -0.593527, 1.57015), Scale(1.01525, 1.02266, 0.963161)
INFO: Bone [DEF-hand.L] FINAL TRANSFORM:
INFO: mat4x4((1.017743, -0.004173, 0.019121, 0.000000), (0.012030, 0.798687, 0.609413, 0.000000), (0.020563, -0.562812, 0.804408, 0.000000), (-0.147598, -0.644577, 1.976248, 1.000000))
INFO: Bone: DEF-hand.L Scale: vec3(1.017931, 1.004501, 0.980413) Translation: vec3(-0.147598, -0.644577, 1.976248) Skew: vec3(0.040806, 0.038736, 0.020110)
INFO: Decomposed transform for DEF-hand.L: Translation(-0.147598, -0.644577, 1.97625), Scale(1.01793, 1.0045, 0.980413)
INFO: Bone [DEF-shoulder.R] FINAL TRANSFORM:
INFO: mat4x4((0.991563, -0.129599, -0.002596, 0.000000), (-0.129599, -0.990764, -0.039878, 0.000000), (0.002596, 0.039878, -0.999201, 0.000000), (0.006286, 0.039127, -0.175994, 1.000000))
INFO: Bone: DEF-shoulder.R Scale: vec3(1.000000, 1.000000, 1.000000) Translation: vec3(0.006286, 0.039127, -0.175994) Skew: vec3(-0.000000, -0.000000, -0.000000)
INFO: Decomposed transform for DEF-shoulder.R: Translation(0.00628647, 0.0391274, -0.175994), Scale(1, 1, 1)
INFO: Bone [DEF-upper_arm.R] FINAL TRANSFORM:
INFO: mat4x4((0.995741, 0.141054, 0.053294, 0.000000), (0.102082, -0.927668, 0.427720, 0.000000), (0.170924, -0.393691, -0.869517, 0.000000), (0.271906, -0.499947, 0.079055, 1.000000))
INFO: Bone: DEF-upper_arm.R Scale: vec3(1.007093, 1.026593, 0.967236) Translation: vec3(0.271906, -0.499947, 0.079055) Skew: vec3(0.011265, 0.070141, -0.006199)
INFO: Decomposed transform for DEF-upper_arm.R: Translation(0.271906, -0.499947, 0.079055), Scale(1.00709, 1.02659, 0.967236)
INFO: Bone [DEF-upper_arm.R.001] FINAL TRANSFORM:
INFO: mat4x4((0.992890, -0.082063, 0.147210, 0.000000), (-0.155781, -0.870085, 0.522128, 0.000000), (0.145042, -0.521224, -0.804708, 0.000000), (0.199447, -0.709448, 0.199255, 1.000000))
INFO: Bone: DEF-upper_arm.R.001 Scale: vec3(1.007093, 1.026593, 0.967236) Translation: vec3(0.199447, -0.709448, 0.199255) Skew: vec3(0.011265, 0.070140, -0.006199)
INFO: Decomposed transform for DEF-upper_arm.R.001: Translation(0.199447, -0.709448, 0.199255), Scale(1.00709, 1.02659, 0.967236)
INFO: Bone [DEF-forearm.R] FINAL TRANSFORM:
INFO: mat4x4((0.886743, 0.485281, -0.209754, 0.000000), (-0.202463, 0.721973, 0.693092, 0.000000), (0.472909, -0.554938, 0.615117, 0.000000), (0.538202, -0.311559, 1.759015, 1.000000))
INFO: Bone: DEF-forearm.R Scale: vec3(1.032380, 1.020787, 0.951196) Translation: vec3(0.538202, -0.311559, 1.759015) Skew: vec3(-0.072676, 0.021410, 0.024148)
INFO: Decomposed transform for DEF-forearm.R: Translation(0.538202, -0.311559, 1.75901), Scale(1.03238, 1.02079, 0.951196)
INFO: Bone [DEF-forearm.R.001] FINAL TRANSFORM:
INFO: mat4x4((0.909943, 0.395370, -0.276393, 0.000000), (-0.082642, 0.744726, 0.693240, 0.000000), (0.464888, -0.594782, 0.588020, 0.000000), (0.555591, -0.382670, 1.706438, 1.000000))
INFO: Bone: DEF-forearm.R.001 Scale: vec3(1.029906, 1.020445, 0.953800) Translation: vec3(0.555591, -0.382670, 1.706438) Skew: vec3(-0.076430, 0.025794, 0.026296)
INFO: Decomposed transform for DEF-forearm.R.001: Translation(0.555591, -0.38267, 1.70644), Scale(1.02991, 1.02044, 0.9538)
INFO: Bone [DEF-hand.R] FINAL TRANSFORM:
INFO: mat4x4((1.010703, 0.026762, -0.036410, 0.000000), (-0.015941, 0.800217, 0.609618, 0.000000), (-0.030438, -0.642676, 0.753760, 0.000000), (0.134038, -0.569392, 1.949704, 1.000000))
INFO: Bone: DEF-hand.R Scale: vec3(1.011712, 1.005961, 0.986666) Translation: vec3(0.134038, -0.569392, 1.949704) Skew: vec3(-0.055951, -0.075542, -0.016598)
INFO: Decomposed transform for DEF-hand.R: Translation(0.134038, -0.569392, 1.9497), Scale(1.01171, 1.00596, 0.986666)
INFO: Bone [DEF-breast.L] FINAL TRANSFORM:
INFO: mat4x4((0.991563, -0.129599, -0.002596, 0.000000), (-0.129599, -0.990764, -0.039877, 0.000000), (0.002596, 0.039877, -0.999201, 0.000000), (0.006287, 0.039126, -0.175994, 1.000000))
INFO: Bone: DEF-breast.L Scale: vec3(1.000000, 1.000000, 1.000000) Translation: vec3(0.006287, 0.039126, -0.175994) Skew: vec3(-0.000000, 0.000000, -0.000000)
INFO: Decomposed transform for DEF-breast.L: Translation(0.00628678, 0.0391258, -0.175994), Scale(1, 1, 1)
INFO: Bone [DEF-breast.R] FINAL TRANSFORM:
INFO: mat4x4((0.991563, -0.129599, -0.002596, 0.000000), (-0.129599, -0.990764, -0.039877, 0.000000), (0.002596, 0.039877, -0.999201, 0.000000), (0.006287, 0.039126, -0.175994, 1.000000))
INFO: Bone: DEF-breast.R Scale: vec3(1.000000, 1.000000, 1.000000) Translation: vec3(0.006287, 0.039126, -0.175994) Skew: vec3(-0.000000, 0.000000, -0.000000)
INFO: Decomposed transform for DEF-breast.R: Translation(0.00628676, 0.0391258, -0.175994), Scale(1, 1, 1)
INFO: Bone [DEF-pelvis.L] FINAL TRANSFORM:
INFO: mat4x4((0.991563, -0.129599, -0.002596, 0.000000), (-0.129599, -0.990764, -0.039876, 0.000000), (0.002596, 0.039876, -0.999201, 0.000000), (0.006287, 0.039125, -0.175993, 1.000000))
INFO: Bone: DEF-pelvis.L Scale: vec3(1.000000, 1.000000, 0.999999) Translation: vec3(0.006287, 0.039125, -0.175993) Skew: vec3(-0.000000, 0.000000, -0.000000)
INFO: Decomposed transform for DEF-pelvis.L: Translation(0.00628664, 0.039125, -0.175993), Scale(1, 1, 0.999999)
INFO: Bone [DEF-thigh.L] FINAL TRANSFORM:
INFO: mat4x4((0.987220, -0.079853, 0.236598, 0.000000), (-0.164931, -0.933741, 0.371673, 0.000000), (0.171759, -0.372495, -0.872679, 0.000000), (0.160593, -0.344060, -0.024897, 1.000000))
INFO: Bone: DEF-thigh.L Scale: vec3(1.018311, 1.018438, 0.964236) Translation: vec3(0.160593, -0.344060, -0.024897) Skew: vec3(-0.004957, -0.007298, -0.000313)
INFO: Decomposed transform for DEF-thigh.L: Translation(0.160593, -0.34406, -0.0248965), Scale(1.01831, 1.01844, 0.964236)
INFO: Bone [DEF-thigh.L.001] FINAL TRANSFORM:
INFO: mat4x4((0.976505, -0.129135, 0.258304, 0.000000), (-0.217203, -0.929442, 0.355210, 0.000000), (0.174837, -0.369408, -0.873380, 0.000000), (0.157682, -0.336465, -0.029491, 1.000000))
INFO: Bone: DEF-thigh.L.001 Scale: vec3(1.018311, 1.018437, 0.964236) Translation: vec3(0.157682, -0.336465, -0.029491) Skew: vec3(-0.004957, -0.007297, -0.000313)
INFO: Decomposed transform for DEF-thigh.L.001: Translation(0.157682, -0.336465, -0.0294911), Scale(1.01831, 1.01844, 0.964236)
INFO: Bone [DEF-shin.L] FINAL TRANSFORM:
INFO: mat4x4((1.022851, -0.040656, 0.171121, 0.000000), (0.030174, -0.901255, -0.513725, 0.000000), (0.128779, 0.486397, -0.782809, 0.000000), (0.156764, 0.069360, -0.069286, 1.000000))
INFO: Bone: DEF-shin.L Scale: vec3(1.037863, 1.037640, 0.929790) Translation: vec3(0.156764, 0.069360, -0.069286) Skew: vec3(-0.033946, -0.022807, -0.018947)
INFO: Decomposed transform for DEF-shin.L: Translation(0.156764, 0.06936, -0.0692858), Scale(1.03786, 1.03764, 0.92979)
INFO: Bone [DEF-shin.L.001] FINAL TRANSFORM:
INFO: mat4x4((1.019698, 0.002906, 0.198785, 0.000000), (0.080583, -0.904134, -0.501368, 0.000000), (0.132066, 0.482730, -0.784284, 0.000000), (0.164135, 0.062293, -0.071835, 1.000000))
INFO: Bone: DEF-shin.L.001 Scale: vec3(1.038897, 1.036796, 0.929621) Translation: vec3(0.164135, 0.062293, -0.071835) Skew: vec3(-0.034203, -0.020536, -0.018681)
INFO: Decomposed transform for DEF-shin.L.001: Translation(0.164135, 0.0622926, -0.0718354), Scale(1.0389, 1.0368, 0.929621)
INFO: Bone [DEF-foot.L] FINAL TRANSFORM:
INFO: mat4x4((1.000893, 0.019050, 0.037003, 0.000000), (0.027320, -1.016360, 0.005054, 0.000000), (-0.023598, 0.010369, -0.985926, 0.000000), (0.146326, 0.004038, 0.000791, 1.000000))
INFO: Bone: DEF-foot.L Scale: vec3(1.001758, 1.016707, 0.984328) Translation: vec3(0.146326, 0.004038, 0.000791) Skew: vec3(-0.015666, -0.060751, 0.008021)
INFO: Decomposed transform for DEF-foot.L: Translation(0.146326, 0.0040385, 0.000790752), Scale(1.00176, 1.01671, 0.984328)
INFO: Bone [DEF-toe.L] FINAL TRANSFORM:
INFO: mat4x4((1.000893, 0.019098, 0.037032, 0.000000), (0.027364, -1.016357, 0.004889, 0.000000), (-0.023573, 0.010541, -0.985926, 0.000000), (0.146328, 0.004036, 0.000780, 1.000000))
INFO: Bone: DEF-toe.L Scale: vec3(1.001760, 1.016705, 0.984329) Translation: vec3(0.146328, 0.004036, 0.000780) Skew: vec3(-0.015680, -0.060750, 0.008011)
INFO: Decomposed transform for DEF-toe.L: Translation(0.146328, 0.00403637, 0.000780355), Scale(1.00176, 1.0167, 0.984329)
INFO: Bone [DEF-pelvis.R] FINAL TRANSFORM:
INFO: mat4x4((0.991563, -0.129599, -0.002595, 0.000000), (-0.129599, -0.990765, -0.039876, 0.000000), (0.002596, 0.039876, -0.999201, 0.000000), (0.006287, 0.039125, -0.175994, 1.000000))
INFO: Bone: DEF-pelvis.R Scale: vec3(1.000000, 1.000000, 1.000000) Translation: vec3(0.006287, 0.039125, -0.175994) Skew: vec3(-0.000000, -0.000000, -0.000000)
INFO: Decomposed transform for DEF-pelvis.R: Translation(0.00628696, 0.0391249, -0.175994), Scale(1, 1, 1)
INFO: Bone [DEF-thigh.R] FINAL TRANSFORM:
INFO: mat4x4((0.995837, -0.138457, -0.144313, 0.000000), (-0.123790, -1.002686, 0.105849, 0.000000), (-0.143221, -0.078984, -0.955311, 0.000000), (-0.129207, -0.074495, -0.128148, 1.000000))
INFO: Bone: DEF-thigh.R Scale: vec3(1.015720, 1.015828, 0.969183) Translation: vec3(-0.129207, -0.074495, -0.128148) Skew: vec3(-0.004261, 0.006273, 0.000270)
INFO: Decomposed transform for DEF-thigh.R: Translation(-0.129207, -0.0744945, -0.128148), Scale(1.01572, 1.01583, 0.969183)
INFO: Bone [DEF-thigh.R.001] FINAL TRANSFORM:
INFO: mat4x4((1.002737, -0.010575, -0.161535, 0.000000), (0.002207, -1.012805, 0.078279, 0.000000), (-0.148459, -0.070011, -0.955211, 0.000000), (-0.117390, -0.056611, -0.133038, 1.000000))
INFO: Bone: DEF-thigh.R.001 Scale: vec3(1.015720, 1.015828, 0.969183) Translation: vec3(-0.117390, -0.056611, -0.133038) Skew: vec3(-0.004260, 0.006272, 0.000271)
INFO: Decomposed transform for DEF-thigh.R.001: Translation(-0.11739, -0.0566106, -0.133038), Scale(1.01572, 1.01583, 0.969183)
INFO: Bone [DEF-shin.R] FINAL TRANSFORM:
INFO: mat4x4((1.030627, -0.034742, -0.093977, 0.000000), (-0.073203, -0.751566, -0.709002, 0.000000), (-0.016727, 0.662386, -0.658534, 0.000000), (-0.058748, 0.322105, -0.066850, 1.000000))
INFO: Bone: DEF-shin.R Scale: vec3(1.035486, 1.035671, 0.933501) Translation: vec3(-0.058748, 0.322105, -0.066850) Skew: vec3(-0.031081, 0.022382, 0.016128)
INFO: Decomposed transform for DEF-shin.R: Translation(-0.0587485, 0.322105, -0.06685), Scale(1.03549, 1.03567, 0.933501)
INFO: Bone [DEF-shin.R.001] FINAL TRANSFORM:
INFO: mat4x4((1.031191, -0.029017, -0.087948, 0.000000), (-0.064918, -0.751394, -0.710158, 0.000000), (-0.016182, 0.662856, -0.658120, 0.000000), (-0.057530, 0.323006, -0.066084, 1.000000))
INFO: Bone: DEF-shin.R.001 Scale: vec3(1.035341, 1.035786, 0.933527) Translation: vec3(-0.057530, 0.323006, -0.066084) Skew: vec3(-0.031027, 0.022720, 0.016148)
INFO: Decomposed transform for DEF-shin.R.001: Translation(-0.0575298, 0.323006, -0.0660843), Scale(1.03534, 1.03579, 0.933527)
INFO: Bone [DEF-foot.R] FINAL TRANSFORM:
INFO: mat4x4((1.014539, 0.015475, -0.005232, 0.000000), (0.005354, -0.982629, -0.008477, 0.000000), (0.029535, 0.024740, -1.005595, 0.000000), (-0.046749, 0.243542, 0.007931, 1.000000))
INFO: Bone: DEF-foot.R Scale: vec3(1.014671, 0.982634, 1.005600) Translation: vec3(-0.046749, 0.243542, 0.007931) Skew: vec3(-0.015475, 0.034898, -0.009759)
INFO: Decomposed transform for DEF-foot.R: Translation(-0.0467492, 0.243542, 0.00793149), Scale(1.01467, 0.982634, 1.0056)
INFO: Bone [DEF-toe.R] FINAL TRANSFORM:
INFO: mat4x4((0.999879, -0.005319, -0.018227, 0.000000), (-0.017118, -0.999600, 0.010896, 0.000000), (0.015998, 0.006155, -1.004249, 0.000000), (-0.050110, 0.239347, 0.006789, 1.000000))
INFO: Bone: DEF-toe.R Scale: vec3(1.000059, 0.999734, 1.003667) Translation: vec3(-0.050110, 0.239347, 0.006789) Skew: vec3(-0.016901, 0.034141, -0.012001)
INFO: Decomposed transform for DEF-toe.R: Translation(-0.0501099, 0.239347, 0.00678927), Scale(1.00006, 0.999734, 1.00367)
INFO: DEBUG: Max Vertex Attributes: 32
INFO: Drawing mesh with VAO: 1
INFO: Drawing mesh with VAO: 2
INFO: DEBUG: Depth testing and blending enabled.
INFO: DEBUG: Frame #59 at t=0.983333
WARNING: DEBUG: Frame 59 | animationTime = 0.983333
WARNING: DEBUG: animationTime = 0.983333
WARNING: DEBUG: Interpolating between keyframes 58 (time = 0.966667) and 59 (time = 0.983333)
WARNING: DEBUG: Lerp factor = 1.000000
WARNING: [WIGGLE-CHECK] DEF-forearm.L | Frame 58 -> 59 | Pos: vec3(0.000000, 0.129039, 0.000000) | Rot (quat): quat(0.677171, {0.694936, -0.168959, 0.173081})
WARNING: [WIGGLE-CHECK-DELTA] DEF-forearm.L | Frame 58 -> 59 | Angle Delta: 0.136428
WARNING: [WIGGLE-CHECK] DEF-forearm.R | Frame 58 -> 59 | Pos: vec3(0.000000, 0.129039, -0.000000) | Rot (quat): quat(0.481871, {0.834183, 0.134166, -0.232247})
WARNING: [WIGGLE-CHECK-DELTA] DEF-forearm.R | Frame 58 -> 59 | Angle Delta: 0.069133
WARNING: [WIGGLE-CHECK] DEF-hand.L | Frame 58 -> 59 | Pos: vec3(-0.000000, 0.113552, 0.000000) | Rot (quat): quat(0.941346, {0.067646, 0.079424, 0.320910})
WARNING: [WIGGLE-CHECK-DELTA] DEF-hand.L | Frame 58 -> 59 | Angle Delta: 0.084618
WARNING: [WIGGLE-CHECK] DEF-hand.R | Frame 58 -> 59 | Pos: vec3(-0.000000, 0.113552, -0.000000) | Rot (quat): quat(0.978703, {-0.067708, -0.060174, -0.184213})
WARNING: [WIGGLE-CHECK-DELTA] DEF-hand.R | Frame 58 -> 59 | Angle Delta: 0.086313
WARNING: [WIGGLE-CHECK] DEF-shoulder.L | Frame 58 -> 59 | Pos: vec3(0.015733, -0.017133, 0.080605) | Rot (quat): quat(-0.481240, {0.703011, 0.434185, 0.292690})
WARNING: [WIGGLE-CHECK-DELTA] DEF-shoulder.L | Frame 58 -> 59 | Angle Delta: 0.000000
WARNING: [WIGGLE-CHECK] DEF-shoulder.R | Frame 58 -> 59 | Pos: vec3(-0.015733, -0.017133, 0.080605) | Rot (quat): quat(-0.481240, {0.703011, -0.434185, -0.292690})
WARNING: [WIGGLE-CHECK-DELTA] DEF-shoulder.R | Frame 58 -> 59 | Angle Delta: 0.000000
WARNING: [WIGGLE-CHECK] DEF-upper_arm.L | Frame 58 -> 59 | Pos: vec3(0.004115, 0.189038, -0.016365) | Rot (quat): quat(-0.361173, {-0.144646, -0.641851, 0.660802})
WARNING: [WIGGLE-CHECK-DELTA] DEF-upper_arm.L | Frame 58 -> 59 | Angle Delta: 0.201855
WARNING: [WIGGLE-CHECK] DEF-upper_arm.R | Frame 58 -> 59 | Pos: vec3(-0.004115, 0.189038, -0.016365) | Rot (quat): quat(0.328251, {0.077666, -0.665102, 0.666227})
WARNING: [WIGGLE-CHECK-DELTA] DEF-upper_arm.R | Frame 58 -> 59 | Angle Delta: 0.188999
INFO: DEBUG: After Storing Bone DEF-breast.L
INFO: DEBUG: After Storing Bone DEF-breast.R
INFO: DEBUG: After Storing Bone DEF-foot.L
INFO: DEBUG: After Storing Bone DEF-foot.R
INFO: DEBUG: After Storing Bone DEF-forearm.L
INFO: DEBUG: After Storing Bone DEF-forearm.L.001
INFO: DEBUG: After Storing Bone DEF-forearm.R
INFO: DEBUG: After Storing Bone DEF-forearm.R.001
INFO: DEBUG: After Storing Bone DEF-hand.L
INFO: DEBUG: After Storing Bone DEF-hand.R
INFO: DEBUG: After Storing Bone DEF-pelvis.L
INFO: DEBUG: After Storing Bone DEF-pelvis.R
INFO: DEBUG: After Storing Bone DEF-shin.L
INFO: DEBUG: After Storing Bone DEF-shin.L.001
INFO: DEBUG: After Storing Bone DEF-shin.R
INFO: DEBUG: After Storing Bone DEF-shin.R.001
INFO: DEBUG: After Storing Bone DEF-shoulder.L
INFO: DEBUG: After Storing Bone DEF-shoulder.R
INFO: DEBUG: After Storing Bone DEF-spine
INFO: DEBUG: After Storing Bone DEF-spine.001
INFO: DEBUG: After Storing Bone DEF-spine.002
INFO: DEBUG: After Storing Bone DEF-spine.003
INFO: DEBUG: After Storing Bone DEF-spine.004
INFO: DEBUG: After Storing Bone DEF-spine.005
INFO: DEBUG: After Storing Bone DEF-spine.006
INFO: DEBUG: After Storing Bone DEF-thigh.L
INFO: DEBUG: After Storing Bone DEF-thigh.L.001
INFO: DEBUG: After Storing Bone DEF-thigh.R
INFO: DEBUG: After Storing Bone DEF-thigh.R.001
INFO: DEBUG: After Storing Bone DEF-toe.L
INFO: DEBUG: After Storing Bone DEF-toe.R
INFO: DEBUG: After Storing Bone DEF-upper_arm.L
INFO: DEBUG: After Storing Bone DEF-upper_arm.L.001
INFO: DEBUG: After Storing Bone DEF-upper_arm.R
INFO: DEBUG: After Storing Bone DEF-upper_arm.R.001
INFO: DEBUG: After Storing Bone root
INFO: DEBUG: Max Vertex Attributes: 32
INFO: Bone [DEF-spine] FINAL TRANSFORM:
INFO: mat4x4((0.991563, -0.129599, -0.002596, 0.000000), (-0.129599, -0.990764, -0.039876, 0.000000), (0.002596, 0.039876, -0.999201, 0.000000), (0.006286, 0.039125, -0.175994, 1.000000))
INFO: Bone: DEF-spine Scale: vec3(1.000000, 1.000000, 1.000000) Translation: vec3(0.006286, 0.039125, -0.175994) Skew: vec3(-0.000000, 0.000000, -0.000000)
INFO: Decomposed transform for DEF-spine: Translation(0.00628641, 0.0391251, -0.175994), Scale(1, 1, 1)
INFO: Bone [DEF-spine.001] FINAL TRANSFORM:
INFO: mat4x4((0.991563, -0.129599, -0.002596, 0.000000), (-0.129600, -0.990764, -0.039877, 0.000000), (0.002596, 0.039877, -0.999201, 0.000000), (0.006287, 0.039125, -0.175994, 1.000000))
INFO: Bone: DEF-spine.001 Scale: vec3(1.000000, 1.000000, 1.000000) Translation: vec3(0.006287, 0.039125, -0.175994) Skew: vec3(-0.000000, 0.000000, 0.000000)
INFO: Decomposed transform for DEF-spine.001: Translation(0.00628651, 0.0391253, -0.175994), Scale(1, 1, 1)
INFO: Bone [DEF-spine.002] FINAL TRANSFORM:
INFO: mat4x4((0.991563, -0.129600, -0.002596, 0.000000), (-0.129600, -0.990764, -0.039876, 0.000000), (0.002596, 0.039877, -0.999201, 0.000000), (0.006286, 0.039125, -0.175994, 1.000000))
INFO: Bone: DEF-spine.002 Scale: vec3(1.000000, 1.000000, 1.000000) Translation: vec3(0.006286, 0.039125, -0.175994) Skew: vec3(-0.000000, 0.000000, -0.000000)
INFO: Decomposed transform for DEF-spine.002: Translation(0.00628644, 0.0391253, -0.175994), Scale(1, 1, 1)
INFO: Bone [DEF-spine.003] FINAL TRANSFORM:
INFO: mat4x4((0.991563, -0.129599, -0.002596, 0.000000), (-0.129599, -0.990764, -0.039877, 0.000000), (0.002596, 0.039877, -0.999201, 0.000000), (0.006286, 0.039126, -0.175994, 1.000000))
INFO: Bone: DEF-spine.003 Scale: vec3(1.000000, 1.000000, 1.000000) Translation: vec3(0.006286, 0.039126, -0.175994) Skew: vec3(-0.000000, 0.000000, -0.000000)
INFO: Decomposed transform for DEF-spine.003: Translation(0.00628647, 0.0391258, -0.175994), Scale(1, 1, 1)
INFO: Bone [DEF-spine.004] FINAL TRANSFORM:
INFO: mat4x4((0.991563, -0.129599, -0.002596, 0.000000), (-0.129599, -0.990764, -0.039878, 0.000000), (0.002596, 0.039878, -0.999201, 0.000000), (0.006287, 0.039127, -0.175994, 1.000000))
INFO: Bone: DEF-spine.004 Scale: vec3(1.000000, 1.000000, 1.000000) Translation: vec3(0.006287, 0.039127, -0.175994) Skew: vec3(-0.000000, 0.000000, -0.000000)
INFO: Decomposed transform for DEF-spine.004: Translation(0.00628657, 0.0391271, -0.175994), Scale(1, 1, 1)
INFO: Bone [DEF-spine.005] FINAL TRANSFORM:
INFO: mat4x4((0.999535, 0.008310, 0.029340, 0.000000), (0.009424, -0.999233, -0.038010, 0.000000), (0.029002, 0.038269, -0.998846, 0.000000), (0.060502, 0.035824, -0.175266, 1.000000))
INFO: Bone: DEF-spine.005 Scale: vec3(1.000000, 1.000000, 1.000000) Translation: vec3(0.060502, 0.035824, -0.175266) Skew: vec3(-0.000000, 0.000000, 0.000000)
INFO: Decomposed transform for DEF-spine.005: Translation(0.0605016, 0.0358236, -0.175266), Scale(1, 1, 1)
INFO: Bone [DEF-spine.006] FINAL TRANSFORM:
INFO: mat4x4((0.987093, 0.155890, -0.036674, 0.000000), (0.135197, -0.933918, -0.330938, 0.000000), (-0.085841, 0.321708, -0.942939, 0.000000), (-0.105008, 0.480469, -0.116988, 1.000000))
