INFO: Decomposed transform for DEF-spine.002: Translation(0.000149728, -0.888878, 0.246861), Scale(1, 1, 1)
INFO: Bone [DEF-spine.003] FINAL TRANSFORM:
INFO: mat4x4((0.999952, -0.003046, -0.009320, 0.000000), (0.001551, 0.987684, -0.156454, 0.000000), (0.009681, 0.156432, 0.987641, 0.000000), (-0.003267, -0.892232, 0.230299, 1.000000))
INFO: Bone: DEF-spine.003 Scale: vec3(1.000000, 1.000000, 1.000000) Translation: vec3(-0.003267, -0.892232, 0.230299) Skew: vec3(0.000000, 0.000000, -0.000000)
INFO: Decomposed transform for DEF-spine.003: Translation(-0.00326708, -0.892232, 0.230299), Scale(1, 1, 1)
INFO: Bone [DEF-spine.004] FINAL TRANSFORM:
INFO: mat4x4((0.999471, -0.010830, -0.030724, 0.000000), (0.005613, 0.986312, -0.164855, 0.000000), (0.032086, 0.164594, 0.985850, 0.000000), (-0.008333, -0.889635, 0.243284, 1.000000))
INFO: Bone: DEF-spine.004 Scale: vec3(1.000001, 1.000010, 1.000011) Translation: vec3(-0.008333, -0.889635, 0.243284) Skew: vec3(-0.000001, -0.000003, -0.000007)
INFO: Decomposed transform for DEF-spine.004: Translation(-0.00833272, -0.889635, 0.243284), Scale(1, 1.00001, 1.00001)
INFO: Bone [DEF-spine.005] FINAL TRANSFORM:
INFO: mat4x4((0.998766, -0.007963, -0.049036, 0.000000), (-0.000230, 0.986340, -0.164772, 0.000000), (0.049678, 0.164580, 0.985121, 0.000000), (0.001680, -0.890339, 0.243004, 1.000000))
INFO: Bone: DEF-spine.005 Scale: vec3(1.000000, 1.000008, 1.000009) Translation: vec3(0.001680, -0.890339, 0.243004) Skew: vec3(-0.000000, 0.000000, -0.000004)
INFO: Decomposed transform for DEF-spine.005: Translation(0.00168018, -0.890339, 0.243004), Scale(1, 1.00001, 1.00001)
INFO: Bone [DEF-spine.006] FINAL TRANSFORM:
INFO: mat4x4((0.999156, -0.016727, -0.037546, 0.000000), (0.009931, 0.984614, -0.174563, 0.000000), (0.039885, 0.174044, 0.983949, 0.000000), (-0.015539, -0.888423, 0.259416, 1.000000))
INFO: Bone: DEF-spine.006 Scale: vec3(1.000001, 1.000018, 1.000018) Translation: vec3(-0.015539, -0.888423, 0.259416) Skew: vec3(0.000001, -0.000003, 0.000008)
INFO: Decomposed transform for DEF-spine.006: Translation(-0.015539, -0.888423, 0.259416), Scale(1, 1.00002, 1.00002)
INFO: Bone [DEF-shoulder.L] FINAL TRANSFORM:
INFO: mat4x4((0.998894, -0.014066, -0.036979, 0.000000), (0.008416, 0.985759, -0.165813, 0.000000), (0.038720, 0.165260, 0.984806, 0.000000), (-0.012615, -0.888733, 0.245380, 1.000000))
INFO: Bone: DEF-shoulder.L Scale: vec3(0.999677, 0.999643, 0.999326) Translation: vec3(-0.012615, -0.888733, 0.245380) Skew: vec3(-0.000061, -0.000064, 0.000674)
INFO: Decomposed transform for DEF-shoulder.L: Translation(-0.012615, -0.888733, 0.24538), Scale(0.999677, 0.999643, 0.999326)
INFO: Bone [DEF-upper_arm.L] FINAL TRANSFORM:
INFO: mat4x4((1.000173, -0.042222, 0.020666, 0.000000), (0.044945, 0.987724, -0.157580, 0.000000), (-0.013669, 0.158648, 0.987294, 0.000000), (-0.070014, -0.885479, 0.226862, 1.000000))
INFO: Bone: DEF-upper_arm.L Scale: vec3(1.001277, 1.001225, 1.000053) Translation: vec3(-0.070014, -0.885479, 0.226862) Skew: vec3(0.000507, 0.000033, -0.000007)
INFO: Decomposed transform for DEF-upper_arm.L: Translation(-0.0700136, -0.885479, 0.226862), Scale(1.00128, 1.00122, 1.00005)
INFO: Bone [DEF-upper_arm.L.001] FINAL TRANSFORM:
INFO: mat4x4((1.000060, -0.043584, 0.021121, 0.000000), (0.045718, 0.993475, -0.115349, 0.000000), (-0.015818, 0.116478, 0.993110, 0.000000), (-0.071504, -0.896472, 0.164565, 1.000000))
INFO: Bone: DEF-upper_arm.L.001 Scale: vec3(1.001232, 1.001193, 1.000042) Translation: vec3(-0.071504, -0.896472, 0.164565) Skew: vec3(0.000440, 0.000080, -0.000015)
INFO: Decomposed transform for DEF-upper_arm.L.001: Translation(-0.0715041, -0.896472, 0.164565), Scale(1.00123, 1.00119, 1.00004)
INFO: Bone [DEF-forearm.L] FINAL TRANSFORM:
INFO: mat4x4((0.991946, 0.119592, 0.064335, 0.000000), (-0.107643, 0.981581, -0.165093, 0.000000), (-0.082686, 0.156830, 0.984187, 0.000000), (0.154835, -0.945076, 0.219760, 1.000000))
INFO: Bone: DEF-forearm.L Scale: vec3(1.001199, 1.001172, 1.000028) Translation: vec3(0.154835, -0.945076, 0.219760) Skew: vec3(0.000359, 0.000053, -0.000008)
INFO: Decomposed transform for DEF-forearm.L: Translation(0.154835, -0.945076, 0.21976), Scale(1.0012, 1.00117, 1.00003)
INFO: Bone [DEF-forearm.L.001] FINAL TRANSFORM:
INFO: mat4x4((0.992155, 0.118482, 0.063712, 0.000000), (-0.103319, 0.974775, -0.203803, 0.000000), (-0.086086, 0.195559, 0.976943, 0.000000), (0.147925, -0.931105, 0.276826, 1.000000))
INFO: Bone: DEF-forearm.L.001 Scale: vec3(1.001234, 1.001198, 1.000036) Translation: vec3(0.147925, -0.931105, 0.276826) Skew: vec3(0.000417, 0.000002, -0.000000)
INFO: Decomposed transform for DEF-forearm.L.001: Translation(0.147925, -0.931105, 0.276826), Scale(1.00123, 1.0012, 1.00004)
INFO: Bone [DEF-hand.L] FINAL TRANSFORM:
INFO: mat4x4((0.991175, 0.136889, 0.036815, 0.000000), (-0.124935, 0.966399, -0.230060, 0.000000), (-0.066876, 0.223269, 0.972493, 0.000000), (0.181924, -0.928523, 0.333037, 1.000000))
INFO: Bone: DEF-hand.L Scale: vec3(1.001260, 1.001231, 1.000032) Translation: vec3(0.181924, -0.928523, 0.333037) Skew: vec3(0.000389, 0.000079, -0.000013)
INFO: Decomposed transform for DEF-hand.L: Translation(0.181924, -0.928523, 0.333037), Scale(1.00126, 1.00123, 1.00003)
INFO: Bone [DEF-shoulder.R] FINAL TRANSFORM:
INFO: mat4x4((0.999200, -0.007809, -0.023575, 0.000000), (0.002783, 0.985669, -0.165412, 0.000000), (0.024661, 0.165092, 0.984936, 0.000000), (-0.004137, -0.888574, 0.244847, 1.000000))
INFO: Bone: DEF-shoulder.R Scale: vec3(0.999508, 0.999456, 0.998980) Translation: vec3(-0.004137, -0.888574, 0.244847) Skew: vec3(-0.000126, 0.000133, -0.001019)
INFO: Decomposed transform for DEF-shoulder.R: Translation(-0.00413707, -0.888574, 0.244847), Scale(0.999508, 0.999456, 0.99898)
INFO: Bone [DEF-upper_arm.R] FINAL TRANSFORM:
INFO: mat4x4((0.997262, 0.042284, -0.067562, 0.000000), (-0.051182, 0.989820, -0.135999, 0.000000), (0.061064, 0.139112, 0.988405, 0.000000), (0.078887, -0.888822, 0.189786, 1.000000))
INFO: Bone: DEF-upper_arm.R Scale: vec3(1.000442, 1.000429, 1.000013) Translation: vec3(0.078887, -0.888822, 0.189786) Skew: vec3(0.000148, -0.000000, -0.000000)
INFO: Decomposed transform for DEF-upper_arm.R: Translation(0.0788867, -0.888822, 0.189786), Scale(1.00044, 1.00043, 1.00001)
INFO: Bone [DEF-upper_arm.R.001] FINAL TRANSFORM:
INFO: mat4x4((0.997052, 0.044514, -0.068278, 0.000000), (-0.049136, 0.996871, -0.067653, 0.000000), (0.064976, 0.070857, 0.995376, 0.000000), (0.076155, -0.903275, 0.088575, 1.000000))
INFO: Bone: DEF-upper_arm.R.001 Scale: vec3(1.000378, 1.000372, 1.000007) Translation: vec3(0.076155, -0.903275, 0.088575) Skew: vec3(0.000102, -0.000024, 0.000003)
INFO: Decomposed transform for DEF-upper_arm.R.001: Translation(0.0761546, -0.903275, 0.0885751), Scale(1.00038, 1.00037, 1.00001)
INFO: Bone [DEF-forearm.R] FINAL TRANSFORM:
INFO: mat4x4((1.001429, -0.106502, -0.039990, 0.000000), (0.102180, 0.997443, -0.101303, 0.000000), (0.049037, 0.098050, 0.994154, 0.000000), (-0.148339, -0.967745, 0.151240, 1.000000))
INFO: Bone: DEF-forearm.R Scale: vec3(1.007870, 1.007767, 1.000178) Translation: vec3(-0.148339, -0.967745, 0.151240) Skew: vec3(0.002083, -0.001082, 0.000145)
INFO: Decomposed transform for DEF-forearm.R: Translation(-0.148339, -0.967745, 0.15124), Scale(1.00787, 1.00777, 1.00018)
INFO: Bone [DEF-forearm.R.001] FINAL TRANSFORM:
INFO: mat4x4((1.001762, -0.104417, -0.039151, 0.000000), (0.096078, 0.987389, -0.177017, 0.000000), (0.056088, 0.173596, 0.983465, 0.000000), (-0.140492, -0.943189, 0.263407, 1.000000))
INFO: Bone: DEF-forearm.R.001 Scale: vec3(1.007950, 1.007722, 1.000239) Translation: vec3(-0.140492, -0.943189, 0.263407) Skew: vec3(0.002684, -0.000439, 0.000076)
INFO: Decomposed transform for DEF-forearm.R.001: Translation(-0.140492, -0.943189, 0.263407), Scale(1.00795, 1.00772, 1.00024)
INFO: Bone [DEF-hand.R] FINAL TRANSFORM:
INFO: mat4x4((0.997069, -0.133014, -0.084060, 0.000000), (0.110529, 0.975716, -0.233119, 0.000000), (0.111105, 0.221437, 0.968992, 0.000000), (-0.163037, -0.938870, 0.315289, 1.000000))
INFO: Bone: DEF-hand.R Scale: vec3(1.009408, 1.009248, 1.000159) Translation: vec3(-0.163037, -0.938870, 0.315289) Skew: vec3(0.002427, -0.000126, 0.000016)
INFO: Decomposed transform for DEF-hand.R: Translation(-0.163037, -0.93887, 0.315289), Scale(1.00941, 1.00925, 1.00016)
INFO: Bone [DEF-breast.L] FINAL TRANSFORM:
INFO: mat4x4((0.996344, -0.010936, -0.030119, 0.000000), (0.005689, 0.984034, -0.167263, 0.000000), (0.031534, 0.170146, 0.983590, 0.000000), (-0.007570, -0.884052, 0.246932, 1.000000))
INFO: Bone: DEF-breast.L Scale: vec3(0.996859, 0.998165, 0.998691) Translation: vec3(-0.007570, -0.884052, 0.246932) Skew: vec3(0.003100, -0.000067, -0.000057)
INFO: Decomposed transform for DEF-breast.L: Translation(-0.00757048, -0.884052, 0.246932), Scale(0.996859, 0.998165, 0.998691)
INFO: Bone [DEF-breast.R] FINAL TRANSFORM:
INFO: mat4x4((0.996344, -0.010936, -0.030119, 0.000000), (0.005689, 0.984034, -0.167264, 0.000000), (0.031534, 0.170146, 0.983590, 0.000000), (-0.009619, -0.884128, 0.246986, 1.000000))
INFO: Bone: DEF-breast.R Scale: vec3(0.996860, 0.998165, 0.998691) Translation: vec3(-0.009619, -0.884128, 0.246986) Skew: vec3(0.003100, -0.000067, -0.000057)
INFO: Decomposed transform for DEF-breast.R: Translation(-0.00961945, -0.884128, 0.246986), Scale(0.99686, 0.998165, 0.998691)
INFO: Bone [DEF-pelvis.L] FINAL TRANSFORM:
INFO: mat4x4((0.999920, -0.005672, 0.011344, 0.000000), (0.007529, 0.985245, -0.170987, 0.000000), (-0.010207, 0.171058, 0.985208, 0.000000), (-0.010782, -0.888171, 0.250189, 1.000000))
INFO: Bone: DEF-pelvis.L Scale: vec3(1.000000, 1.000000, 1.000000) Translation: vec3(-0.010782, -0.888171, 0.250189) Skew: vec3(-0.000000, -0.000000, -0.000000)
INFO: Decomposed transform for DEF-pelvis.L: Translation(-0.010782, -0.888171, 0.250189), Scale(1, 1, 1)
INFO: Bone [DEF-thigh.L] FINAL TRANSFORM:
INFO: mat4x4((0.999539, 0.030508, -0.004635, 0.000000), (-0.030848, 0.982484, -0.188016, 0.000000), (-0.000962, 0.188072, 0.982941, 0.000000), (0.031228, -0.886727, 0.269584, 1.000000))
INFO: Bone: DEF-thigh.L Scale: vec3(1.000016, 1.000788, 1.000772) Translation: vec3(0.031228, -0.886727, 0.269584) Skew: vec3(-0.000002, 0.000219, 0.000012)
INFO: Decomposed transform for DEF-thigh.L: Translation(0.0312279, -0.886727, 0.269584), Scale(1.00002, 1.00079, 1.00077)
INFO: Bone [DEF-thigh.L.001] FINAL TRANSFORM:
INFO: mat4x4((0.999387, 0.034281, 0.009149, 0.000000), (-0.031964, 0.982427, -0.188017, 0.000000), (-0.015209, 0.187609, 0.982890, 0.000000), (0.031197, -0.883905, 0.267838, 1.000000))
INFO: Bone: DEF-thigh.L.001 Scale: vec3(1.000017, 1.000767, 1.000750) Translation: vec3(0.031197, -0.883905, 0.267838) Skew: vec3(-0.000002, 0.000224, 0.000014)
INFO: Decomposed transform for DEF-thigh.L.001: Translation(0.0311974, -0.883905, 0.267838), Scale(1.00002, 1.00077, 1.00075)
INFO: Bone [DEF-shin.L] FINAL TRANSFORM:
INFO: mat4x4((0.999768, -0.009056, 0.022264, 0.000000), (0.012639, 0.988539, -0.166005, 0.000000), (-0.019765, 0.166224, 0.988328, -0.000000), (0.008673, -0.881155, 0.255372, 1.000000))
INFO: Bone: DEF-shin.L Scale: vec3(1.000057, 1.002461, 1.002404) Translation: vec3(0.008673, -0.881155, 0.255372) Skew: vec3(0.000002, 0.000737, -0.000012)
INFO: Decomposed transform for DEF-shin.L: Translation(0.00867334, -0.881155, 0.255372), Scale(1.00006, 1.00246, 1.0024)
INFO: Bone [DEF-shin.L.001] FINAL TRANSFORM:
INFO: mat4x4((0.999981, -0.011683, -0.000278, 0.000000), (0.011493, 0.988701, -0.165192, 0.000000), (0.002893, 0.165163, 0.988719, -0.000000), (0.009945, -0.880510, 0.256251, 1.000000))
INFO: Bone: DEF-shin.L.001 Scale: vec3(1.000049, 1.002472, 1.002423) Translation: vec3(0.009945, -0.880510, 0.256251) Skew: vec3(0.000002, 0.000687, -0.000012)
INFO: Decomposed transform for DEF-shin.L.001: Translation(0.00994544, -0.88051, 0.256251), Scale(1.00005, 1.00247, 1.00242)
INFO: Bone [DEF-foot.L] FINAL TRANSFORM:
INFO: mat4x4((0.999644, -0.017551, -0.021696, 0.000000), (0.013102, 0.984703, -0.179233, 0.000000), (0.024306, 0.178853, 0.984571, 0.000000), (0.010937, -0.878376, 0.258146, 1.000000))
INFO: Bone: DEF-foot.L Scale: vec3(1.000034, 1.000967, 1.000979) Translation: vec3(0.010937, -0.878376, 0.258146) Skew: vec3(-0.000032, -0.000202, -0.000296)
INFO: Decomposed transform for DEF-foot.L: Translation(0.0109367, -0.878376, 0.258146), Scale(1.00003, 1.00097, 1.00098)
INFO: Bone [DEF-toe.L] FINAL TRANSFORM:
INFO: mat4x4((1.000169, -0.018436, -0.018725, 0.000000), (0.014755, 0.983216, -0.183545, 0.000000), (0.021855, 0.182690, 0.983146, 0.000000), (0.010807, -0.877908, 0.258535, 1.000000))
INFO: Bone: DEF-toe.L Scale: vec3(1.000514, 1.000310, 1.000215) Translation: vec3(0.010807, -0.877908, 0.258535) Skew: vec3(-0.000505, 0.000081, 0.000067)
INFO: Decomposed transform for DEF-toe.L: Translation(0.0108074, -0.877908, 0.258535), Scale(1.00051, 1.00031, 1.00021)
INFO: Bone [DEF-pelvis.R] FINAL TRANSFORM:
INFO: mat4x4((0.999920, -0.005672, 0.011344, 0.000000), (0.007529, 0.985245, -0.170986, 0.000000), (-0.010207, 0.171058, 0.985208, 0.000000), (-0.010782, -0.888171, 0.250188, 1.000000))
INFO: Bone: DEF-pelvis.R Scale: vec3(1.000000, 1.000000, 1.000000) Translation: vec3(-0.010782, -0.888171, 0.250188) Skew: vec3(-0.000000, 0.000000, 0.000000)
INFO: Decomposed transform for DEF-pelvis.R: Translation(-0.0107824, -0.888171, 0.250188), Scale(1, 1, 1)
INFO: Bone [DEF-thigh.R] FINAL TRANSFORM:
INFO: mat4x4((0.999953, -0.012382, 0.016875, 0.000000), (0.015429, 0.984372, -0.189504, 0.000000), (-0.015543, 0.189718, 0.984155, 0.000000), (-0.019710, -0.886286, 0.270491, 1.000000))
INFO: Bone: DEF-thigh.R Scale: vec3(1.000172, 1.002566, 1.002394) Translation: vec3(-0.019710, -0.886286, 0.270491) Skew: vec3(0.000011, -0.001281, 0.000042)
INFO: Decomposed transform for DEF-thigh.R: Translation(-0.0197099, -0.886286, 0.270491), Scale(1.00017, 1.00257, 1.00239)
INFO: Bone [DEF-thigh.R.001] FINAL TRANSFORM:
INFO: mat4x4((0.999948, -0.012277, 0.017253, 0.000000), (0.015399, 0.984375, -0.189505, 0.000000), (-0.015935, 0.189723, 0.984150, 0.000000), (-0.019731, -0.881459, 0.269587, 1.000000))
INFO: Bone: DEF-thigh.R.001 Scale: vec3(1.000172, 1.002568, 1.002396) Translation: vec3(-0.019731, -0.881459, 0.269587) Skew: vec3(0.000011, -0.001281, 0.000043)
INFO: Decomposed transform for DEF-thigh.R.001: Translation(-0.0197308, -0.881459, 0.269587), Scale(1.00017, 1.00257, 1.0024)
INFO: Bone [DEF-shin.R] FINAL TRANSFORM:
INFO: mat4x4((1.000237, -0.003881, 0.010040, 0.000000), (0.005491, 0.989323, -0.172962, 0.000000), (-0.011442, 0.172943, 0.988978, 0.000000), (-0.014602, -0.878994, 0.259913, 1.000000))
INFO: Bone: DEF-shin.R Scale: vec3(1.000295, 1.004344, 1.004049) Translation: vec3(-0.014602, -0.878994, 0.259913) Skew: vec3(-0.000023, -0.002177, -0.000083)
INFO: Decomposed transform for DEF-shin.R: Translation(-0.0146019, -0.878994, 0.259913), Scale(1.00029, 1.00434, 1.00405)
INFO: Bone [DEF-shin.R.001] FINAL TRANSFORM:
INFO: mat4x4((1.000007, -0.008119, -0.024217, 0.000000), (0.003697, 0.988873, -0.175551, 0.000000), (0.023043, 0.175342, 0.988312, 0.000000), (-0.012089, -0.879219, 0.257273, 1.000000))
INFO: Bone: DEF-shin.R.001 Scale: vec3(1.000334, 1.004341, 1.004007) Translation: vec3(-0.012089, -0.879219, 0.257273) Skew: vec3(-0.000023, -0.002304, -0.000080)
INFO: Decomposed transform for DEF-shin.R.001: Translation(-0.0120893, -0.879219, 0.257273), Scale(1.00033, 1.00434, 1.00401)
INFO: Bone [DEF-foot.R] FINAL TRANSFORM:
INFO: mat4x4((0.999161, -0.027468, -0.030518, 0.000000), (0.021397, 0.989911, -0.180830, 0.000000), (0.035047, 0.180025, 0.989671, 0.000000), (-0.013005, -0.880390, 0.256774, 1.000000))
INFO: Bone: DEF-foot.R Scale: vec3(1.000004, 1.006519, 1.006522) Translation: vec3(-0.013005, -0.880390, 0.256774) Skew: vec3(-0.000003, -0.000130, -0.000292)
INFO: Decomposed transform for DEF-foot.R: Translation(-0.0130046, -0.88039, 0.256774), Scale(1, 1.00652, 1.00652)
INFO: Bone [DEF-toe.R] FINAL TRANSFORM:
INFO: mat4x4((1.006577, -0.015407, -0.066250, -0.000000), (0.005266, 0.989175, -0.183297, 0.000000), (0.070448, 0.173658, 0.985956, 0.000000), (-0.012993, -0.879822, 0.255749, 1.000000))
INFO: Bone: DEF-toe.R Scale: vec3(1.008872, 1.006026, 1.003567) Translation: vec3(-0.012993, -0.879822, 0.255749) Skew: vec3(-0.008498, 0.002880, 0.002171)
INFO: Decomposed transform for DEF-toe.R: Translation(-0.0129932, -0.879822, 0.255749), Scale(1.00887, 1.00603, 1.00357)
INFO: DEBUG: Max Vertex Attributes: 32
INFO: Drawing mesh with VAO: 1
INFO: DEBUG: Depth testing and blending enabled.
INFO: DEBUG: After Storing Bone DEF-breast.L
INFO: DEBUG: After Storing Bone DEF-breast.R
INFO: DEBUG: After Storing Bone DEF-brow.B.L
INFO: DEBUG: After Storing Bone DEF-brow.B.L.001
INFO: DEBUG: After Storing Bone DEF-brow.B.L.002
INFO: DEBUG: After Storing Bone DEF-brow.B.L.003
INFO: DEBUG: After Storing Bone DEF-brow.B.R
INFO: DEBUG: After Storing Bone DEF-brow.B.R.001
INFO: DEBUG: After Storing Bone DEF-brow.B.R.002
INFO: DEBUG: After Storing Bone DEF-brow.B.R.003
INFO: DEBUG: After Storing Bone DEF-brow.T.L
INFO: DEBUG: After Storing Bone DEF-brow.T.L.001
INFO: DEBUG: After Storing Bone DEF-brow.T.L.002
INFO: DEBUG: After Storing Bone DEF-brow.T.L.003
INFO: DEBUG: After Storing Bone DEF-brow.T.R
INFO: DEBUG: After Storing Bone DEF-brow.T.R.001
INFO: DEBUG: After Storing Bone DEF-brow.T.R.002
INFO: DEBUG: After Storing Bone DEF-brow.T.R.003
INFO: DEBUG: After Storing Bone DEF-cheek.B.L
INFO: DEBUG: After Storing Bone DEF-cheek.B.L.001
INFO: DEBUG: After Storing Bone DEF-cheek.B.R
INFO: DEBUG: After Storing Bone DEF-cheek.B.R.001
INFO: DEBUG: After Storing Bone DEF-cheek.T.L
INFO: DEBUG: After Storing Bone DEF-cheek.T.L.001
INFO: DEBUG: After Storing Bone DEF-cheek.T.R
INFO: DEBUG: After Storing Bone DEF-cheek.T.R.001
INFO: DEBUG: After Storing Bone DEF-chin
INFO: DEBUG: After Storing Bone DEF-chin.001
INFO: DEBUG: After Storing Bone DEF-chin.L
INFO: DEBUG: After Storing Bone DEF-chin.R
INFO: DEBUG: After Storing Bone DEF-ear.L
INFO: DEBUG: After Storing Bone DEF-ear.L.001
INFO: DEBUG: After Storing Bone DEF-ear.L.002
INFO: DEBUG: After Storing Bone DEF-ear.L.003
INFO: DEBUG: After Storing Bone DEF-ear.L.004
INFO: DEBUG: After Storing Bone DEF-ear.R
INFO: DEBUG: After Storing Bone DEF-ear.R.001
INFO: DEBUG: After Storing Bone DEF-ear.R.002
INFO: DEBUG: After Storing Bone DEF-ear.R.003
INFO: DEBUG: After Storing Bone DEF-ear.R.004
INFO: DEBUG: After Storing Bone DEF-f_index.01.L
INFO: DEBUG: After Storing Bone DEF-f_index.01.R
INFO: DEBUG: After Storing Bone DEF-f_index.02.L
INFO: DEBUG: After Storing Bone DEF-f_index.02.R
INFO: DEBUG: After Storing Bone DEF-f_index.03.L
INFO: DEBUG: After Storing Bone DEF-f_index.03.R
INFO: DEBUG: After Storing Bone DEF-f_middle.01.L
INFO: DEBUG: After Storing Bone DEF-f_middle.01.R
INFO: DEBUG: After Storing Bone DEF-f_middle.02.L
INFO: DEBUG: After Storing Bone DEF-f_middle.02.R
INFO: DEBUG: After Storing Bone DEF-f_middle.03.L
INFO: DEBUG: After Storing Bone DEF-f_middle.03.R
INFO: DEBUG: After Storing Bone DEF-f_pinky.01.L
INFO: DEBUG: After Storing Bone DEF-f_pinky.01.R
INFO: DEBUG: After Storing Bone DEF-f_pinky.02.L
INFO: DEBUG: After Storing Bone DEF-f_pinky.02.R
INFO: DEBUG: After Storing Bone DEF-f_pinky.03.L
INFO: DEBUG: After Storing Bone DEF-f_pinky.03.R
INFO: DEBUG: After Storing Bone DEF-f_ring.01.L
INFO: DEBUG: After Storing Bone DEF-f_ring.01.R
INFO: DEBUG: After Storing Bone DEF-f_ring.02.L
INFO: DEBUG: After Storing Bone DEF-f_ring.02.R
INFO: DEBUG: After Storing Bone DEF-f_ring.03.L
INFO: DEBUG: After Storing Bone DEF-f_ring.03.R
INFO: DEBUG: After Storing Bone DEF-foot.L
INFO: DEBUG: After Storing Bone DEF-foot.R
INFO: DEBUG: After Storing Bone DEF-forearm.L
INFO: DEBUG: After Storing Bone DEF-forearm.L.001
INFO: DEBUG: After Storing Bone DEF-forearm.R
INFO: DEBUG: After Storing Bone DEF-forearm.R.001
INFO: DEBUG: After Storing Bone DEF-forehead.L
INFO: DEBUG: After Storing Bone DEF-forehead.L.001
INFO: DEBUG: After Storing Bone DEF-forehead.L.002
INFO: DEBUG: After Storing Bone DEF-forehead.R
INFO: DEBUG: After Storing Bone DEF-forehead.R.001
INFO: DEBUG: After Storing Bone DEF-forehead.R.002
INFO: DEBUG: After Storing Bone DEF-hand.L
INFO: DEBUG: After Storing Bone DEF-hand.R
INFO: DEBUG: After Storing Bone DEF-jaw
INFO: DEBUG: After Storing Bone DEF-jaw.L
INFO: DEBUG: After Storing Bone DEF-jaw.L.001
INFO: DEBUG: After Storing Bone DEF-jaw.R
INFO: DEBUG: After Storing Bone DEF-jaw.R.001
INFO: DEBUG: After Storing Bone DEF-lid.B.L
INFO: DEBUG: After Storing Bone DEF-lid.B.L.001
INFO: DEBUG: After Storing Bone DEF-lid.B.L.002
INFO: DEBUG: After Storing Bone DEF-lid.B.L.003
INFO: DEBUG: After Storing Bone DEF-lid.B.R
INFO: DEBUG: After Storing Bone DEF-lid.B.R.001
INFO: DEBUG: After Storing Bone DEF-lid.B.R.002
INFO: DEBUG: After Storing Bone DEF-lid.B.R.003
INFO: DEBUG: After Storing Bone DEF-lid.T.L
INFO: DEBUG: After Storing Bone DEF-lid.T.L.001
INFO: DEBUG: After Storing Bone DEF-lid.T.L.002
INFO: DEBUG: After Storing Bone DEF-lid.T.L.003
INFO: DEBUG: After Storing Bone DEF-lid.T.R
INFO: DEBUG: After Storing Bone DEF-lid.T.R.001
INFO: DEBUG: After Storing Bone DEF-lid.T.R.002
INFO: DEBUG: After Storing Bone DEF-lid.T.R.003
INFO: DEBUG: After Storing Bone DEF-lip.B.L
INFO: DEBUG: After Storing Bone DEF-lip.B.L.001
INFO: DEBUG: After Storing Bone DEF-lip.B.R
INFO: DEBUG: After Storing Bone DEF-lip.B.R.001
INFO: DEBUG: After Storing Bone DEF-lip.T.L
INFO: DEBUG: After Storing Bone DEF-lip.T.L.001
INFO: DEBUG: After Storing Bone DEF-lip.T.R
INFO: DEBUG: After Storing Bone DEF-lip.T.R.001
INFO: DEBUG: After Storing Bone DEF-nose
INFO: DEBUG: After Storing Bone DEF-nose.001
INFO: DEBUG: After Storing Bone DEF-nose.002
INFO: DEBUG: After Storing Bone DEF-nose.003
INFO: DEBUG: After Storing Bone DEF-nose.004
INFO: DEBUG: After Storing Bone DEF-nose.L
INFO: DEBUG: After Storing Bone DEF-nose.L.001
INFO: DEBUG: After Storing Bone DEF-nose.R
INFO: DEBUG: After Storing Bone DEF-nose.R.001
INFO: DEBUG: After Storing Bone DEF-palm.01.L
INFO: DEBUG: After Storing Bone DEF-palm.01.R
INFO: DEBUG: After Storing Bone DEF-palm.02.L
INFO: DEBUG: After Storing Bone DEF-palm.02.R
INFO: DEBUG: After Storing Bone DEF-palm.03.L
INFO: DEBUG: After Storing Bone DEF-palm.03.R
INFO: DEBUG: After Storing Bone DEF-palm.04.L
INFO: DEBUG: After Storing Bone DEF-palm.04.R
INFO: DEBUG: After Storing Bone DEF-pelvis.L
INFO: DEBUG: After Storing Bone DEF-pelvis.R
INFO: DEBUG: After Storing Bone DEF-shin.L
INFO: DEBUG: After Storing Bone DEF-shin.L.001
INFO: DEBUG: After Storing Bone DEF-shin.R
INFO: DEBUG: After Storing Bone DEF-shin.R.001
INFO: DEBUG: After Storing Bone DEF-shoulder.L
INFO: DEBUG: After Storing Bone DEF-shoulder.R
INFO: DEBUG: After Storing Bone DEF-spine
INFO: DEBUG: After Storing Bone DEF-spine.001
INFO: DEBUG: After Storing Bone DEF-spine.002
INFO: DEBUG: After Storing Bone DEF-spine.003
INFO: DEBUG: After Storing Bone DEF-spine.004
INFO: DEBUG: After Storing Bone DEF-spine.005
INFO: DEBUG: After Storing Bone DEF-spine.006
INFO: DEBUG: After Storing Bone DEF-temple.L
INFO: DEBUG: After Storing Bone DEF-temple.R
INFO: DEBUG: After Storing Bone DEF-thigh.L
INFO: DEBUG: After Storing Bone DEF-thigh.L.001
INFO: DEBUG: After Storing Bone DEF-thigh.R
INFO: DEBUG: After Storing Bone DEF-thigh.R.001
INFO: DEBUG: After Storing Bone DEF-thumb.01.L
INFO: DEBUG: After Storing Bone DEF-thumb.01.R
INFO: DEBUG: After Storing Bone DEF-thumb.02.L
INFO: DEBUG: After Storing Bone DEF-thumb.02.R
INFO: DEBUG: After Storing Bone DEF-thumb.03.L
INFO: DEBUG: After Storing Bone DEF-thumb.03.R
INFO: DEBUG: After Storing Bone DEF-toe.L
INFO: DEBUG: After Storing Bone DEF-toe.R
INFO: DEBUG: After Storing Bone DEF-tongue
INFO: DEBUG: After Storing Bone DEF-tongue.001
INFO: DEBUG: After Storing Bone DEF-tongue.002
INFO: DEBUG: After Storing Bone DEF-upper_arm.L
INFO: DEBUG: After Storing Bone DEF-upper_arm.L.001
INFO: DEBUG: After Storing Bone DEF-upper_arm.R
INFO: DEBUG: After Storing Bone DEF-upper_arm.R.001
INFO: DEBUG: After Storing Bone ORG-palm.01.L
INFO: DEBUG: After Storing Bone ORG-palm.01.R
INFO: DEBUG: After Storing Bone ORG-palm.02.L
INFO: DEBUG: After Storing Bone ORG-palm.02.R
INFO: DEBUG: After Storing Bone ORG-palm.03.L
INFO: DEBUG: After Storing Bone ORG-palm.03.R
INFO: DEBUG: After Storing Bone ORG-palm.04.L
INFO: DEBUG: After Storing Bone ORG-palm.04.R
INFO: DEBUG: After Storing Bone root
INFO: DEBUG: Max Vertex Attributes: 32
INFO: Bone [DEF-spine.001] FINAL TRANSFORM:
INFO: mat4x4((0.999933, -0.002929, 0.011207, 0.000000), (0.004825, 0.984887, -0.173130, 0.000000), (-0.010531, 0.173173, 0.984835, 0.000000), (-0.007796, -0.887650, 0.252550, 1.000000))
INFO: Bone: DEF-spine.001 Scale: vec3(1.000000, 1.000000, 1.000000) Translation: vec3(-0.007796, -0.887650, 0.252550) Skew: vec3(-0.000000, 0.000000, 0.000000)
INFO: Decomposed transform for DEF-spine.001: Translation(-0.00779631, -0.88765, 0.25255), Scale(1, 1, 1)
INFO: Bone [DEF-spine.002] FINAL TRANSFORM:
INFO: mat4x4((0.999995, 0.000692, 0.002990, 0.000000), (-0.000178, 0.985645, -0.168830, 0.000000), (-0.003064, 0.168829, 0.985641, 0.000000), (-0.001289, -0.888790, 0.247304, 1.000000))
INFO: Bone: DEF-spine.002 Scale: vec3(1.000000, 1.000000, 1.000000) Translation: vec3(-0.001289, -0.888790, 0.247304) Skew: vec3(-0.000000, 0.000000, 0.000000)
INFO: Decomposed transform for DEF-spine.002: Translation(-0.00128925, -0.88879, 0.247304), Scale(1, 1, 1)
INFO: Bone [DEF-spine.003] FINAL TRANSFORM:
INFO: mat4x4((0.999973, -0.003404, -0.006590, 0.000000), (0.002317, 0.987377, -0.158371, 0.000000), (0.007045, 0.158351, 0.987358, 0.000000), (-0.004229, -0.891716, 0.232924, 1.000000))
INFO: Bone: DEF-spine.003 Scale: vec3(1.000000, 1.000000, 1.000000) Translation: vec3(-0.004229, -0.891716, 0.232924) Skew: vec3(0.000000, 0.000000, -0.000000)
INFO: Decomposed transform for DEF-spine.003: Translation(-0.00422867, -0.891716, 0.232924), Scale(1, 1, 1)
INFO: Bone [DEF-spine.004] FINAL TRANSFORM:
INFO: mat4x4((0.999633, -0.010202, -0.025127, 0.000000), (0.005897, 0.986179, -0.165625, 0.000000), (0.026467, 0.165415, 0.985877, 0.000000), (-0.008711, -0.889452, 0.244140, 1.000000))
INFO: Bone: DEF-spine.004 Scale: vec3(1.000001, 1.000008, 1.000008) Translation: vec3(-0.008711, -0.889452, 0.244140) Skew: vec3(-0.000001, -0.000002, -0.000005)
INFO: Decomposed transform for DEF-spine.004: Translation(-0.00871127, -0.889452, 0.24414), Scale(1, 1.00001, 1.00001)
INFO: Bone [DEF-spine.005] FINAL TRANSFORM:
INFO: mat4x4((0.999129, -0.007725, -0.041018, 0.000000), (0.000825, 0.986202, -0.165584, 0.000000), (0.041731, 0.165406, 0.985349, 0.000000), (-0.000018, -0.890059, 0.243952, 1.000000))
INFO: Bone: DEF-spine.005 Scale: vec3(1.000000, 1.000006, 1.000007) Translation: vec3(-0.000018, -0.890059, 0.243952) Skew: vec3(-0.000000, 0.000000, -0.000002)
INFO: Decomposed transform for DEF-spine.005: Translation(-1.81158e-05, -0.890059, 0.243952), Scale(1, 1.00001, 1.00001)
INFO: Bone [DEF-spine.006] FINAL TRANSFORM:
INFO: mat4x4((0.999400, -0.015335, -0.031071, 0.000000), (0.009705, 0.984711, -0.174008, 0.000000), (0.033262, 0.173603, 0.984269, 0.000000), (-0.015066, -0.888404, 0.258072, 1.000000))
INFO: Bone: DEF-spine.006 Scale: vec3(1.000000, 1.000015, 1.000015) Translation: vec3(-0.015066, -0.888404, 0.258072) Skew: vec3(0.000000, -0.000002, 0.000005)
INFO: Decomposed transform for DEF-spine.006: Translation(-0.0150659, -0.888404, 0.258072), Scale(1, 1.00001, 1.00002)
INFO: Bone [DEF-shoulder.L] FINAL TRANSFORM:
INFO: mat4x4((0.999112, -0.012953, -0.030531, 0.000000), (0.008398, 0.985640, -0.166424, 0.000000), (0.032178, 0.165957, 0.984892, 0.000000), (-0.012530, -0.888579, 0.245902, 1.000000))
INFO: Bone: DEF-shoulder.L Scale: vec3(0.999662, 0.999626, 0.999295) Translation: vec3(-0.012530, -0.888579, 0.245902) Skew: vec3(-0.000066, -0.000070, 0.000705)
INFO: Decomposed transform for DEF-shoulder.L: Translation(-0.0125296, -0.888579, 0.245902), Scale(0.999662, 0.999626, 0.999295)
INFO: Bone [DEF-upper_arm.L] FINAL TRANSFORM:
INFO: mat4x4((1.000200, -0.037343, 0.019533, 0.000000), (0.039972, 0.987488, -0.159235, 0.000000), (-0.013268, 0.160143, 0.987051, 0.000000), (-0.062176, -0.885991, 0.229750, 1.000000))
INFO: Bone: DEF-upper_arm.L Scale: vec3(1.001088, 1.001043, 1.000045) Translation: vec3(-0.062176, -0.885991, 0.229750) Skew: vec3(0.000435, 0.000028, -0.000006)
INFO: Decomposed transform for DEF-upper_arm.L: Translation(-0.062176, -0.885991, 0.22975), Scale(1.00109, 1.00104, 1.00005)
INFO: Bone [DEF-upper_arm.L.001] FINAL TRANSFORM:
INFO: mat4x4((1.000128, -0.038509, 0.019931, 0.000000), (0.040653, 0.992662, -0.122613, 0.000000), (-0.014952, 0.123568, 0.992262, 0.000000), (-0.063488, -0.895820, 0.175737, 1.000000))
INFO: Bone: DEF-upper_arm.L.001 Scale: vec3(1.001067, 1.001032, 1.000038) Translation: vec3(-0.063488, -0.895820, 0.175737) Skew: vec3(0.000390, 0.000064, -0.000012)
INFO: Decomposed transform for DEF-upper_arm.L.001: Translation(-0.063488, -0.89582, 0.175737), Scale(1.00107, 1.00103, 1.00004)
INFO: Bone [DEF-forearm.L] FINAL TRANSFORM:
INFO: mat4x4((0.994087, 0.103259, 0.056817, 0.000000), (-0.092673, 0.982951, -0.165135, 0.000000), (-0.072728, 0.158892, 0.984640, 0.000000), (0.132870, -0.938966, 0.222946, 1.000000))
INFO: Bone: DEF-forearm.L Scale: vec3(1.001050, 1.001025, 1.000026) Translation: vec3(0.132870, -0.938966, 0.222946) Skew: vec3(0.000324, 0.000053, -0.000008)
INFO: Decomposed transform for DEF-forearm.L: Translation(0.13287, -0.938966, 0.222946), Scale(1.00105, 1.00102, 1.00003)
INFO: Bone [DEF-forearm.L.001] FINAL TRANSFORM:
INFO: mat4x4((0.994244, 0.102302, 0.056274, 0.000000), (-0.089284, 0.977040, -0.198773, 0.000000), (-0.075178, 0.192564, 0.978434, 0.000000), (0.127458, -0.926839, 0.272544, 1.000000))
INFO: Bone: DEF-forearm.L.001 Scale: vec3(1.001077, 1.001044, 1.000032) Translation: vec3(0.127458, -0.926839, 0.272544) Skew: vec3(0.000368, 0.000015, -0.000003)
INFO: Decomposed transform for DEF-forearm.L.001: Translation(0.127458, -0.926839, 0.272544), Scale(1.00108, 1.00104, 1.00003)
INFO: Bone [DEF-hand.L] FINAL TRANSFORM:
INFO: mat4x4((0.993529, 0.118428, 0.033091, 0.000000), (-0.108290, 0.970252, -0.221484, 0.000000), (-0.058163, 0.216340, 0.974613, 0.000000), (0.157258, -0.925437, 0.321112, 1.000000))
INFO: Bone: DEF-hand.L Scale: vec3(1.001110, 1.001085, 1.000029) Translation: vec3(0.157258, -0.925437, 0.321112) Skew: vec3(0.000341, 0.000085, -0.000013)
INFO: Decomposed transform for DEF-hand.L: Translation(0.157258, -0.925437, 0.321112), Scale(1.00111, 1.00108, 1.00003)
INFO: Bone [DEF-shoulder.R] FINAL TRANSFORM:
INFO: mat4x4((0.999340, -0.007599, -0.018973, 0.000000), (0.003406, 0.985598, -0.166088, 0.000000), (0.020081, 0.165804, 0.985005, 0.000000), (-0.005018, -0.888496, 0.245457, 1.000000))
INFO: Bone: DEF-shoulder.R Scale: vec3(0.999549, 0.999500, 0.999064) Translation: vec3(-0.005018, -0.888496, 0.245457) Skew: vec3(-0.000113, 0.000119, -0.000935)
INFO: Decomposed transform for DEF-shoulder.R: Translation(-0.00501773, -0.888496, 0.245457), Scale(0.999549, 0.9995, 0.999064)
INFO: Bone [DEF-upper_arm.R] FINAL TRANSFORM:
INFO: mat4x4((0.998053, 0.035783, -0.057274, 0.000000), (-0.043562, 0.989379, -0.140995, 0.000000), (0.051580, 0.143239, 0.988354, 0.000000), (0.067327, -0.889015, 0.198324, 1.000000))
INFO: Bone: DEF-upper_arm.R Scale: vec3(1.000335, 1.000324, 1.000010) Translation: vec3(0.067327, -0.889015, 0.198324) Skew: vec3(0.000117, -0.000002, 0.000000)
INFO: Decomposed transform for DEF-upper_arm.R: Translation(0.0673268, -0.889015, 0.198324), Scale(1.00033, 1.00032, 1.00001)
INFO: Bone [DEF-upper_arm.R.001] FINAL TRANSFORM:
INFO: mat4x4((0.997895, 0.037709, -0.057902, 0.000000), (-0.042378, 0.996033, -0.081726, 0.000000), (0.054539, 0.084043, 0.994975, 0.000000), (0.065818, -0.902372, 0.110598, 1.000000))
INFO: Bone: DEF-upper_arm.R.001 Scale: vec3(1.000284, 1.000278, 1.000007) Translation: vec3(0.065818, -0.902372, 0.110598) Skew: vec3(0.000083, -0.000018, 0.000003)
INFO: Decomposed transform for DEF-upper_arm.R.001: Translation(0.0658176, -0.902372, 0.110598), Scale(1.00028, 1.00028, 1.00001)
INFO: Bone [DEF-forearm.R] FINAL TRANSFORM:
INFO: mat4x4((1.002259, -0.092656, -0.031694, 0.000000), (0.088843, 0.996995, -0.109535, 0.000000), (0.040411, 0.107559, 0.993555, 0.000000), (-0.128633, -0.958736, 0.163612, 1.000000))
INFO: Bone: DEF-forearm.R Scale: vec3(1.007032, 1.006921, 1.000175) Translation: vec3(-0.128633, -0.958736, 0.163612) Skew: vec3(0.001983, -0.000947, 0.000136)
INFO: Decomposed transform for DEF-forearm.R: Translation(-0.128633, -0.958736, 0.163612), Scale(1.00703, 1.00692, 1.00017)
INFO: Bone [DEF-forearm.R.001] FINAL TRANSFORM:
INFO: mat4x4((1.002511, -0.090849, -0.030926, 0.000000), (0.084202, 0.987924, -0.175297, 0.000000), (0.045597, 0.173222, 0.984058, 0.000000), (-0.122879, -0.936909, 0.261025, 1.000000))
INFO: Bone: DEF-forearm.R.001 Scale: vec3(1.007094, 1.006883, 1.000225) Translation: vec3(-0.122879, -0.936909, 0.261025) Skew: vec3(0.002450, -0.000455, 0.000081)
INFO: Decomposed transform for DEF-forearm.R.001: Translation(-0.122879, -0.936909, 0.261025), Scale(1.00709, 1.00688, 1.00022)
INFO: Bone [DEF-hand.R] FINAL TRANSFORM:
INFO: mat4x4((0.999413, -0.115311, -0.070009, 0.000000), (0.097246, 0.978346, -0.223827, 0.000000), (0.092650, 0.215567, 0.972249, 0.000000), (-0.142580, -0.933688, 0.305784, 1.000000))
INFO: Bone: DEF-hand.R Scale: vec3(1.008476, 1.008324, 1.000158) Translation: vec3(-0.142580, -0.933688, 0.305784) Skew: vec3(0.002274, -0.000325, 0.000044)
INFO: Decomposed transform for DEF-hand.R: Translation(-0.14258, -0.933688, 0.305784), Scale(1.00848, 1.00832, 1.00016)
INFO: Bone [DEF-breast.L] FINAL TRANSFORM:
INFO: mat4x4((0.996863, -0.010286, -0.024608, 0.000000), (0.005974, 0.984179, -0.167658, 0.000000), (0.025994, 0.170231, 0.983889, 0.000000), (-0.008069, -0.884581, 0.247219, 1.000000))
INFO: Bone: DEF-breast.L Scale: vec3(0.997220, 0.998375, 0.998842) Translation: vec3(-0.008069, -0.884581, 0.247219) Skew: vec3(0.002744, -0.000051, -0.000043)
INFO: Decomposed transform for DEF-breast.L: Translation(-0.00806937, -0.884581, 0.247219), Scale(0.99722, 0.998375, 0.998842)
INFO: Bone [DEF-breast.R] FINAL TRANSFORM:
INFO: mat4x4((0.996863, -0.010286, -0.024608, 0.000000), (0.005973, 0.984179, -0.167659, 0.000000), (0.025994, 0.170232, 0.983889, 0.000000), (-0.009840, -0.884647, 0.247266, 1.000000))
INFO: Bone: DEF-breast.R Scale: vec3(0.997220, 0.998375, 0.998842) Translation: vec3(-0.009840, -0.884647, 0.247266) Skew: vec3(0.002744, -0.000051, -0.000043)
INFO: Decomposed transform for DEF-breast.R: Translation(-0.00983959, -0.884647, 0.247266), Scale(0.99722, 0.998375, 0.998842)
INFO: Bone [DEF-pelvis.L] FINAL TRANSFORM:
INFO: mat4x4((0.999920, -0.005672, 0.011344, 0.000000), (0.007529, 0.985245, -0.170987, 0.000000), (-0.010207, 0.171058, 0.985208, 0.000000), (-0.010782, -0.888171, 0.250189, 1.000000))
INFO: Bone: DEF-pelvis.L Scale: vec3(1.000000, 1.000000, 1.000000) Translation: vec3(-0.010782, -0.888171, 0.250189) Skew: vec3(-0.000000, -0.000000, -0.000000)
INFO: Decomposed transform for DEF-pelvis.L: Translation(-0.010782, -0.888171, 0.250189), Scale(1, 1, 1)
INFO: Bone [DEF-thigh.L] FINAL TRANSFORM:
INFO: mat4x4((0.999678, 0.025795, -0.002478, 0.000000), (-0.025816, 0.982931, -0.185875, 0.000000), (-0.002167, 0.185878, 0.983253, 0.000000), (0.025713, -0.887007, 0.267136, 1.000000))
INFO: Bone: DEF-thigh.L Scale: vec3(1.000014, 1.000684, 1.000670) Translation: vec3(0.025713, -0.887007, 0.267136) Skew: vec3(-0.000001, 0.000192, 0.000007)
INFO: Decomposed transform for DEF-thigh.L: Translation(0.0257134, -0.887007, 0.267136), Scale(1.00001, 1.00068, 1.00067)
INFO: Bone [DEF-thigh.L.001] FINAL TRANSFORM:
INFO: mat4x4((0.999549, 0.029027, 0.009436, 0.000000), (-0.026780, 0.982888, -0.185877, 0.000000), (-0.014474, 0.185540, 0.983195, 0.000000), (0.025696, -0.884554, 0.265630, 1.000000))
INFO: Bone: DEF-thigh.L.001 Scale: vec3(1.000015, 1.000668, 1.000654) Translation: vec3(0.025696, -0.884554, 0.265630) Skew: vec3(-0.000001, 0.000195, 0.000009)
INFO: Decomposed transform for DEF-thigh.L.001: Translation(0.0256964, -0.884554, 0.26563), Scale(1.00001, 1.00067, 1.00065)
INFO: Bone [DEF-shin.L] FINAL TRANSFORM:
INFO: mat4x4((0.999796, -0.008570, 0.020769, 0.000000), (0.011928, 0.988050, -0.166959, 0.000000), (-0.018452, 0.167153, 0.987868, -0.000000), (0.006165, -0.882088, 0.254911, 1.000000))
INFO: Bone: DEF-shin.L Scale: vec3(1.000049, 1.002128, 1.002080) Translation: vec3(0.006165, -0.882088, 0.254911) Skew: vec3(0.000001, 0.000635, -0.000009)
INFO: Decomposed transform for DEF-shin.L: Translation(0.00616521, -0.882088, 0.254911), Scale(1.00005, 1.00213, 1.00208)
INFO: Bone [DEF-shin.L.001] FINAL TRANSFORM:
INFO: mat4x4((0.999983, -0.010866, 0.001208, 0.000000), (0.010930, 0.988190, -0.166252, 0.000000), (0.001211, 0.166243, 0.988209, -0.000000), (0.007285, -0.881524, 0.255683, 1.000000))
INFO: Bone: DEF-shin.L.001 Scale: vec3(1.000043, 1.002137, 1.002095) Translation: vec3(0.007285, -0.881524, 0.255683) Skew: vec3(0.000001, 0.000597, -0.000009)
INFO: Decomposed transform for DEF-shin.L.001: Translation(0.00728487, -0.881524, 0.255683), Scale(1.00004, 1.00214, 1.00209)
INFO: Bone [DEF-foot.L] FINAL TRANSFORM:
INFO: mat4x4((0.999751, -0.015995, -0.017360, 0.000000), (0.012396, 0.984779, -0.178319, 0.000000), (0.019768, 0.178032, 0.984721, 0.000000), (0.008147, -0.879680, 0.257333, 1.000000))
INFO: Bone: DEF-foot.L Scale: vec3(1.000029, 1.000870, 1.000881) Translation: vec3(0.008147, -0.879680, 0.257333) Skew: vec3(-0.000027, -0.000179, -0.000263)
INFO: Decomposed transform for DEF-foot.L: Translation(0.00814717, -0.87968, 0.257333), Scale(1.00003, 1.00087, 1.00088)
INFO: Bone [DEF-toe.L] FINAL TRANSFORM:
INFO: mat4x4((1.000254, -0.016773, -0.014887, 0.000000), (0.013847, 0.983498, -0.182066, 0.000000), (0.017755, 0.181307, 0.983481, 0.000000), (0.008034, -0.879276, 0.257676, 1.000000))
INFO: Bone: DEF-toe.L Scale: vec3(1.000506, 1.000304, 1.000211) Translation: vec3(0.008034, -0.879276, 0.257676) Skew: vec3(-0.000497, 0.000078, 0.000065)
INFO: Decomposed transform for DEF-toe.L: Translation(0.00803446, -0.879276, 0.257676), Scale(1.00051, 1.0003, 1.00021)
INFO: Bone [DEF-pelvis.R] FINAL TRANSFORM:
INFO: mat4x4((0.999920, -0.005672, 0.011344, 0.000000), (0.007529, 0.985245, -0.170986, 0.000000), (-0.010207, 0.171058, 0.985208, 0.000000), (-0.010782, -0.888171, 0.250188, 1.000000))
INFO: Bone: DEF-pelvis.R Scale: vec3(1.000000, 1.000000, 1.000000) Translation: vec3(-0.010782, -0.888171, 0.250188) Skew: vec3(-0.000000, 0.000000, 0.000000)
INFO: Decomposed transform for DEF-pelvis.R: Translation(-0.0107824, -0.888171, 0.250188), Scale(1, 1, 1)
INFO: Bone [DEF-thigh.R] FINAL TRANSFORM:
INFO: mat4x4((0.999951, -0.011643, 0.016078, 0.000000), (0.014507, 0.984493, -0.187013, 0.000000), (-0.014750, 0.187204, 0.984303, 0.000000), (-0.018653, -0.886558, 0.267755, 1.000000))
INFO: Bone: DEF-thigh.R Scale: vec3(1.000148, 1.002203, 1.002055) Translation: vec3(-0.018653, -0.886558, 0.267755) Skew: vec3(0.000010, -0.001101, 0.000037)
INFO: Decomposed transform for DEF-thigh.R: Translation(-0.0186533, -0.886558, 0.267755), Scale(1.00015, 1.0022, 1.00205)
INFO: Bone [DEF-thigh.R.001] FINAL TRANSFORM:
INFO: mat4x4((0.999947, -0.011554, 0.016404, 0.000000), (0.014481, 0.984495, -0.187013, 0.000000), (-0.015088, 0.187208, 0.984299, 0.000000), (-0.018674, -0.882358, 0.266976, 1.000000))
INFO: Bone: DEF-thigh.R.001 Scale: vec3(1.000148, 1.002205, 1.002057) Translation: vec3(-0.018674, -0.882358, 0.266976) Skew: vec3(0.000010, -0.001102, 0.000037)
INFO: Decomposed transform for DEF-thigh.R.001: Translation(-0.018674, -0.882358, 0.266976), Scale(1.00015, 1.0022, 1.00206)
INFO: Bone [DEF-shin.R] FINAL TRANSFORM:
