INFO: ImGui initialized successfully.
INFO: DEBUG: Initializing shaders...
INFO: DEBUG: Bone shader compiled successfully.
INFO: Shaders initialized successfully.
INFO: PhysicsManager initialized successfully.
INFO: Entering SceneTest3 for animation system expansion testing.
INFO: Loading model from path: CharacterModelTPose.fbx
INFO: ASSIMP ROOT NODE TRANSFORM (scene->mRootNode->mTransformation):
INFO: mat4x4((1.000000, 0.000000, 0.000000, 0.000000), (0.000000, 1.000000, 0.000000, 0.000000), (0.000000, 0.000000, 1.000000, 0.000000), (0.000000, 0.000000, 0.000000, 1.000000))
WARNING: INFO: Root transform is IDENTITY matrix.
INFO: Global inverse transform set from root node transformation.
INFO: Debug: VAO Bone IDs bound to location 3.
INFO: Debug: VAO Bone Weights bound to location 4.
INFO: Explicitly logging vertex attribute configuration:
INFO: Position bound to location 0
INFO: Normal bound to location 1
INFO: TexCoords bound to location 2
INFO: BoneIDs bound to location 3 (int attribute)
INFO: Bone Weights bound to location 4 (GL_FLOAT)
INFO: Vertex data size: 6984
INFO: Indices count: 6984
INFO: Vertex[0] Position: vec3(0.061047, 0.485192, -0.101388)
INFO: Vertex[0] Normal: vec3(-0.999759, 0.010175, -0.019474)
INFO: Vertex[0] TexCoords: vec2(0.793786, 0.755578)
INFO: Vertex[0] BoneIDs: [10, 11, -1, -1]
INFO: Vertex[0] Weights: [0.898307, 0.101693, 0.000000, 0.000000]
INFO: Debug: VAO Bone IDs bound to location 3.
INFO: Debug: VAO Bone Weights bound to location 4.
INFO: Explicitly logging vertex attribute configuration:
INFO: Position bound to location 0
INFO: Normal bound to location 1
INFO: TexCoords bound to location 2
INFO: BoneIDs bound to location 3 (int attribute)
INFO: Bone Weights bound to location 4 (GL_FLOAT)
INFO: Vertex data size: 432
INFO: Indices count: 432
INFO: Vertex[0] Position: vec3(0.160886, 0.787475, -0.128936)
INFO: Vertex[0] Normal: vec3(0.985015, 0.159908, -0.064617)
INFO: Vertex[0] TexCoords: vec2(0.870803, 0.998961)
INFO: Vertex[0] BoneIDs: [9, -1, -1, -1]
INFO: Vertex[0] Weights: [1.000000, 0.000000, 0.000000, 0.000000]
INFO: ==== Explicit Bone Mapping BEGIN ====
INFO: Bone Mapping ID[2] maps to Bone Name[DEF-spine.002]
INFO: Bone Mapping ID[10] maps to Bone Name[DEF-thigh.L.001]
INFO: Bone Mapping ID[0] maps to Bone Name[DEF-spine]
INFO: Bone Mapping ID[1] maps to Bone Name[DEF-spine.001]
INFO: Bone Mapping ID[3] maps to Bone Name[DEF-spine.003]
INFO: Bone Mapping ID[7] maps to Bone Name[DEF-pelvis.L]
INFO: Bone Mapping ID[4] maps to Bone Name[DEF-spine.004]
INFO: Bone Mapping ID[23] maps to Bone Name[DEF-upper_arm.L.001]
INFO: Bone Mapping ID[9] maps to Bone Name[DEF-thigh.L]
INFO: Bone Mapping ID[5] maps to Bone Name[DEF-spine.005]
INFO: Bone Mapping ID[25] maps to Bone Name[DEF-forearm.L.001]
INFO: Bone Mapping ID[18] maps to Bone Name[DEF-shin.R.001]
INFO: Bone Mapping ID[6] maps to Bone Name[DEF-spine.006]
INFO: Bone Mapping ID[8] maps to Bone Name[DEF-pelvis.R]
INFO: Bone Mapping ID[30] maps to Bone Name[DEF-forearm.R]
INFO: Bone Mapping ID[11] maps to Bone Name[DEF-shin.L]
INFO: Bone Mapping ID[31] maps to Bone Name[DEF-forearm.R.001]
INFO: Bone Mapping ID[12] maps to Bone Name[DEF-shin.L.001]
INFO: Bone Mapping ID[13] maps to Bone Name[DEF-foot.L]
INFO: Bone Mapping ID[14] maps to Bone Name[DEF-toe.L]
INFO: Bone Mapping ID[15] maps to Bone Name[DEF-thigh.R]
INFO: Bone Mapping ID[16] maps to Bone Name[DEF-thigh.R.001]
INFO: Bone Mapping ID[24] maps to Bone Name[DEF-forearm.L]
INFO: Bone Mapping ID[17] maps to Bone Name[DEF-shin.R]
INFO: Bone Mapping ID[19] maps to Bone Name[DEF-foot.R]
INFO: Bone Mapping ID[20] maps to Bone Name[DEF-toe.R]
INFO: Bone Mapping ID[21] maps to Bone Name[DEF-shoulder.L]
INFO: Bone Mapping ID[22] maps to Bone Name[DEF-upper_arm.L]
INFO: Bone Mapping ID[26] maps to Bone Name[DEF-hand.L]
INFO: Bone Mapping ID[27] maps to Bone Name[DEF-shoulder.R]
INFO: Bone Mapping ID[28] maps to Bone Name[DEF-upper_arm.R]
INFO: Bone Mapping ID[29] maps to Bone Name[DEF-upper_arm.R.001]
INFO: Bone Mapping ID[32] maps to Bone Name[DEF-hand.R]
INFO: Bone Mapping ID[33] maps to Bone Name[DEF-breast.L]
INFO: Bone Mapping ID[34] maps to Bone Name[DEF-breast.R]
INFO: ==== EXPLICIT BONE MAPPING END ====
INFO: Processing node: RootNode with parent:
INFO: Processing node: Low poly man with parent:
INFO: Processing node: Low poly man.001 with parent:
INFO: Processing node: rig with parent:
INFO: Processing node: root with parent:
INFO: Captured local bind transform for bone [DEF-spine]: mat4x4((1.000000, 0.000000, 0.000000, 0.000000), (-0.000000, -0.249639, 0.968339, 0.000000), (0.000000, -0.968339, -0.249639, 0.000000), (0.000000, 0.164914, 0.883387, 1.000000))
INFO: Processing node: DEF-spine with parent:
INFO: Bone [DEF-spine] parent set to:
INFO: Captured local bind transform for bone [DEF-spine.001]: mat4x4((1.000000, -0.000000, 0.000000, 0.000000), (0.000000, 0.991686, -0.128684, 0.000000), (0.000000, 0.128684, 0.991686, 0.000000), (0.000000, 0.130866, -0.000000, 1.000000))
INFO: Processing node: DEF-spine.001 with parent: DEF-spine
INFO: Bone [DEF-spine.001] parent set to: DEF-spine
INFO: Captured local bind transform for bone [DEF-spine.002]: mat4x4((1.000000, -0.000000, 0.000000, 0.000000), (0.000000, 0.987999, -0.154463, 0.000000), (0.000000, 0.154463, 0.987999, 0.000000), (0.000000, 0.117469, 0.000000, 1.000000))
INFO: Processing node: DEF-spine.002 with parent: DEF-spine.001
INFO: Bone [DEF-spine.002] parent set to: DEF-spine.001
INFO: Captured local bind transform for bone [DEF-spine.003]: mat4x4((1.000000, 0.000000, 0.000000, 0.000000), (-0.000000, 0.999995, 0.003254, 0.000000), (-0.000000, -0.003254, 0.999995, 0.000000), (-0.000000, 0.148635, -0.000000, 1.000000))
INFO: Processing node: DEF-spine.003 with parent: DEF-spine.002
INFO: Bone [DEF-spine.003] parent set to: DEF-spine.002
INFO: Captured local bind transform for bone [DEF-spine.004]: mat4x4((1.000000, 0.000000, 0.000000, 0.000000), (0.000000, 0.918604, 0.395180, 0.000000), (0.000000, -0.395180, 0.918604, 0.000000), (0.000000, 0.165563, -0.000000, 1.000000))
INFO: Processing node: DEF-spine.004 with parent: DEF-spine.003
INFO: Bone [DEF-spine.004] parent set to: DEF-spine.003
INFO: Captured local bind transform for bone [DEF-spine.005]: mat4x4((1.000000, 0.000000, 0.000000, 0.000000), (0.000000, 0.982004, -0.188860, 0.000000), (0.000000, 0.188860, 0.982004, 0.000000), (0.000000, 0.056882, -0.000000, 1.000000))
INFO: Processing node: DEF-spine.005 with parent: DEF-spine.004
INFO: Bone [DEF-spine.005] parent set to: DEF-spine.004
INFO: Captured local bind transform for bone [DEF-spine.006]: mat4x4((1.000000, 0.000000, 0.000000, 0.000000), (0.000000, 0.982436, -0.186599, 0.000000), (0.000000, 0.186599, 0.982436, 0.000000), (-0.000000, 0.053906, -0.000000, 1.000000))
INFO: Processing node: DEF-spine.006 with parent: DEF-spine.005
INFO: Bone [DEF-spine.006] parent set to: DEF-spine.005
INFO: Processing node: MCH-torso.parent with parent:
INFO: Processing node: torso with parent:
INFO: Processing node: MCH-spine.001 with parent:
INFO: Processing node: spine_fk.001 with parent:
INFO: Processing node: MCH-spine with parent:
INFO: Processing node: spine_fk with parent:
INFO: Processing node: tweak_spine with parent:
INFO: Processing node: ORG-spine with parent:
INFO: Processing node: ORG-pelvis.L with parent:
INFO: Captured local bind transform for bone [DEF-pelvis.L]: mat4x4((1.000000, 0.000000, 0.000000, 0.000000), (0.000000, 1.000000, 0.000000, 0.000000), (0.000000, 0.000000, 1.000000, 0.000000), (0.000000, 0.000000, 0.000000, 1.000000))
INFO: Processing node: DEF-pelvis.L with parent:
INFO: Bone [DEF-pelvis.L] parent set to:
INFO: Processing node: ORG-pelvis.R with parent:
INFO: Captured local bind transform for bone [DEF-pelvis.R]: mat4x4((1.000000, 0.000000, 0.000000, 0.000000), (0.000000, 1.000000, 0.000000, 0.000000), (0.000000, 0.000000, 1.000000, 0.000000), (0.000000, 0.000000, 0.000000, 1.000000))
INFO: Processing node: DEF-pelvis.R with parent:
INFO: Bone [DEF-pelvis.R] parent set to:
INFO: Captured local bind transform for bone [DEF-thigh.L]: mat4x4((0.989208, 0.101287, 0.105869, 0.000000), (0.066376, -0.953965, 0.292480, 0.000000), (0.130620, -0.282296, -0.950393, 0.000000), (0.084253, 0.060884, 0.022303, 1.000000))
INFO: Processing node: DEF-thigh.L with parent:
INFO: Bone [DEF-thigh.L] parent set to:
INFO: Captured local bind transform for bone [DEF-thigh.L.001]: mat4x4((1.000000, 0.000000, 0.000000, 0.000000), (0.000000, 1.000000, 0.000000, 0.000000), (0.000000, 0.000000, 1.000000, 0.000000), (0.000000, 0.227874, 0.000000, 1.000000))
INFO: Processing node: DEF-thigh.L.001 with parent: DEF-thigh.L
INFO: Bone [DEF-thigh.L.001] parent set to: DEF-thigh.L
INFO: Captured local bind transform for bone [DEF-shin.L]: mat4x4((1.000000, -0.000000, 0.000000, 0.000000), (0.000000, 0.994397, 0.105710, 0.000000), (-0.000000, -0.105710, 0.994397, 0.000000), (-0.000000, 0.227874, 0.000000, 1.000000))
INFO: Processing node: DEF-shin.L with parent: DEF-thigh.L.001
INFO: Bone [DEF-shin.L] parent set to: DEF-thigh.L.001
INFO: Captured local bind transform for bone [DEF-shin.L.001]: mat4x4((1.000000, 0.000000, 0.000000, 0.000000), (0.000000, 1.000000, 0.000000, 0.000000), (0.000000, 0.000000, 1.000000, 0.000000), (0.000000, 0.198684, -0.000000, 1.000000))
INFO: Processing node: DEF-shin.L.001 with parent: DEF-shin.L
INFO: Bone [DEF-shin.L.001] parent set to: DEF-shin.L
INFO: Captured local bind transform for bone [DEF-foot.L]: mat4x4((0.989239, 0.079600, 0.122758, 0.000000), (0.070401, 0.476545, -0.876327, 0.000000), (-0.128255, 0.875539, 0.465813, 0.000000), (-0.000000, 0.198684, 0.000000, 1.000000))
INFO: Processing node: DEF-foot.L with parent: DEF-shin.L.001
INFO: Bone [DEF-foot.L] parent set to: DEF-shin.L.001
INFO: Captured local bind transform for bone [DEF-toe.L]: mat4x4((-1.000000, -0.000001, -0.000244, 0.000000), (0.000129, 0.847998, -0.529999, 0.000000), (0.000207, -0.529999, -0.847998, 0.000000), (0.000000, 0.111115, 0.000000, 1.000000))
INFO: Processing node: DEF-toe.L with parent: DEF-foot.L
INFO: Bone [DEF-toe.L] parent set to: DEF-foot.L
INFO: Captured local bind transform for bone [DEF-thigh.R]: mat4x4((0.989208, -0.101287, -0.105869, 0.000000), (-0.066376, -0.953965, 0.292480, 0.000000), (-0.130620, -0.282296, -0.950393, 0.000000), (-0.084253, 0.060884, 0.022303, 1.000000))
INFO: Processing node: DEF-thigh.R with parent:
INFO: Bone [DEF-thigh.R] parent set to:
INFO: Captured local bind transform for bone [DEF-thigh.R.001]: mat4x4((1.000000, 0.000000, 0.000000, 0.000000), (0.000000, 1.000000, 0.000000, 0.000000), (0.000000, 0.000000, 1.000000, 0.000000), (0.000000, 0.227874, 0.000000, 1.000000))
INFO: Processing node: DEF-thigh.R.001 with parent: DEF-thigh.R
INFO: Bone [DEF-thigh.R.001] parent set to: DEF-thigh.R
INFO: Captured local bind transform for bone [DEF-shin.R]: mat4x4((1.000000, 0.000000, -0.000001, 0.000000), (-0.000000, 0.994397, 0.105710, 0.000000), (0.000001, -0.105710, 0.994397, 0.000000), (-0.000000, 0.227874, -0.000000, 1.000000))
INFO: Processing node: DEF-shin.R with parent: DEF-thigh.R.001
INFO: Bone [DEF-shin.R] parent set to: DEF-thigh.R.001
INFO: Captured local bind transform for bone [DEF-shin.R.001]: mat4x4((1.000000, 0.000000, 0.000000, 0.000000), (0.000000, 1.000000, 0.000000, 0.000000), (0.000000, 0.000000, 1.000000, 0.000000), (-0.000000, 0.198684, 0.000000, 1.000000))
INFO: Processing node: DEF-shin.R.001 with parent: DEF-shin.R
INFO: Bone [DEF-shin.R.001] parent set to: DEF-shin.R
INFO: Captured local bind transform for bone [DEF-foot.R]: mat4x4((0.989239, -0.079599, -0.122757, 0.000000), (-0.070400, 0.476545, -0.876327, 0.000000), (0.128255, 0.875539, 0.465813, 0.000000), (-0.000000, 0.198684, -0.000000, 1.000000))
INFO: Processing node: DEF-foot.R with parent: DEF-shin.R.001
INFO: Bone [DEF-foot.R] parent set to: DEF-shin.R.001
INFO: Captured local bind transform for bone [DEF-toe.R]: mat4x4((-1.000000, 0.000001, 0.000244, 0.000000), (-0.000129, 0.847999, -0.529999, 0.000000), (-0.000207, -0.529999, -0.847999, 0.000000), (-0.000000, 0.111115, 0.000000, 1.000000))
INFO: Processing node: DEF-toe.R with parent: DEF-foot.R
INFO: Bone [DEF-toe.R] parent set to: DEF-foot.R
INFO: Processing node: MCH-spine.002 with parent:
INFO: Processing node: spine_fk.002 with parent:
INFO: Processing node: MCH-spine.003 with parent:
INFO: Processing node: spine_fk.003 with parent:
INFO: Processing node: tweak_spine.003 with parent:
INFO: Processing node: ORG-spine.003 with parent:
INFO: Processing node: ORG-shoulder.L with parent:
INFO: Captured local bind transform for bone [DEF-shoulder.L]: mat4x4((1.000000, 0.000000, 0.000000, 0.000000), (0.000000, 1.000000, 0.000000, 0.000000), (0.000000, 0.000000, 1.000000, 0.000000), (0.000000, 0.000000, 0.000000, 1.000000))
WARNING: ARM CHAIN NODE FOUND: DEF-shoulder.L  -> Parent:
INFO: Processing node: DEF-shoulder.L with parent:
INFO: Bone [DEF-shoulder.L] parent set to:
INFO: Captured local bind transform for bone [DEF-upper_arm.L]: mat4x4((-0.840223, -0.390785, -0.375916, 0.000000), (0.159011, 0.485214, -0.859816, 0.000000), (0.518403, -0.782212, -0.345548, 0.000000), (0.004115, 0.189038, -0.016364, 1.000000))
WARNING: ARM CHAIN NODE FOUND: DEF-upper_arm.L  -> Parent:
INFO: Processing node: DEF-upper_arm.L with parent:
INFO: Bone [DEF-upper_arm.L] parent set to:
INFO: Captured local bind transform for bone [DEF-upper_arm.L.001]: mat4x4((1.000000, 0.000000, 0.000000, 0.000000), (0.000000, 1.000000, 0.000000, 0.000000), (0.000000, 0.000000, 1.000000, 0.000000), (0.000000, 0.129039, 0.000000, 1.000000))
WARNING: ARM CHAIN NODE FOUND: DEF-upper_arm.L.001  -> Parent: DEF-upper_arm.L
INFO: Processing node: DEF-upper_arm.L.001 with parent: DEF-upper_arm.L
INFO: Bone [DEF-upper_arm.L.001] parent set to: DEF-upper_arm.L
INFO: Captured local bind transform for bone [DEF-forearm.L]: mat4x4((1.000000, -0.000000, 0.000000, 0.000000), (0.000000, 0.965789, 0.259330, 0.000000), (-0.000000, -0.259330, 0.965789, 0.000000), (-0.000000, 0.129039, -0.000000, 1.000000))
WARNING: ARM CHAIN NODE FOUND: DEF-forearm.L  -> Parent: DEF-upper_arm.L.001
INFO: Processing node: DEF-forearm.L with parent: DEF-upper_arm.L.001
INFO: Bone [DEF-forearm.L] parent set to: DEF-upper_arm.L.001
INFO: Captured local bind transform for bone [DEF-forearm.L.001]: mat4x4((1.000000, 0.000000, 0.000000, 0.000000), (0.000000, 1.000000, 0.000000, 0.000000), (0.000000, 0.000000, 1.000000, 0.000000), (0.000000, 0.113552, 0.000000, 1.000000))
WARNING: ARM CHAIN NODE FOUND: DEF-forearm.L.001  -> Parent: DEF-forearm.L
INFO: Processing node: DEF-forearm.L.001 with parent: DEF-forearm.L
INFO: Bone [DEF-forearm.L.001] parent set to: DEF-forearm.L
INFO: Captured local bind transform for bone [DEF-hand.L]: mat4x4((0.997057, -0.076593, -0.003170, 0.000000), (0.076659, 0.996204, 0.041249, 0.000000), (-0.000001, -0.041370, 0.999144, 0.000000), (-0.000000, 0.113552, 0.000000, 1.000000))
WARNING: ARM CHAIN NODE FOUND: DEF-hand.L  -> Parent: DEF-forearm.L.001
INFO: Processing node: DEF-hand.L with parent: DEF-forearm.L.001
INFO: Bone [DEF-hand.L] parent set to: DEF-forearm.L.001
INFO: Processing node: ORG-shoulder.R with parent:
INFO: Captured local bind transform for bone [DEF-shoulder.R]: mat4x4((1.000000, 0.000000, 0.000000, 0.000000), (0.000000, 1.000000, 0.000000, 0.000000), (0.000000, 0.000000, 1.000000, 0.000000), (0.000000, 0.000000, 0.000000, 1.000000))
INFO: Processing node: DEF-shoulder.R with parent:
INFO: Bone [DEF-shoulder.R] parent set to:
INFO: Captured local bind transform for bone [DEF-upper_arm.R]: mat4x4((-0.840223, 0.390785, 0.375916, 0.000000), (-0.159011, 0.485214, -0.859816, 0.000000), (-0.518403, -0.782212, -0.345548, 0.000000), (-0.004115, 0.189038, -0.016364, 1.000000))
INFO: Processing node: DEF-upper_arm.R with parent:
INFO: Bone [DEF-upper_arm.R] parent set to:
INFO: Captured local bind transform for bone [DEF-upper_arm.R.001]: mat4x4((1.000000, 0.000000, 0.000000, 0.000000), (0.000000, 1.000000, 0.000000, 0.000000), (0.000000, 0.000000, 1.000000, 0.000000), (-0.000000, 0.129039, 0.000000, 1.000000))
INFO: Processing node: DEF-upper_arm.R.001 with parent: DEF-upper_arm.R
INFO: Bone [DEF-upper_arm.R.001] parent set to: DEF-upper_arm.R
INFO: Captured local bind transform for bone [DEF-forearm.R]: mat4x4((1.000000, 0.000000, -0.000000, 0.000000), (-0.000000, 0.965789, 0.259330, 0.000000), (0.000000, -0.259330, 0.965789, 0.000000), (0.000000, 0.129039, -0.000000, 1.000000))
INFO: Processing node: DEF-forearm.R with parent: DEF-upper_arm.R.001
INFO: Bone [DEF-forearm.R] parent set to: DEF-upper_arm.R.001
INFO: Captured local bind transform for bone [DEF-forearm.R.001]: mat4x4((1.000000, 0.000000, 0.000000, 0.000000), (0.000000, 1.000000, 0.000000, 0.000000), (0.000000, 0.000000, 1.000000, 0.000000), (-0.000000, 0.113552, 0.000000, 1.000000))
INFO: Processing node: DEF-forearm.R.001 with parent: DEF-forearm.R
INFO: Bone [DEF-forearm.R.001] parent set to: DEF-forearm.R
INFO: Captured local bind transform for bone [DEF-hand.R]: mat4x4((0.997057, 0.076593, 0.003171, 0.000000), (-0.076659, 0.996204, 0.041249, 0.000000), (0.000001, -0.041371, 0.999144, 0.000000), (0.000000, 0.113552, 0.000000, 1.000000))
INFO: Processing node: DEF-hand.R with parent: DEF-forearm.R.001
INFO: Bone [DEF-hand.R] parent set to: DEF-forearm.R.001
INFO: Processing node: ORG-breast.L with parent:
INFO: Captured local bind transform for bone [DEF-breast.L]: mat4x4((1.000000, 0.000000, 0.000000, 0.000000), (0.000000, 1.000000, 0.000000, 0.000000), (0.000000, 0.000000, 1.000000, 0.000000), (0.000000, 0.000000, 0.000000, 1.000000))
INFO: Processing node: DEF-breast.L with parent:
INFO: Bone [DEF-breast.L] parent set to:
INFO: Processing node: ORG-breast.R with parent:
INFO: Captured local bind transform for bone [DEF-breast.R]: mat4x4((1.000000, 0.000000, 0.000000, 0.000000), (0.000000, 1.000000, 0.000000, 0.000000), (0.000000, 0.000000, 1.000000, 0.000000), (0.000000, 0.000000, 0.000000, 1.000000))
INFO: Processing node: DEF-breast.R with parent:
INFO: Bone [DEF-breast.R] parent set to:
INFO: Bone hierarchy successfully built from scene graph.
INFO: Loaded 2 meshes.
INFO: INFO: Model loaded successfully.
INFO: DEBUG: Bounding Box Center: (-0.000000, 0.878198, -0.082552)
INFO: DEBUG: Bounding Box Radius: 0.987355
INFO: DEBUG: Adjusted Camera Position: (-0.000000, 0.878198, 5.876665)
INFO: Loaded clip 'animations/Idle.fbx' fps=60.000000
INFO: NOW PLAYING: Idle | keyframes = 59 | length = 0.250000 s
WARNING: [WARN] Bone 'DEF-spine' differs between bind pose and first frame.
WARNING: [WARN] Bone 'DEF-spine.005' differs between bind pose and first frame.
WARNING: [WARN] Bone 'DEF-spine.006' differs between bind pose and first frame.
WARNING: [WARN] Bone 'DEF-thigh.L' differs between bind pose and first frame.
WARNING: [WARN] Bone 'DEF-thigh.L.001' differs between bind pose and first frame.
WARNING: [WARN] Bone 'DEF-shin.L' differs between bind pose and first frame.
WARNING: [WARN] Bone 'DEF-shin.L.001' differs between bind pose and first frame.
WARNING: [WARN] Bone 'DEF-foot.L' differs between bind pose and first frame.
WARNING: [WARN] Bone 'DEF-thigh.R' differs between bind pose and first frame.
WARNING: [WARN] Bone 'DEF-thigh.R.001' differs between bind pose and first frame.
WARNING: [WARN] Bone 'DEF-shin.R' differs between bind pose and first frame.
WARNING: [WARN] Bone 'DEF-shin.R.001' differs between bind pose and first frame.
WARNING: [WARN] Bone 'DEF-foot.R' differs between bind pose and first frame.
WARNING: [WARN] Bone 'DEF-toe.R' differs between bind pose and first frame.
WARNING: [WARN] Bone 'DEF-upper_arm.L' differs between bind pose and first frame.
WARNING: [WARN] Bone 'DEF-upper_arm.L.001' differs between bind pose and first frame.
WARNING: [WARN] Bone 'DEF-forearm.L' differs between bind pose and first frame.
WARNING: [WARN] Bone 'DEF-forearm.L.001' differs between bind pose and first frame.
WARNING: [WARN] Bone 'DEF-hand.L' differs between bind pose and first frame.
WARNING: [WARN] Bone 'DEF-upper_arm.R' differs between bind pose and first frame.
WARNING: [WARN] Bone 'DEF-upper_arm.R.001' differs between bind pose and first frame.
WARNING: [WARN] Bone 'DEF-forearm.R' differs between bind pose and first frame.
WARNING: [WARN] Bone 'DEF-forearm.R.001' differs between bind pose and first frame.
WARNING: [WARN] Bone 'DEF-hand.R' differs between bind pose and first frame.
INFO: Loaded clip 'animations/Stance1.fbx' fps=60.000000
WARNING: [WARN] Bone 'DEF-spine' differs between bind pose and first frame.
WARNING: [WARN] Bone 'DEF-spine.005' differs between bind pose and first frame.
WARNING: [WARN] Bone 'DEF-spine.006' differs between bind pose and first frame.
WARNING: [WARN] Bone 'DEF-thigh.L' differs between bind pose and first frame.
WARNING: [WARN] Bone 'DEF-thigh.L.001' differs between bind pose and first frame.
WARNING: [WARN] Bone 'DEF-shin.L' differs between bind pose and first frame.
WARNING: [WARN] Bone 'DEF-shin.L.001' differs between bind pose and first frame.
WARNING: [WARN] Bone 'DEF-foot.L' differs between bind pose and first frame.
WARNING: [WARN] Bone 'DEF-thigh.R' differs between bind pose and first frame.
WARNING: [WARN] Bone 'DEF-thigh.R.001' differs between bind pose and first frame.
WARNING: [WARN] Bone 'DEF-shin.R' differs between bind pose and first frame.
WARNING: [WARN] Bone 'DEF-shin.R.001' differs between bind pose and first frame.
WARNING: [WARN] Bone 'DEF-foot.R' differs between bind pose and first frame.
WARNING: [WARN] Bone 'DEF-toe.R' differs between bind pose and first frame.
WARNING: [WARN] Bone 'DEF-upper_arm.L' differs between bind pose and first frame.
WARNING: [WARN] Bone 'DEF-upper_arm.L.001' differs between bind pose and first frame.
WARNING: [WARN] Bone 'DEF-forearm.L' differs between bind pose and first frame.
WARNING: [WARN] Bone 'DEF-forearm.L.001' differs between bind pose and first frame.
WARNING: [WARN] Bone 'DEF-hand.L' differs between bind pose and first frame.
WARNING: [WARN] Bone 'DEF-upper_arm.R' differs between bind pose and first frame.
WARNING: [WARN] Bone 'DEF-upper_arm.R.001' differs between bind pose and first frame.
WARNING: [WARN] Bone 'DEF-forearm.R' differs between bind pose and first frame.
WARNING: [WARN] Bone 'DEF-forearm.R.001' differs between bind pose and first frame.
WARNING: [WARN] Bone 'DEF-hand.R' differs between bind pose and first frame.
INFO: Loaded clip 'animations/Jab_Head.fbx' fps=60.000000
WARNING: [WARN] Bone 'DEF-spine' differs between bind pose and first frame.
WARNING: [WARN] Bone 'DEF-spine.005' differs between bind pose and first frame.
WARNING: [WARN] Bone 'DEF-spine.006' differs between bind pose and first frame.
WARNING: [WARN] Bone 'DEF-thigh.L' differs between bind pose and first frame.
WARNING: [WARN] Bone 'DEF-thigh.L.001' differs between bind pose and first frame.
WARNING: [WARN] Bone 'DEF-shin.L' differs between bind pose and first frame.
WARNING: [WARN] Bone 'DEF-shin.L.001' differs between bind pose and first frame.
WARNING: [WARN] Bone 'DEF-foot.L' differs between bind pose and first frame.
WARNING: [WARN] Bone 'DEF-thigh.R' differs between bind pose and first frame.
WARNING: [WARN] Bone 'DEF-thigh.R.001' differs between bind pose and first frame.
WARNING: [WARN] Bone 'DEF-shin.R' differs between bind pose and first frame.
WARNING: [WARN] Bone 'DEF-shin.R.001' differs between bind pose and first frame.
WARNING: [WARN] Bone 'DEF-foot.R' differs between bind pose and first frame.
WARNING: [WARN] Bone 'DEF-toe.R' differs between bind pose and first frame.
WARNING: [WARN] Bone 'DEF-upper_arm.L' differs between bind pose and first frame.
WARNING: [WARN] Bone 'DEF-upper_arm.L.001' differs between bind pose and first frame.
WARNING: [WARN] Bone 'DEF-forearm.L' differs between bind pose and first frame.
WARNING: [WARN] Bone 'DEF-forearm.L.001' differs between bind pose and first frame.
WARNING: [WARN] Bone 'DEF-hand.L' differs between bind pose and first frame.
WARNING: [WARN] Bone 'DEF-upper_arm.R' differs between bind pose and first frame.
WARNING: [WARN] Bone 'DEF-upper_arm.R.001' differs between bind pose and first frame.
WARNING: [WARN] Bone 'DEF-forearm.R' differs between bind pose and first frame.
WARNING: [WARN] Bone 'DEF-forearm.R.001' differs between bind pose and first frame.
WARNING: [WARN] Bone 'DEF-hand.R' differs between bind pose and first frame.
INFO: INFO: Set current animation to Idle.
INFO: Bone [DEF-breast.L]
INFO: Bind (no scale):
mat4x4((-1.000000, -0.000000, -0.000000, 0.000000), (-0.000000, -0.000000, 1.000000, 0.000000), (-0.000000, 1.000000, 0.000000, -0.000000), (0.101791, 0.159154, -1.270002, 1.000000))
INFO: Pose (no scale):
mat4x4((1.000000, -0.000000, -0.000000, 0.000000), (0.000000, 1.000000, -0.000000, 0.000000), (0.000000, 0.000000, 1.000000, 0.000000), (-0.000000, -0.000000, -0.000000, 1.000000))
INFO: Final:
mat4x4((-1.000000, 0.000000, -0.000000, 0.000000), (-0.000000, -0.000000, 1.000000, 0.000000), (0.000000, 1.000000, 0.000000, 0.000000), (0.101791, 0.159154, -1.270002, 1.000000))
INFO: DEBUG: After Storing Bone DEF-breast.L
INFO: Bone [DEF-breast.R]
INFO: Bind (no scale):
mat4x4((-1.000000, -0.000000, -0.000000, 0.000000), (-0.000000, -0.000000, 1.000000, 0.000000), (-0.000000, 1.000000, 0.000000, -0.000000), (-0.101791, 0.159154, -1.270002, 1.000000))
INFO: Pose (no scale):
mat4x4((1.000000, -0.000000, -0.000000, 0.000000), (0.000000, 1.000000, -0.000000, 0.000000), (0.000000, 0.000000, 1.000000, 0.000000), (0.000000, 0.000000, 0.000000, 1.000000))
INFO: Final:
mat4x4((-1.000000, 0.000000, -0.000000, 0.000000), (-0.000000, -0.000000, 1.000000, 0.000000), (0.000000, 1.000000, 0.000000, 0.000000), (-0.101791, 0.159154, -1.270002, 1.000000))
INFO: DEBUG: After Storing Bone DEF-breast.R
INFO: Bone [DEF-foot.L]
INFO: Bind (no scale):
mat4x4((1.000000, -0.000000, 0.000243, -0.000000), (0.000206, -0.529999, -0.847999, 0.000000), (0.000129, 0.847999, -0.529999, -0.000000), (-0.146219, 0.157585, 0.004202, 1.000000))
INFO: Pose (no scale):
mat4x4((0.948209, 0.182492, -0.259729, 0.000000), (0.299979, -0.245898, 0.919908, 0.000000), (0.103802, -0.950218, -0.287894, 0.000000), (0.332480, -0.530918, 0.075699, 1.000000))
INFO: Final:
mat4x4((0.948234, 0.182262, -0.259799, 0.000000), (-0.246817, 0.936147, -0.243470, 0.000000), (0.199490, 0.295117, 0.932631, 0.000000), (0.241542, -0.600345, 0.257429, 1.000000))
INFO: DEBUG: After Storing Bone DEF-foot.L
INFO: Bone [DEF-foot.R]
INFO: Bind (no scale):
mat4x4((1.000000, 0.000000, -0.000243, -0.000000), (-0.000206, -0.529998, -0.847998, 0.000000), (-0.000129, 0.847999, -0.529998, -0.000000), (0.146219, 0.157584, 0.004202, 1.000000))
INFO: Pose (no scale):
mat4x4((0.952985, -0.303262, -0.019228, 0.000000), (-0.073335, -0.298123, 0.959203, 0.000000), (-0.294889, -0.912952, -0.306560, 0.000000), (-0.315166, -0.481034, 0.047748, 1.000000))
INFO: Final:
mat4x4((0.953057, -0.303040, -0.019153, 0.000000), (0.288737, 0.932249, -0.248410, 0.000000), (0.093979, 0.231094, 0.975882, 0.000000), (-0.188617, -0.576193, 0.194804, 1.000000))
INFO: DEBUG: After Storing Bone DEF-foot.R
INFO: Bone [DEF-forearm.L]
INFO: Bind (no scale):
mat4x4((-0.725730, 0.373039, -0.578064, -0.000000), (-0.378511, -0.918135, -0.117294, 0.000000), (-0.574496, 0.133680, 0.807517, -0.000000), (0.576958, 0.967126, 0.449913, 1.000000))
INFO: Pose (no scale):
mat4x4((0.203499, 0.186143, -0.973936, 0.000000), (0.703165, -0.747822, 0.018103, 0.000000), (-0.699113, -0.678321, -0.302260, 0.000000), (0.096286, 0.097897, -0.111299, 1.000000))
INFO: Final:
mat4x4((0.518755, -0.021943, 0.888293, 0.000000), (-0.640626, 0.695708, 0.387477, 0.000000), (-0.587456, -0.754663, 0.317862, 0.000000), (0.579205, -0.823131, -0.791702, 1.000000))
INFO: DEBUG: After Storing Bone DEF-forearm.L
INFO: Bone [DEF-forearm.L.001]
INFO: Bind (no scale):
mat4x4((-0.725729, 0.373039, -0.578065, -0.000000), (-0.378511, -0.918135, -0.117294, 0.000000), (-0.574497, 0.133680, 0.807517, -0.000000), (0.576959, 0.853574, 0.449914, 1.000000))
INFO: Pose (no scale):
mat4x4((0.203469, 0.186114, -0.973949, 0.000000), (0.703167, -0.747823, 0.018104, 0.000000), (-0.699122, -0.678331, -0.302220, 0.000000), (0.168577, 0.016052, -0.108015, 1.000000))
INFO: Final:
mat4x4((0.518783, -0.021916, 0.888279, 0.000000), (-0.640614, 0.695721, 0.387477, 0.000000), (-0.587445, -0.754655, 0.317903, 0.000000), (0.571630, -0.820081, -0.790462, 1.000000))
INFO: DEBUG: After Storing Bone DEF-forearm.L.001
INFO: Bone [DEF-forearm.R]
INFO: Bind (no scale):
mat4x4((-0.725730, -0.373039, 0.578064, -0.000000), (0.378511, -0.918135, -0.117294, 0.000000), (0.574496, 0.133680, 0.807517, -0.000000), (-0.576958, 0.967126, 0.449913, 1.000000))
INFO: Pose (no scale):
mat4x4((-0.145783, -0.222656, 0.944150, 0.000000), (-0.794037, -0.502922, -0.258948, 0.000000), (0.557225, -0.804968, -0.077596, 0.000000), (-0.026222, 0.142179, -0.082689, 1.000000))
INFO: Final:
mat4x4((0.724118, -0.116125, -0.633455, 0.000000), (0.608493, 0.471890, 0.604222, 0.000000), (0.260070, -0.845171, 0.445134, 0.000000), (-0.459342, -0.577912, -0.912771, 1.000000))
INFO: DEBUG: After Storing Bone DEF-forearm.R
INFO: Bone [DEF-forearm.R.001]
INFO: Bind (no scale):
mat4x4((-0.725729, -0.373039, 0.578065, -0.000000), (0.378511, -0.918135, -0.117294, 0.000000), (0.574497, 0.133680, 0.807517, -0.000000), (-0.576959, 0.853574, 0.449914, 1.000000))
INFO: Pose (no scale):
mat4x4((-0.145790, -0.222646, 0.944151, 0.000000), (-0.794037, -0.502922, -0.258948, 0.000000), (0.557223, -0.804971, -0.077584, 0.000000), (-0.118836, 0.085829, -0.106463, 1.000000))
INFO: Final:
mat4x4((0.724122, -0.116135, -0.633449, 0.000000), (0.608491, 0.471895, 0.604221, 0.000000), (0.260064, -0.845167, 0.445145, 0.000000), (-0.461788, -0.577162, -0.907137, 1.000000))
INFO: DEBUG: After Storing Bone DEF-forearm.R.001
INFO: Bone [DEF-hand.L]
INFO: Bind (no scale):
mat4x4((-0.750333, 0.292145, -0.593002, -0.000000), (-0.306702, -0.948504, -0.079209, 0.000000), (-0.585605, 0.122442, 0.801296, -0.000000), (0.517153, 0.800001, 0.418913, 1.000000))
INFO: Pose (no scale):
mat4x4((0.180111, 0.270355, -0.958970, 0.000000), (0.711526, -0.737299, -0.058517, 0.000000), (-0.697457, -0.660758, -0.343775, 0.000000), (0.182723, -0.095855, -0.060148, 1.000000))
INFO: Final:
mat4x4((0.486318, -0.026423, 0.906311, 0.000000), (-0.674880, 0.668751, 0.376852, 0.000000), (-0.577223, -0.778060, 0.278948, 0.000000), (0.552915, -0.822680, -0.746907, 1.000000))
INFO: DEBUG: After Storing Bone DEF-hand.L
INFO: Bone [DEF-hand.R]
INFO: Bind (no scale):
mat4x4((-0.750333, -0.292145, 0.593002, -0.000000), (0.306702, -0.948504, -0.079210, 0.000000), (0.585605, 0.122442, 0.801296, -0.000000), (-0.517154, 0.800001, 0.418913, 1.000000))
INFO: Pose (no scale):
mat4x4((-0.212916, -0.265457, 0.924027, 0.000000), (-0.764903, -0.512920, -0.337565, 0.000000), (0.582423, -0.792817, -0.073147, 0.000000), (-0.227312, 0.046062, -0.060474, 1.000000))
INFO: Final:
mat4x4((0.728599, -0.121114, -0.638087, 0.000000), (0.614078, 0.467889, 0.609377, 0.000000), (0.248352, -0.853537, 0.441171, 0.000000), (-0.485140, -0.559113, -0.839032, 1.000000))
INFO: DEBUG: After Storing Bone DEF-hand.R
INFO: Bone [DEF-pelvis.L]
INFO: Bind (no scale):
mat4x4((-0.421772, 0.536322, -0.731072, 0.000000), (-0.276838, 0.691624, 0.667096, 0.000000), (0.863405, 0.483751, -0.143234, -0.000000), (0.386943, -0.531194, -0.612925, 1.000000))
INFO: Pose (no scale):
mat4x4((1.000000, 0.000000, -0.000000, 0.000000), (-0.000000, 1.000000, 0.000000, 0.000000), (0.000000, -0.000000, 1.000000, 0.000000), (-0.000000, -0.000000, 0.000000, 1.000000))
INFO: Final:
mat4x4((-0.421772, 0.536322, -0.731072, 0.000000), (-0.276838, 0.691624, 0.667096, 0.000000), (0.863405, 0.483751, -0.143234, 0.000000), (0.386943, -0.531194, -0.612925, 1.000000))
INFO: DEBUG: After Storing Bone DEF-pelvis.L
INFO: Bone [DEF-pelvis.R]
INFO: Bind (no scale):
mat4x4((-0.421772, -0.536322, 0.731072, -0.000000), (0.276838, 0.691624, 0.667096, -0.000000), (-0.863405, 0.483751, -0.143234, -0.000000), (-0.386943, -0.531194, -0.612925, 1.000000))
INFO: Pose (no scale):
mat4x4((1.000000, 0.000000, 0.000000, 0.000000), (-0.000000, 1.000000, 0.000000, 0.000000), (-0.000000, -0.000000, 1.000000, 0.000000), (-0.000000, -0.000000, 0.000000, 1.000000))
INFO: Final:
mat4x4((-0.421772, -0.536322, 0.731072, 0.000000), (0.276838, 0.691624, 0.667096, 0.000000), (-0.863405, 0.483751, -0.143234, 0.000000), (-0.386943, -0.531194, -0.612925, 1.000000))
INFO: DEBUG: After Storing Bone DEF-pelvis.R
INFO: Bone [DEF-shin.L]
INFO: Bind (no scale):
mat4x4((0.989208, 0.079812, 0.122871, -0.000000), (0.071651, -0.995008, 0.069469, 0.000000), (0.127802, -0.059915, -0.989989, -0.000000), (-0.134090, 0.464504, -0.154088, 1.000000))
INFO: Pose (no scale):
mat4x4((0.876016, 0.409918, -0.253849, 0.000000), (0.451326, -0.881401, 0.132506, 0.000000), (-0.169637, -0.230695, -0.957105, 0.000000), (0.183517, -0.269371, 0.001225, 1.000000))
INFO: Final:
mat4x4((0.881740, 0.306802, -0.358134, 0.000000), (-0.398090, 0.890346, -0.216522, 0.000000), (0.252854, 0.333583, 0.907141, 0.000000), (0.301834, -0.698204, 0.244292, 1.000000))
INFO: DEBUG: After Storing Bone DEF-shin.L
INFO: Bone [DEF-shin.L.001]
INFO: Bind (no scale):
mat4x4((0.989208, 0.079812, 0.122871, -0.000000), (0.071651, -0.995008, 0.069469, 0.000000), (0.127802, -0.059915, -0.989989, -0.000000), (-0.134090, 0.265820, -0.154088, 1.000000))
INFO: Pose (no scale):
mat4x4((0.876009, 0.409909, -0.253886, 0.000000), (0.451326, -0.881402, 0.132506, 0.000000), (-0.169671, -0.230711, -0.957095, 0.000000), (0.272794, -0.438397, 0.026764, 1.000000))
INFO: Final:
mat4x4((0.881729, 0.306792, -0.358170, 0.000000), (-0.398093, 0.890345, -0.216524, 0.000000), (0.252887, 0.333598, 0.907127, 0.000000), (0.301445, -0.692106, 0.243507, 1.000000))
INFO: DEBUG: After Storing Bone DEF-shin.L.001
INFO: Bone [DEF-shin.R]
INFO: Bind (no scale):
mat4x4((0.989208, -0.079812, -0.122871, -0.000000), (-0.071651, -0.995008, 0.069469, 0.000000), (-0.127802, -0.059915, -0.989989, -0.000000), (0.134090, 0.464504, -0.154088, 1.000000))
INFO: Pose (no scale):
mat4x4((0.913570, -0.402265, 0.059174, 0.000000), (-0.406204, -0.895787, 0.176069, 0.000000), (-0.017802, -0.184892, -0.981765, 0.000000), (-0.201936, -0.295820, -0.013336, 1.000000))
INFO: Final:
mat4x4((0.938318, -0.303712, 0.165113, 0.000000), (0.337481, 0.907293, -0.247632, 0.000000), (-0.074794, 0.288122, 0.953825, -0.000000), (-0.265375, -0.737367, 0.227662, 1.000000))
INFO: DEBUG: After Storing Bone DEF-shin.R
INFO: Bone [DEF-shin.R.001]
INFO: Bind (no scale):
mat4x4((0.989208, -0.079812, -0.122871, -0.000000), (-0.071651, -0.995008, 0.069469, 0.000000), (-0.127802, -0.059915, -0.989988, -0.000000), (0.134090, 0.265820, -0.154088, 1.000000))
INFO: Pose (no scale):
mat4x4((0.913570, -0.402261, 0.059197, 0.000000), (-0.406204, -0.895787, 0.176069, 0.000000), (-0.017781, -0.184901, -0.981764, 0.000000), (-0.281746, -0.468410, 0.023888, 1.000000))
INFO: Final:
mat4x4((0.938316, -0.303706, 0.165136, 0.000000), (0.337483, 0.907292, -0.247634, 0.000000), (-0.074815, 0.288131, 0.953820, -0.000000), (-0.264482, -0.731976, 0.229906, 1.000000))
INFO: DEBUG: After Storing Bone DEF-shin.R.001
INFO: Bone [DEF-shoulder.L]
INFO: Bind (no scale):
mat4x4((0.451632, 0.892182, -0.006365, -0.000000), (-0.000286, 0.007279, 0.999974, 0.000000), (0.892205, -0.451618, 0.003542, -0.000000), (0.045624, -0.050680, -1.394747, 1.000000))
INFO: Pose (no scale):
mat4x4((1.000000, 0.000000, -0.000000, 0.000000), (-0.000000, 1.000000, -0.000000, 0.000000), (0.000000, 0.000000, 1.000000, 0.000000), (0.000000, 0.000000, 0.000000, 1.000000))
INFO: Final:
mat4x4((0.451632, 0.892182, -0.006365, 0.000000), (-0.000286, 0.007279, 0.999974, 0.000000), (0.892205, -0.451618, 0.003542, 0.000000), (0.045624, -0.050680, -1.394747, 1.000000))
INFO: DEBUG: After Storing Bone DEF-shoulder.L
INFO: Bone [DEF-shoulder.R]
INFO: Bind (no scale):
mat4x4((0.451632, -0.892182, 0.006365, -0.000000), (0.000286, 0.007279, 0.999974, -0.000000), (-0.892205, -0.451618, 0.003542, -0.000000), (-0.045624, -0.050680, -1.394747, 1.000000))
INFO: Pose (no scale):
mat4x4((1.000000, 0.000000, -0.000000, 0.000000), (-0.000000, 1.000000, 0.000000, 0.000000), (0.000000, -0.000000, 1.000000, 0.000000), (0.000000, -0.000000, -0.000000, 1.000000))
INFO: Final:
mat4x4((0.451632, -0.892182, 0.006365, 0.000000), (0.000286, 0.007279, 0.999974, 0.000000), (-0.892205, -0.451618, 0.003542, 0.000000), (-0.045624, -0.050680, -1.394747, 1.000000))
INFO: DEBUG: After Storing Bone DEF-shoulder.R
INFO: Bone [DEF-spine]
INFO: Bind (no scale):
mat4x4((1.000000, 0.000000, 0.000000, -0.000000), (0.000000, 0.968339, -0.249639, 0.000000), (-0.000000, 0.249639, 0.968339, -0.000000), (-0.000000, -0.814249, 0.380221, 1.000000))
INFO: Pose (no scale):
mat4x4((0.999903, -0.000425, -0.013900, 0.000000), (0.013354, -0.249586, 0.968261, 0.000000), (-0.003880, -0.968353, -0.249556, 0.000000), (0.003950, -0.025326, 0.545025, 1.000000))
INFO: Final:
mat4x4((0.999903, -0.000425, -0.013900, 0.000000), (0.013900, 0.000055, 0.999903, 0.000000), (-0.000424, -1.000000, 0.000061, 0.000000), (-0.008399, -0.190289, -0.338266, 1.000000))
INFO: DEBUG: After Storing Bone DEF-spine
INFO: Bone [DEF-spine.001]
INFO: Bind (no scale):
mat4x4((1.000000, 0.000000, 0.000000, -0.000000), (0.000000, 0.992412, -0.122954, 0.000000), (-0.000000, 0.122954, 0.992412, -0.000000), (-0.000000, -0.986185, 0.255439, 1.000000))
INFO: Pose (no scale):
mat4x4((0.999903, -0.000425, -0.013900, 0.000000), (0.013742, -0.122899, 0.992324, 0.000000), (-0.002130, -0.992419, -0.122881, 0.000000), (0.005697, -0.057988, 0.671737, 1.000000))
INFO: Final:
mat4x4((0.999903, -0.000425, -0.013900, 0.000000), (0.013900, 0.000055, 0.999904, 0.000000), (-0.000424, -1.000000, 0.000061, 0.000000), (-0.008399, -0.190289, -0.338266, 1.000000))
INFO: DEBUG: After Storing Bone DEF-spine.001
INFO: Bone [DEF-spine.002]
INFO: Bind (no scale):
mat4x4((1.000000, 0.000000, 0.000000, -0.000000), (-0.000000, 0.999494, 0.031812, 0.000000), (-0.000000, -0.031812, 0.999494, -0.000000), (-0.000000, -1.129865, 0.081900, 1.000000))
INFO: Pose (no scale):
mat4x4((0.999903, -0.000425, -0.013900, 0.000000), (0.013906, 0.031868, 0.999395, 0.000000), (0.000019, -0.999492, 0.031871, 0.000000), (0.007311, -0.072425, 0.788305, 1.000000))
INFO: Final:
mat4x4((0.999903, -0.000425, -0.013900, 0.000000), (0.013900, 0.000056, 0.999903, 0.000000), (-0.000424, -1.000000, 0.000062, 0.000000), (-0.008399, -0.190289, -0.338267, 1.000000))
INFO: DEBUG: After Storing Bone DEF-spine.002
INFO: Bone [DEF-spine.003]
INFO: Bind (no scale):
mat4x4((1.000000, 0.000000, 0.000000, -0.000000), (-0.000000, 0.999592, 0.028560, 0.000000), (-0.000000, -0.028560, 0.999592, -0.000000), (0.000000, -1.278226, 0.086060, 1.000000))
INFO: Pose (no scale):
mat4x4((0.999903, -0.000425, -0.013900, 0.000000), (0.013906, 0.028615, 0.999494, 0.000000), (-0.000027, -0.999591, 0.028618, 0.000000), (0.009378, -0.067688, 0.936850, 1.000000))
INFO: Final:
mat4x4((0.999903, -0.000425, -0.013900, 0.000000), (0.013900, 0.000056, 0.999904, 0.000000), (-0.000424, -1.000000, 0.000061, 0.000000), (-0.008399, -0.190289, -0.338266, 1.000000))
INFO: DEBUG: After Storing Bone DEF-spine.003
INFO: Bone [DEF-spine.004]
INFO: Bind (no scale):
mat4x4((1.000000, 0.000000, -0.000000, -0.000000), (-0.000000, 0.929515, -0.368784, 0.000000), (0.000000, 0.368784, 0.929515, -0.000000), (0.000000, -1.292261, 0.649611, 1.000000))
INFO: Pose (no scale):
mat4x4((0.999903, -0.000425, -0.013900, 0.000000), (0.012763, -0.368732, 0.929448, 0.000000), (-0.005520, -0.929536, -0.368691, 0.000000), (0.011681, -0.062950, 1.102329, 1.000000))
INFO: Final:
mat4x4((0.999903, -0.000425, -0.013900, 0.000000), (0.013900, 0.000055, 0.999903, 0.000000), (-0.000424, -1.000000, 0.000061, 0.000000), (-0.008399, -0.190288, -0.338267, 1.000000))
