INFO: ImGui initialized successfully.
INFO: DEBUG: Initializing shaders...
INFO: DEBUG: Bone shader compiled successfully.
INFO: Shaders initialized successfully.
INFO: PhysicsManager initialized successfully.
INFO: Entering SceneTest3 for animation system expansion testing.
INFO: Loading model from path: CharacterModelTPose.fbx
INFO: ASSIMP ROOT NODE TRANSFORM (scene->mRootNode->mTransformation):
INFO: mat4x4((1.000000, 0.000000, 0.000000, 0.000000), (0.000000, 1.000000, 0.000000, 0.000000), (0.000000, 0.000000, 1.000000, 0.000000), (0.000000, 0.000000, 0.000000, 1.000000))
WARNING: INFO: Root transform is IDENTITY matrix.
INFO: Global inverse transform set from root node transformation.
INFO: Debug: VAO Bone IDs bound to location 3.
INFO: Debug: VAO Bone Weights bound to location 4.
INFO: Explicitly logging vertex attribute configuration:
INFO: Position bound to location 0
INFO: Normal bound to location 1
INFO: TexCoords bound to location 2
INFO: BoneIDs bound to location 3 (int attribute)
INFO: Bone Weights bound to location 4 (GL_FLOAT)
INFO: Vertex data size: 6984
INFO: Indices count: 6984
INFO: Vertex[0] Position: vec3(0.061047, 0.485192, -0.101388)
INFO: Vertex[0] Normal: vec3(-0.999759, 0.010175, -0.019474)
INFO: Vertex[0] TexCoords: vec2(0.793786, 0.755578)
INFO: Vertex[0] BoneIDs: [10, 11, -1, -1]
INFO: Vertex[0] Weights: [0.898307, 0.101693, 0.000000, 0.000000]
INFO: Debug: VAO Bone IDs bound to location 3.
INFO: Debug: VAO Bone Weights bound to location 4.
INFO: Explicitly logging vertex attribute configuration:
INFO: Position bound to location 0
INFO: Normal bound to location 1
INFO: TexCoords bound to location 2
INFO: BoneIDs bound to location 3 (int attribute)
INFO: Bone Weights bound to location 4 (GL_FLOAT)
INFO: Vertex data size: 432
INFO: Indices count: 432
INFO: Vertex[0] Position: vec3(0.160886, 0.787475, -0.128936)
INFO: Vertex[0] Normal: vec3(0.985015, 0.159908, -0.064617)
INFO: Vertex[0] TexCoords: vec2(0.870803, 0.998961)
INFO: Vertex[0] BoneIDs: [9, -1, -1, -1]
INFO: Vertex[0] Weights: [1.000000, 0.000000, 0.000000, 0.000000]
INFO: ==== Explicit Bone Mapping BEGIN ====
INFO: Bone Mapping ID[2] maps to Bone Name[DEF-spine.002]
INFO: Bone Mapping ID[10] maps to Bone Name[DEF-thigh.L.001]
INFO: Bone Mapping ID[0] maps to Bone Name[DEF-spine]
INFO: Bone Mapping ID[1] maps to Bone Name[DEF-spine.001]
INFO: Bone Mapping ID[3] maps to Bone Name[DEF-spine.003]
INFO: Bone Mapping ID[7] maps to Bone Name[DEF-pelvis.L]
INFO: Bone Mapping ID[4] maps to Bone Name[DEF-spine.004]
INFO: Bone Mapping ID[23] maps to Bone Name[DEF-upper_arm.L.001]
INFO: Bone Mapping ID[9] maps to Bone Name[DEF-thigh.L]
INFO: Bone Mapping ID[5] maps to Bone Name[DEF-spine.005]
INFO: Bone Mapping ID[25] maps to Bone Name[DEF-forearm.L.001]
INFO: Bone Mapping ID[18] maps to Bone Name[DEF-shin.R.001]
INFO: Bone Mapping ID[6] maps to Bone Name[DEF-spine.006]
INFO: Bone Mapping ID[8] maps to Bone Name[DEF-pelvis.R]
INFO: Bone Mapping ID[30] maps to Bone Name[DEF-forearm.R]
INFO: Bone Mapping ID[11] maps to Bone Name[DEF-shin.L]
INFO: Bone Mapping ID[31] maps to Bone Name[DEF-forearm.R.001]
INFO: Bone Mapping ID[12] maps to Bone Name[DEF-shin.L.001]
INFO: Bone Mapping ID[13] maps to Bone Name[DEF-foot.L]
INFO: Bone Mapping ID[14] maps to Bone Name[DEF-toe.L]
INFO: Bone Mapping ID[15] maps to Bone Name[DEF-thigh.R]
INFO: Bone Mapping ID[16] maps to Bone Name[DEF-thigh.R.001]
INFO: Bone Mapping ID[24] maps to Bone Name[DEF-forearm.L]
INFO: Bone Mapping ID[17] maps to Bone Name[DEF-shin.R]
INFO: Bone Mapping ID[19] maps to Bone Name[DEF-foot.R]
INFO: Bone Mapping ID[20] maps to Bone Name[DEF-toe.R]
INFO: Bone Mapping ID[21] maps to Bone Name[DEF-shoulder.L]
INFO: Bone Mapping ID[22] maps to Bone Name[DEF-upper_arm.L]
INFO: Bone Mapping ID[26] maps to Bone Name[DEF-hand.L]
INFO: Bone Mapping ID[27] maps to Bone Name[DEF-shoulder.R]
INFO: Bone Mapping ID[28] maps to Bone Name[DEF-upper_arm.R]
INFO: Bone Mapping ID[29] maps to Bone Name[DEF-upper_arm.R.001]
INFO: Bone Mapping ID[32] maps to Bone Name[DEF-hand.R]
INFO: Bone Mapping ID[33] maps to Bone Name[DEF-breast.L]
INFO: Bone Mapping ID[34] maps to Bone Name[DEF-breast.R]
INFO: ==== EXPLICIT BONE MAPPING END ====
INFO: Processing node: RootNode with parent:
INFO: Processing node: Low poly man with parent:
INFO: Processing node: Low poly man.001 with parent:
INFO: Processing node: rig with parent:
INFO: Processing node: root with parent:
INFO: Captured local bind transform for bone [DEF-spine]: mat4x4((1.000000, 0.000000, 0.000000, 0.000000), (-0.000000, -0.249639, 0.968339, 0.000000), (0.000000, -0.968339, -0.249639, 0.000000), (0.000000, 0.164914, 0.883387, 1.000000))
INFO: Processing node: DEF-spine with parent:
INFO: Bone [DEF-spine] parent set to:
INFO: Captured local bind transform for bone [DEF-spine.001]: mat4x4((1.000000, -0.000000, 0.000000, 0.000000), (0.000000, 0.991686, -0.128684, 0.000000), (0.000000, 0.128684, 0.991686, 0.000000), (0.000000, 0.130866, -0.000000, 1.000000))
INFO: Processing node: DEF-spine.001 with parent: DEF-spine
INFO: Bone [DEF-spine.001] parent set to: DEF-spine
INFO: Captured local bind transform for bone [DEF-spine.002]: mat4x4((1.000000, -0.000000, 0.000000, 0.000000), (0.000000, 0.987999, -0.154463, 0.000000), (0.000000, 0.154463, 0.987999, 0.000000), (0.000000, 0.117469, 0.000000, 1.000000))
INFO: Processing node: DEF-spine.002 with parent: DEF-spine.001
INFO: Bone [DEF-spine.002] parent set to: DEF-spine.001
INFO: Captured local bind transform for bone [DEF-spine.003]: mat4x4((1.000000, 0.000000, 0.000000, 0.000000), (-0.000000, 0.999995, 0.003254, 0.000000), (-0.000000, -0.003254, 0.999995, 0.000000), (-0.000000, 0.148635, -0.000000, 1.000000))
INFO: Processing node: DEF-spine.003 with parent: DEF-spine.002
INFO: Bone [DEF-spine.003] parent set to: DEF-spine.002
INFO: Captured local bind transform for bone [DEF-spine.004]: mat4x4((1.000000, 0.000000, 0.000000, 0.000000), (0.000000, 0.918604, 0.395180, 0.000000), (0.000000, -0.395180, 0.918604, 0.000000), (0.000000, 0.165563, -0.000000, 1.000000))
INFO: Processing node: DEF-spine.004 with parent: DEF-spine.003
INFO: Bone [DEF-spine.004] parent set to: DEF-spine.003
INFO: Captured local bind transform for bone [DEF-spine.005]: mat4x4((1.000000, 0.000000, 0.000000, 0.000000), (0.000000, 0.982004, -0.188860, 0.000000), (0.000000, 0.188860, 0.982004, 0.000000), (0.000000, 0.056882, -0.000000, 1.000000))
INFO: Processing node: DEF-spine.005 with parent: DEF-spine.004
INFO: Bone [DEF-spine.005] parent set to: DEF-spine.004
INFO: Captured local bind transform for bone [DEF-spine.006]: mat4x4((1.000000, 0.000000, 0.000000, 0.000000), (0.000000, 0.982436, -0.186599, 0.000000), (0.000000, 0.186599, 0.982436, 0.000000), (-0.000000, 0.053906, -0.000000, 1.000000))
INFO: Processing node: DEF-spine.006 with parent: DEF-spine.005
INFO: Bone [DEF-spine.006] parent set to: DEF-spine.005
INFO: Processing node: MCH-torso.parent with parent:
INFO: Processing node: torso with parent:
INFO: Processing node: MCH-spine.001 with parent:
INFO: Processing node: spine_fk.001 with parent:
INFO: Processing node: MCH-spine with parent:
INFO: Processing node: spine_fk with parent:
INFO: Processing node: tweak_spine with parent:
INFO: Processing node: ORG-spine with parent:
INFO: Processing node: ORG-pelvis.L with parent:
INFO: Captured local bind transform for bone [DEF-pelvis.L]: mat4x4((1.000000, 0.000000, 0.000000, 0.000000), (0.000000, 1.000000, 0.000000, 0.000000), (0.000000, 0.000000, 1.000000, 0.000000), (0.000000, 0.000000, 0.000000, 1.000000))
INFO: Processing node: DEF-pelvis.L with parent:
INFO: Bone [DEF-pelvis.L] parent set to:
INFO: Processing node: ORG-pelvis.R with parent:
INFO: Captured local bind transform for bone [DEF-pelvis.R]: mat4x4((1.000000, 0.000000, 0.000000, 0.000000), (0.000000, 1.000000, 0.000000, 0.000000), (0.000000, 0.000000, 1.000000, 0.000000), (0.000000, 0.000000, 0.000000, 1.000000))
INFO: Processing node: DEF-pelvis.R with parent:
INFO: Bone [DEF-pelvis.R] parent set to:
INFO: Captured local bind transform for bone [DEF-thigh.L]: mat4x4((0.989208, 0.101287, 0.105869, 0.000000), (0.066376, -0.953965, 0.292480, 0.000000), (0.130620, -0.282296, -0.950393, 0.000000), (0.084253, 0.060884, 0.022303, 1.000000))
INFO: Processing node: DEF-thigh.L with parent:
INFO: Bone [DEF-thigh.L] parent set to:
INFO: Captured local bind transform for bone [DEF-thigh.L.001]: mat4x4((1.000000, 0.000000, 0.000000, 0.000000), (0.000000, 1.000000, 0.000000, 0.000000), (0.000000, 0.000000, 1.000000, 0.000000), (0.000000, 0.227874, 0.000000, 1.000000))
INFO: Processing node: DEF-thigh.L.001 with parent: DEF-thigh.L
INFO: Bone [DEF-thigh.L.001] parent set to: DEF-thigh.L
INFO: Captured local bind transform for bone [DEF-shin.L]: mat4x4((1.000000, -0.000000, 0.000000, 0.000000), (0.000000, 0.994397, 0.105710, 0.000000), (-0.000000, -0.105710, 0.994397, 0.000000), (-0.000000, 0.227874, 0.000000, 1.000000))
INFO: Processing node: DEF-shin.L with parent: DEF-thigh.L.001
INFO: Bone [DEF-shin.L] parent set to: DEF-thigh.L.001
INFO: Captured local bind transform for bone [DEF-shin.L.001]: mat4x4((1.000000, 0.000000, 0.000000, 0.000000), (0.000000, 1.000000, 0.000000, 0.000000), (0.000000, 0.000000, 1.000000, 0.000000), (0.000000, 0.198684, -0.000000, 1.000000))
INFO: Processing node: DEF-shin.L.001 with parent: DEF-shin.L
INFO: Bone [DEF-shin.L.001] parent set to: DEF-shin.L
INFO: Captured local bind transform for bone [DEF-foot.L]: mat4x4((0.989239, 0.079600, 0.122758, 0.000000), (0.070401, 0.476545, -0.876327, 0.000000), (-0.128255, 0.875539, 0.465813, 0.000000), (-0.000000, 0.198684, 0.000000, 1.000000))
INFO: Processing node: DEF-foot.L with parent: DEF-shin.L.001
INFO: Bone [DEF-foot.L] parent set to: DEF-shin.L.001
INFO: Captured local bind transform for bone [DEF-toe.L]: mat4x4((-1.000000, -0.000001, -0.000244, 0.000000), (0.000129, 0.847998, -0.529999, 0.000000), (0.000207, -0.529999, -0.847998, 0.000000), (0.000000, 0.111115, 0.000000, 1.000000))
INFO: Processing node: DEF-toe.L with parent: DEF-foot.L
INFO: Bone [DEF-toe.L] parent set to: DEF-foot.L
INFO: Captured local bind transform for bone [DEF-thigh.R]: mat4x4((0.989208, -0.101287, -0.105869, 0.000000), (-0.066376, -0.953965, 0.292480, 0.000000), (-0.130620, -0.282296, -0.950393, 0.000000), (-0.084253, 0.060884, 0.022303, 1.000000))
INFO: Processing node: DEF-thigh.R with parent:
INFO: Bone [DEF-thigh.R] parent set to:
INFO: Captured local bind transform for bone [DEF-thigh.R.001]: mat4x4((1.000000, 0.000000, 0.000000, 0.000000), (0.000000, 1.000000, 0.000000, 0.000000), (0.000000, 0.000000, 1.000000, 0.000000), (0.000000, 0.227874, 0.000000, 1.000000))
INFO: Processing node: DEF-thigh.R.001 with parent: DEF-thigh.R
INFO: Bone [DEF-thigh.R.001] parent set to: DEF-thigh.R
INFO: Captured local bind transform for bone [DEF-shin.R]: mat4x4((1.000000, 0.000000, -0.000001, 0.000000), (-0.000000, 0.994397, 0.105710, 0.000000), (0.000001, -0.105710, 0.994397, 0.000000), (-0.000000, 0.227874, -0.000000, 1.000000))
INFO: Processing node: DEF-shin.R with parent: DEF-thigh.R.001
INFO: Bone [DEF-shin.R] parent set to: DEF-thigh.R.001
INFO: Captured local bind transform for bone [DEF-shin.R.001]: mat4x4((1.000000, 0.000000, 0.000000, 0.000000), (0.000000, 1.000000, 0.000000, 0.000000), (0.000000, 0.000000, 1.000000, 0.000000), (-0.000000, 0.198684, 0.000000, 1.000000))
INFO: Processing node: DEF-shin.R.001 with parent: DEF-shin.R
INFO: Bone [DEF-shin.R.001] parent set to: DEF-shin.R
INFO: Captured local bind transform for bone [DEF-foot.R]: mat4x4((0.989239, -0.079599, -0.122757, 0.000000), (-0.070400, 0.476545, -0.876327, 0.000000), (0.128255, 0.875539, 0.465813, 0.000000), (-0.000000, 0.198684, -0.000000, 1.000000))
INFO: Processing node: DEF-foot.R with parent: DEF-shin.R.001
INFO: Bone [DEF-foot.R] parent set to: DEF-shin.R.001
INFO: Captured local bind transform for bone [DEF-toe.R]: mat4x4((-1.000000, 0.000001, 0.000244, 0.000000), (-0.000129, 0.847999, -0.529999, 0.000000), (-0.000207, -0.529999, -0.847999, 0.000000), (-0.000000, 0.111115, 0.000000, 1.000000))
INFO: Processing node: DEF-toe.R with parent: DEF-foot.R
INFO: Bone [DEF-toe.R] parent set to: DEF-foot.R
INFO: Processing node: MCH-spine.002 with parent:
INFO: Processing node: spine_fk.002 with parent:
INFO: Processing node: MCH-spine.003 with parent:
INFO: Processing node: spine_fk.003 with parent:
INFO: Processing node: tweak_spine.003 with parent:
INFO: Processing node: ORG-spine.003 with parent:
INFO: Processing node: ORG-shoulder.L with parent:
INFO: Captured local bind transform for bone [DEF-shoulder.L]: mat4x4((1.000000, 0.000000, 0.000000, 0.000000), (0.000000, 1.000000, 0.000000, 0.000000), (0.000000, 0.000000, 1.000000, 0.000000), (0.000000, 0.000000, 0.000000, 1.000000))
WARNING: ARM CHAIN NODE FOUND: DEF-shoulder.L  -> Parent:
INFO: Processing node: DEF-shoulder.L with parent:
INFO: Bone [DEF-shoulder.L] parent set to:
INFO: Captured local bind transform for bone [DEF-upper_arm.L]: mat4x4((-0.840223, -0.390785, -0.375916, 0.000000), (0.159011, 0.485214, -0.859816, 0.000000), (0.518403, -0.782212, -0.345548, 0.000000), (0.004115, 0.189038, -0.016364, 1.000000))
WARNING: ARM CHAIN NODE FOUND: DEF-upper_arm.L  -> Parent:
INFO: Processing node: DEF-upper_arm.L with parent:
INFO: Bone [DEF-upper_arm.L] parent set to:
INFO: Captured local bind transform for bone [DEF-upper_arm.L.001]: mat4x4((1.000000, 0.000000, 0.000000, 0.000000), (0.000000, 1.000000, 0.000000, 0.000000), (0.000000, 0.000000, 1.000000, 0.000000), (0.000000, 0.129039, 0.000000, 1.000000))
WARNING: ARM CHAIN NODE FOUND: DEF-upper_arm.L.001  -> Parent: DEF-upper_arm.L
INFO: Processing node: DEF-upper_arm.L.001 with parent: DEF-upper_arm.L
INFO: Bone [DEF-upper_arm.L.001] parent set to: DEF-upper_arm.L
INFO: Captured local bind transform for bone [DEF-forearm.L]: mat4x4((1.000000, -0.000000, 0.000000, 0.000000), (0.000000, 0.965789, 0.259330, 0.000000), (-0.000000, -0.259330, 0.965789, 0.000000), (-0.000000, 0.129039, -0.000000, 1.000000))
WARNING: ARM CHAIN NODE FOUND: DEF-forearm.L  -> Parent: DEF-upper_arm.L.001
INFO: Processing node: DEF-forearm.L with parent: DEF-upper_arm.L.001
INFO: Bone [DEF-forearm.L] parent set to: DEF-upper_arm.L.001
INFO: Captured local bind transform for bone [DEF-forearm.L.001]: mat4x4((1.000000, 0.000000, 0.000000, 0.000000), (0.000000, 1.000000, 0.000000, 0.000000), (0.000000, 0.000000, 1.000000, 0.000000), (0.000000, 0.113552, 0.000000, 1.000000))
WARNING: ARM CHAIN NODE FOUND: DEF-forearm.L.001  -> Parent: DEF-forearm.L
INFO: Processing node: DEF-forearm.L.001 with parent: DEF-forearm.L
INFO: Bone [DEF-forearm.L.001] parent set to: DEF-forearm.L
INFO: Captured local bind transform for bone [DEF-hand.L]: mat4x4((0.997057, -0.076593, -0.003170, 0.000000), (0.076659, 0.996204, 0.041249, 0.000000), (-0.000001, -0.041370, 0.999144, 0.000000), (-0.000000, 0.113552, 0.000000, 1.000000))
WARNING: ARM CHAIN NODE FOUND: DEF-hand.L  -> Parent: DEF-forearm.L.001
INFO: Processing node: DEF-hand.L with parent: DEF-forearm.L.001
INFO: Bone [DEF-hand.L] parent set to: DEF-forearm.L.001
INFO: Processing node: ORG-shoulder.R with parent:
INFO: Captured local bind transform for bone [DEF-shoulder.R]: mat4x4((1.000000, 0.000000, 0.000000, 0.000000), (0.000000, 1.000000, 0.000000, 0.000000), (0.000000, 0.000000, 1.000000, 0.000000), (0.000000, 0.000000, 0.000000, 1.000000))
INFO: Processing node: DEF-shoulder.R with parent:
INFO: Bone [DEF-shoulder.R] parent set to:
INFO: Captured local bind transform for bone [DEF-upper_arm.R]: mat4x4((-0.840223, 0.390785, 0.375916, 0.000000), (-0.159011, 0.485214, -0.859816, 0.000000), (-0.518403, -0.782212, -0.345548, 0.000000), (-0.004115, 0.189038, -0.016364, 1.000000))
INFO: Processing node: DEF-upper_arm.R with parent:
INFO: Bone [DEF-upper_arm.R] parent set to:
INFO: Captured local bind transform for bone [DEF-upper_arm.R.001]: mat4x4((1.000000, 0.000000, 0.000000, 0.000000), (0.000000, 1.000000, 0.000000, 0.000000), (0.000000, 0.000000, 1.000000, 0.000000), (-0.000000, 0.129039, 0.000000, 1.000000))
INFO: Processing node: DEF-upper_arm.R.001 with parent: DEF-upper_arm.R
INFO: Bone [DEF-upper_arm.R.001] parent set to: DEF-upper_arm.R
INFO: Captured local bind transform for bone [DEF-forearm.R]: mat4x4((1.000000, 0.000000, -0.000000, 0.000000), (-0.000000, 0.965789, 0.259330, 0.000000), (0.000000, -0.259330, 0.965789, 0.000000), (0.000000, 0.129039, -0.000000, 1.000000))
INFO: Processing node: DEF-forearm.R with parent: DEF-upper_arm.R.001
INFO: Bone [DEF-forearm.R] parent set to: DEF-upper_arm.R.001
INFO: Captured local bind transform for bone [DEF-forearm.R.001]: mat4x4((1.000000, 0.000000, 0.000000, 0.000000), (0.000000, 1.000000, 0.000000, 0.000000), (0.000000, 0.000000, 1.000000, 0.000000), (-0.000000, 0.113552, 0.000000, 1.000000))
INFO: Processing node: DEF-forearm.R.001 with parent: DEF-forearm.R
INFO: Bone [DEF-forearm.R.001] parent set to: DEF-forearm.R
INFO: Captured local bind transform for bone [DEF-hand.R]: mat4x4((0.997057, 0.076593, 0.003171, 0.000000), (-0.076659, 0.996204, 0.041249, 0.000000), (0.000001, -0.041371, 0.999144, 0.000000), (0.000000, 0.113552, 0.000000, 1.000000))
INFO: Processing node: DEF-hand.R with parent: DEF-forearm.R.001
INFO: Bone [DEF-hand.R] parent set to: DEF-forearm.R.001
INFO: Processing node: ORG-breast.L with parent:
INFO: Captured local bind transform for bone [DEF-breast.L]: mat4x4((1.000000, 0.000000, 0.000000, 0.000000), (0.000000, 1.000000, 0.000000, 0.000000), (0.000000, 0.000000, 1.000000, 0.000000), (0.000000, 0.000000, 0.000000, 1.000000))
INFO: Processing node: DEF-breast.L with parent:
INFO: Bone [DEF-breast.L] parent set to:
INFO: Processing node: ORG-breast.R with parent:
INFO: Captured local bind transform for bone [DEF-breast.R]: mat4x4((1.000000, 0.000000, 0.000000, 0.000000), (0.000000, 1.000000, 0.000000, 0.000000), (0.000000, 0.000000, 1.000000, 0.000000), (0.000000, 0.000000, 0.000000, 1.000000))
INFO: Processing node: DEF-breast.R with parent:
INFO: Bone [DEF-breast.R] parent set to:
INFO: Bone hierarchy successfully built from scene graph.
INFO: Loaded 2 meshes.
INFO: INFO: Model loaded successfully.
INFO: DEBUG: Bounding Box Center: (-0.000000, 0.878198, -0.082552)
INFO: DEBUG: Bounding Box Radius: 0.987355
INFO: DEBUG: Adjusted Camera Position: (-0.000000, 0.878198, 5.876665)
INFO: Loaded clip 'animations/Idle.fbx' fps=60.000000
INFO: NOW PLAYING: Idle | keyframes = 61 | length = 1.000000 s
WARNING: POSE AT t=0 FOR DEF-spine:
mat4x4((1.000000, 0.000000, 0.000000, 0.000000), (0.000000, -0.249640, 0.968339, 0.000000), (0.000000, -0.968339, -0.249640, 0.000000), (-0.000000, 0.164915, 0.883387, 1.000000))
WARNING: BIND POSE LOCAL FOR DEF-spine:
mat4x4((1.000000, 0.000000, 0.000000, 0.000000), (-0.000000, -0.249639, 0.968339, 0.000000), (0.000000, -0.968339, -0.249639, 0.000000), (0.000000, 0.164914, 0.883387, 1.000000))
WARNING: POSE AT t=0 FOR DEF-thigh.L:
mat4x4((-0.326711, 0.641914, -0.693691, 0.000000), (0.286865, -0.631992, -0.719927, 0.000000), (-0.900538, -0.434204, 0.022336, 0.000000), (-0.018545, 0.099911, -0.031250, 1.000000))
WARNING: BIND POSE LOCAL FOR DEF-thigh.L:
mat4x4((0.989208, 0.101287, 0.105869, 0.000000), (0.066376, -0.953965, 0.292480, 0.000000), (0.130620, -0.282296, -0.950393, 0.000000), (0.084253, 0.060884, 0.022303, 1.000000))
WARNING: POSE AT t=0 FOR DEF-upper_arm.L:
mat4x4((-0.840223, -0.390786, -0.375917, 0.000000), (0.159012, 0.485212, -0.859817, 0.000000), (0.518404, -0.782212, -0.345546, 0.000000), (0.004115, 0.189038, -0.016364, 1.000000))
WARNING: BIND POSE LOCAL FOR DEF-upper_arm.L:
mat4x4((-0.840223, -0.390785, -0.375916, 0.000000), (0.159011, 0.485214, -0.859816, 0.000000), (0.518403, -0.782212, -0.345548, 0.000000), (0.004115, 0.189038, -0.016364, 1.000000))
WARNING: [WARN] Bone 'DEF-pelvis.L' differs between bind pose and first frame.
WARNING: [WARN] Bone 'DEF-pelvis.R' differs between bind pose and first frame.
WARNING: [WARN] Bone 'DEF-thigh.L' differs between bind pose and first frame.
WARNING: [WARN] Bone 'DEF-thigh.R' differs between bind pose and first frame.
WARNING: [WARN] Bone 'DEF-shoulder.L' differs between bind pose and first frame.
WARNING: [WARN] Bone 'DEF-shoulder.R' differs between bind pose and first frame.
WARNING: [WARN] Bone 'DEF-breast.L' differs between bind pose and first frame.
WARNING: [WARN] Bone 'DEF-breast.R' differs between bind pose and first frame.
INFO: Loaded clip 'animations/Stance1.fbx' fps=60.000000
WARNING: POSE AT t=0 FOR DEF-spine:
mat4x4((1.000000, 0.000000, 0.000000, 0.000000), (0.000000, -0.249640, 0.968339, 0.000000), (0.000000, -0.968339, -0.249640, 0.000000), (-0.000000, 0.164915, 0.883387, 1.000000))
WARNING: BIND POSE LOCAL FOR DEF-spine:
mat4x4((1.000000, 0.000000, 0.000000, 0.000000), (-0.000000, -0.249639, 0.968339, 0.000000), (0.000000, -0.968339, -0.249639, 0.000000), (0.000000, 0.164914, 0.883387, 1.000000))
WARNING: POSE AT t=0 FOR DEF-thigh.L:
mat4x4((-0.326711, 0.641914, -0.693691, 0.000000), (0.286865, -0.631992, -0.719927, 0.000000), (-0.900538, -0.434204, 0.022336, 0.000000), (-0.018545, 0.099911, -0.031250, 1.000000))
WARNING: BIND POSE LOCAL FOR DEF-thigh.L:
mat4x4((0.989208, 0.101287, 0.105869, 0.000000), (0.066376, -0.953965, 0.292480, 0.000000), (0.130620, -0.282296, -0.950393, 0.000000), (0.084253, 0.060884, 0.022303, 1.000000))
WARNING: POSE AT t=0 FOR DEF-upper_arm.L:
mat4x4((-0.840223, -0.390786, -0.375917, 0.000000), (0.159012, 0.485212, -0.859817, 0.000000), (0.518404, -0.782212, -0.345546, 0.000000), (0.004115, 0.189038, -0.016364, 1.000000))
WARNING: BIND POSE LOCAL FOR DEF-upper_arm.L:
mat4x4((-0.840223, -0.390785, -0.375916, 0.000000), (0.159011, 0.485214, -0.859816, 0.000000), (0.518403, -0.782212, -0.345548, 0.000000), (0.004115, 0.189038, -0.016364, 1.000000))
WARNING: [WARN] Bone 'DEF-pelvis.L' differs between bind pose and first frame.
WARNING: [WARN] Bone 'DEF-pelvis.R' differs between bind pose and first frame.
WARNING: [WARN] Bone 'DEF-thigh.L' differs between bind pose and first frame.
WARNING: [WARN] Bone 'DEF-thigh.R' differs between bind pose and first frame.
WARNING: [WARN] Bone 'DEF-shoulder.L' differs between bind pose and first frame.
WARNING: [WARN] Bone 'DEF-shoulder.R' differs between bind pose and first frame.
WARNING: [WARN] Bone 'DEF-breast.L' differs between bind pose and first frame.
WARNING: [WARN] Bone 'DEF-breast.R' differs between bind pose and first frame.
INFO: Loaded clip 'animations/Jab_Head.fbx' fps=60.000000
WARNING: POSE AT t=0 FOR DEF-spine:
mat4x4((1.000000, 0.000000, 0.000000, 0.000000), (0.000000, -0.249640, 0.968339, 0.000000), (0.000000, -0.968339, -0.249640, 0.000000), (-0.000000, 0.164915, 0.883387, 1.000000))
WARNING: BIND POSE LOCAL FOR DEF-spine:
mat4x4((1.000000, 0.000000, 0.000000, 0.000000), (-0.000000, -0.249639, 0.968339, 0.000000), (0.000000, -0.968339, -0.249639, 0.000000), (0.000000, 0.164914, 0.883387, 1.000000))
WARNING: POSE AT t=0 FOR DEF-thigh.L:
mat4x4((-0.326711, 0.641914, -0.693691, 0.000000), (0.286865, -0.631992, -0.719927, 0.000000), (-0.900538, -0.434204, 0.022336, 0.000000), (-0.018545, 0.099911, -0.031250, 1.000000))
WARNING: BIND POSE LOCAL FOR DEF-thigh.L:
mat4x4((0.989208, 0.101287, 0.105869, 0.000000), (0.066376, -0.953965, 0.292480, 0.000000), (0.130620, -0.282296, -0.950393, 0.000000), (0.084253, 0.060884, 0.022303, 1.000000))
WARNING: POSE AT t=0 FOR DEF-upper_arm.L:
mat4x4((-0.840223, -0.390786, -0.375917, 0.000000), (0.159012, 0.485212, -0.859817, 0.000000), (0.518404, -0.782212, -0.345546, 0.000000), (0.004115, 0.189038, -0.016364, 1.000000))
WARNING: BIND POSE LOCAL FOR DEF-upper_arm.L:
mat4x4((-0.840223, -0.390785, -0.375916, 0.000000), (0.159011, 0.485214, -0.859816, 0.000000), (0.518403, -0.782212, -0.345548, 0.000000), (0.004115, 0.189038, -0.016364, 1.000000))
WARNING: [WARN] Bone 'DEF-pelvis.L' differs between bind pose and first frame.
WARNING: [WARN] Bone 'DEF-pelvis.R' differs between bind pose and first frame.
WARNING: [WARN] Bone 'DEF-thigh.L' differs between bind pose and first frame.
WARNING: [WARN] Bone 'DEF-thigh.R' differs between bind pose and first frame.
WARNING: [WARN] Bone 'DEF-shoulder.L' differs between bind pose and first frame.
WARNING: [WARN] Bone 'DEF-shoulder.R' differs between bind pose and first frame.
WARNING: [WARN] Bone 'DEF-breast.L' differs between bind pose and first frame.
WARNING: [WARN] Bone 'DEF-breast.R' differs between bind pose and first frame.
WARNING: [WARN] DEF-pelvis.L differs from bind pose in first frame.
WARNING: [WARN] DEF-pelvis.R differs from bind pose in first frame.
WARNING: [WARN] DEF-thigh.L differs from bind pose in first frame.
WARNING: [WARN] DEF-thigh.R differs from bind pose in first frame.
WARNING: [WARN] DEF-shoulder.L differs from bind pose in first frame.
WARNING: [WARN] DEF-shoulder.R differs from bind pose in first frame.
WARNING: [WARN] DEF-breast.L differs from bind pose in first frame.
WARNING: [WARN] DEF-breast.R differs from bind pose in first frame.
INFO: INFO: Set current animation to Idle.
INFO: Bone [DEF-breast.L]
INFO: Bind (no scale):
mat4x4((-1.000000, -0.000000, -0.000000, 0.000000), (-0.000000, -0.000000, 1.000000, 0.000000), (-0.000000, 1.000000, 0.000000, -0.000000), (0.101791, 0.159154, -1.270002, 1.000000))
INFO: Pose (no scale):
mat4x4((1.000000, 0.000000, 0.000000, 0.000000), (0.000000, 1.000000, 0.000000, 0.000000), (0.000000, 0.000000, 1.000000, 0.000000), (0.000000, -0.000000, 0.000000, 1.000000))
INFO: Final:
mat4x4((-1.000000, -0.000000, -0.000000, 0.000000), (-0.000000, -0.000000, 1.000000, 0.000000), (-0.000000, 1.000000, 0.000000, 0.000000), (0.101791, 0.159154, -1.270002, 1.000000))
INFO: DEBUG: After Storing Bone DEF-breast.L
INFO: Bone [DEF-breast.R]
INFO: Bind (no scale):
mat4x4((-1.000000, -0.000000, -0.000000, 0.000000), (-0.000000, -0.000000, 1.000000, 0.000000), (-0.000000, 1.000000, 0.000000, -0.000000), (-0.101791, 0.159154, -1.270002, 1.000000))
INFO: Pose (no scale):
mat4x4((1.000000, 0.000000, 0.000000, 0.000000), (0.000000, 1.000000, 0.000000, 0.000000), (0.000000, 0.000000, 1.000000, 0.000000), (0.000000, -0.000000, 0.000000, 1.000000))
INFO: Final:
mat4x4((-1.000000, -0.000000, -0.000000, 0.000000), (-0.000000, -0.000000, 1.000000, 0.000000), (-0.000000, 1.000000, 0.000000, 0.000000), (-0.101791, 0.159154, -1.270002, 1.000000))
INFO: DEBUG: After Storing Bone DEF-breast.R
INFO: Bone [DEF-foot.L]
INFO: Bind (no scale):
mat4x4((1.000000, -0.000000, 0.000243, -0.000000), (0.000206, -0.529999, -0.847999, 0.000000), (0.000129, 0.847999, -0.529999, -0.000000), (-0.146219, 0.157585, 0.004202, 1.000000))
INFO: Pose (no scale):
mat4x4((-0.609288, -0.736861, 0.292926, 0.000000), (-0.735936, 0.387934, -0.554893, 0.000000), (0.295243, -0.553664, -0.778647, 0.000000), (-0.172314, -0.171892, -0.823871, 1.000000))
INFO: Final:
mat4x4((-0.609217, -0.736996, 0.292737, 0.000000), (0.139554, 0.263750, 0.954445, 0.000000), (-0.780630, 0.622314, -0.057829, 0.000000), (-0.197956, -0.005343, -0.957417, 1.000000))
INFO: DEBUG: After Storing Bone DEF-foot.L
INFO: Bone [DEF-foot.R]
INFO: Bind (no scale):
mat4x4((1.000000, 0.000000, -0.000243, -0.000000), (-0.000206, -0.529998, -0.847998, 0.000000), (-0.000129, 0.847999, -0.529998, -0.000000), (0.146219, 0.157584, 0.004202, 1.000000))
INFO: Pose (no scale):
mat4x4((-0.609290, 0.736861, -0.292924, 0.000000), (0.735935, 0.387935, -0.554893, 0.000000), (-0.295243, -0.553663, -0.778648, 0.000000), (0.172313, -0.171892, -0.823871, 1.000000))
INFO: Final:
mat4x4((-0.609218, 0.736996, -0.292735, 0.000000), (-0.139553, 0.263748, 0.954445, 0.000000), (0.780629, 0.622314, -0.057829, 0.000000), (0.197955, -0.005343, -0.957416, 1.000000))
INFO: DEBUG: After Storing Bone DEF-foot.R
INFO: Bone [DEF-forearm.L]
INFO: Bind (no scale):
mat4x4((-0.725730, 0.373039, -0.578064, -0.000000), (-0.378511, -0.918135, -0.117294, 0.000000), (-0.574496, 0.133680, 0.807517, -0.000000), (0.576958, 0.967126, 0.449913, 1.000000))
INFO: Pose (no scale):
mat4x4((-0.840188, -0.390847, -0.375931, 0.000000), (0.288039, 0.265718, -0.920015, 0.000000), (0.459477, -0.881268, -0.110674, 0.000000), (0.045143, 0.314269, -0.238261, 1.000000))
INFO: Final:
mat4x4((0.451592, 0.892202, -0.006400, 0.000000), (-0.000332, 0.007342, 0.999973, 0.000000), (0.892225, -0.451577, 0.003612, 0.000000), (0.045684, -0.050745, -1.394722, 1.000000))
INFO: DEBUG: After Storing Bone DEF-forearm.L
INFO: Bone [DEF-forearm.L.001]
INFO: Bind (no scale):
mat4x4((-0.725729, 0.373039, -0.578065, -0.000000), (-0.378511, -0.918135, -0.117294, 0.000000), (-0.574497, 0.133680, 0.807517, -0.000000), (0.576959, 0.853574, 0.449914, 1.000000))
INFO: Pose (no scale):
mat4x4((-0.840204, -0.390816, -0.375927, 0.000000), (0.288039, 0.265718, -0.920015, 0.000000), (0.459448, -0.881281, -0.110687, 0.000000), (0.077850, 0.344442, -0.342730, 1.000000))
INFO: Final:
mat4x4((0.451620, 0.892188, -0.006396, 0.000000), (-0.000322, 0.007332, 0.999974, 0.000000), (0.892211, -0.451605, 0.003599, 0.000000), (0.045661, -0.050734, -1.394725, 1.000000))
INFO: DEBUG: After Storing Bone DEF-forearm.L.001
INFO: Bone [DEF-forearm.R]
INFO: Bind (no scale):
mat4x4((-0.725730, -0.373039, 0.578064, -0.000000), (0.378511, -0.918135, -0.117294, 0.000000), (0.574496, 0.133680, 0.807517, -0.000000), (-0.576958, 0.967126, 0.449913, 1.000000))
INFO: Pose (no scale):
mat4x4((-0.840201, 0.390822, 0.375926, 0.000000), (-0.288027, 0.265738, -0.920013, 0.000000), (-0.459459, -0.881273, -0.110706, 0.000000), (-0.045147, 0.314265, -0.238262, 1.000000))
INFO: Final:
mat4x4((0.451607, -0.892194, 0.006384, 0.000000), (0.000315, 0.007314, 0.999973, 0.000000), (-0.892216, -0.451593, 0.003584, 0.000000), (-0.045662, -0.050717, -1.394732, 1.000000))
INFO: DEBUG: After Storing Bone DEF-forearm.R
INFO: Bone [DEF-forearm.R.001]
INFO: Bind (no scale):
mat4x4((-0.725729, -0.373039, 0.578065, -0.000000), (0.378511, -0.918135, -0.117294, 0.000000), (0.574497, 0.133680, 0.807517, -0.000000), (-0.576959, 0.853574, 0.449914, 1.000000))
INFO: Pose (no scale):
mat4x4((-0.840211, 0.390802, 0.375924, 0.000000), (-0.288027, 0.265738, -0.920013, 0.000000), (-0.459440, -0.881281, -0.110714, 0.000000), (-0.077853, 0.344440, -0.342731, 1.000000))
INFO: Final:
mat4x4((0.451625, -0.892185, 0.006382, 0.000000), (0.000308, 0.007308, 0.999973, 0.000000), (-0.892208, -0.451611, 0.003576, 0.000000), (-0.045647, -0.050710, -1.394735, 1.000000))
INFO: DEBUG: After Storing Bone DEF-forearm.R.001
INFO: Bone [DEF-hand.L]
INFO: Bind (no scale):
mat4x4((-0.750333, 0.292145, -0.593002, -0.000000), (-0.306702, -0.948504, -0.079209, 0.000000), (-0.585605, 0.122442, 0.801296, -0.000000), (0.517153, 0.800001, 0.418913, 1.000000))
INFO: Pose (no scale):
mat4x4((-0.861267, -0.407198, -0.303988, 0.000000), (0.241451, 0.198446, -0.949906, 0.000000), (0.447125, -0.891521, -0.072597, 0.000000), (0.110557, 0.374615, -0.447199, 1.000000))
INFO: Final:
mat4x4((0.451630, 0.892183, -0.006367, 0.000000), (-0.000281, 0.007279, 0.999974, 0.000000), (0.892206, -0.451616, 0.003538, 0.000000), (0.045617, -0.050682, -1.394745, 1.000000))
INFO: DEBUG: After Storing Bone DEF-hand.L
INFO: Bone [DEF-hand.R]
INFO: Bind (no scale):
mat4x4((-0.750333, -0.292145, 0.593002, -0.000000), (0.306702, -0.948504, -0.079210, 0.000000), (0.585605, 0.122442, 0.801296, -0.000000), (-0.517154, 0.800001, 0.418913, 1.000000))
INFO: Pose (no scale):
mat4x4((-0.861267, 0.407195, 0.303991, 0.000000), (-0.241455, 0.198444, -0.949905, 0.000000), (-0.447122, -0.891522, -0.072594, 0.000000), (-0.110559, 0.374615, -0.447200, 1.000000))
INFO: Final:
mat4x4((0.451634, -0.892181, 0.006367, 0.000000), (0.000284, 0.007279, 0.999973, 0.000000), (-0.892203, -0.451620, 0.003541, 0.000000), (-0.045620, -0.050682, -1.394745, 1.000000))
INFO: DEBUG: After Storing Bone DEF-hand.R
INFO: Bone [DEF-pelvis.L]
INFO: Bind (no scale):
mat4x4((-0.421772, 0.536322, -0.731072, 0.000000), (-0.276838, 0.691624, 0.667096, 0.000000), (0.863405, 0.483751, -0.143234, -0.000000), (0.386943, -0.531194, -0.612925, 1.000000))
INFO: Pose (no scale):
mat4x4((1.000000, 0.000000, 0.000000, 0.000000), (-0.000000, 1.000000, 0.000000, 0.000000), (-0.000000, -0.000000, 1.000000, 0.000000), (-0.000000, 0.000000, -0.000000, 1.000000))
INFO: Final:
mat4x4((-0.421772, 0.536322, -0.731072, 0.000000), (-0.276838, 0.691624, 0.667096, 0.000000), (0.863405, 0.483751, -0.143234, 0.000000), (0.386943, -0.531194, -0.612925, 1.000000))
INFO: DEBUG: After Storing Bone DEF-pelvis.L
INFO: Bone [DEF-pelvis.R]
INFO: Bind (no scale):
mat4x4((-0.421772, -0.536322, 0.731072, -0.000000), (0.276838, 0.691624, 0.667096, -0.000000), (-0.863405, 0.483751, -0.143234, -0.000000), (-0.386943, -0.531194, -0.612925, 1.000000))
INFO: Pose (no scale):
mat4x4((1.000000, 0.000000, 0.000000, 0.000000), (-0.000000, 1.000000, 0.000000, 0.000000), (-0.000000, -0.000000, 1.000000, 0.000000), (0.000000, 0.000000, 0.000000, 1.000000))
INFO: Final:
mat4x4((-0.421772, -0.536322, 0.731072, 0.000000), (0.276837, 0.691624, 0.667096, 0.000000), (-0.863405, 0.483751, -0.143234, 0.000000), (-0.386943, -0.531194, -0.612925, 1.000000))
INFO: DEBUG: After Storing Bone DEF-pelvis.R
INFO: Bone [DEF-shin.L]
INFO: Bind (no scale):
mat4x4((0.989208, 0.079812, 0.122871, -0.000000), (0.071651, -0.995008, 0.069469, 0.000000), (0.127802, -0.059915, -0.989989, -0.000000), (-0.134090, 0.464504, -0.154088, 1.000000))
INFO: Pose (no scale):
mat4x4((-0.692409, -0.630612, 0.350575, 0.000000), (-0.140654, -0.358595, -0.922837, 0.000000), (0.707665, -0.688289, 0.159594, 0.000000), (-0.116422, -0.029399, -0.457166, 1.000000))
INFO: Final:
mat4x4((-0.609210, -0.736997, 0.292747, 0.000000), (0.139500, 0.263806, 0.954436, 0.000000), (-0.780645, 0.622290, -0.057900, 0.000000), (-0.197953, -0.005353, -0.957429, 1.000000))
INFO: DEBUG: After Storing Bone DEF-shin.L
INFO: Bone [DEF-shin.L.001]
INFO: Bind (no scale):
mat4x4((0.989208, 0.079812, 0.122871, -0.000000), (0.071651, -0.995008, 0.069469, 0.000000), (0.127802, -0.059915, -0.989989, -0.000000), (-0.134090, 0.265820, -0.154088, 1.000000))
INFO: Pose (no scale):
mat4x4((-0.692408, -0.630612, 0.350575, 0.000000), (-0.140654, -0.358595, -0.922837, 0.000000), (0.707666, -0.688288, 0.159594, 0.000000), (-0.144367, -0.100646, -0.640519, 1.000000))
INFO: Final:
mat4x4((-0.609210, -0.736998, 0.292747, 0.000000), (0.139500, 0.263806, 0.954436, 0.000000), (-0.780645, 0.622289, -0.057900, 0.000000), (-0.197953, -0.005352, -0.957429, 1.000000))
INFO: DEBUG: After Storing Bone DEF-shin.L.001
INFO: Bone [DEF-shin.R]
INFO: Bind (no scale):
mat4x4((0.989208, -0.079812, -0.122871, -0.000000), (-0.071651, -0.995008, 0.069469, 0.000000), (-0.127802, -0.059915, -0.989989, -0.000000), (0.134090, 0.464504, -0.154088, 1.000000))
INFO: Pose (no scale):
mat4x4((-0.692410, 0.630612, -0.350573, 0.000000), (0.140653, -0.358594, -0.922838, 0.000000), (-0.707665, -0.688289, 0.159594, 0.000000), (0.116421, -0.029399, -0.457166, 1.000000))
INFO: Final:
mat4x4((-0.609212, 0.736997, -0.292746, 0.000000), (-0.139500, 0.263805, 0.954437, 0.000000), (0.780644, 0.622291, -0.057900, -0.000000), (0.197952, -0.005352, -0.957429, 1.000000))
INFO: DEBUG: After Storing Bone DEF-shin.R
INFO: Bone [DEF-shin.R.001]
INFO: Bind (no scale):
mat4x4((0.989208, -0.079812, -0.122871, -0.000000), (-0.071651, -0.995008, 0.069469, 0.000000), (-0.127802, -0.059915, -0.989988, -0.000000), (0.134090, 0.265820, -0.154088, 1.000000))
INFO: Pose (no scale):
mat4x4((-0.692409, 0.630612, -0.350574, 0.000000), (0.140653, -0.358594, -0.922838, 0.000000), (-0.707666, -0.688289, 0.159593, 0.000000), (0.144367, -0.100646, -0.640520, 1.000000))
INFO: Final:
mat4x4((-0.609211, 0.736998, -0.292746, 0.000000), (-0.139500, 0.263805, 0.954437, 0.000000), (0.780644, 0.622290, -0.057900, -0.000000), (0.197952, -0.005352, -0.957429, 1.000000))
INFO: DEBUG: After Storing Bone DEF-shin.R.001
INFO: Bone [DEF-shoulder.L]
INFO: Bind (no scale):
mat4x4((0.451632, 0.892182, -0.006365, -0.000000), (-0.000286, 0.007279, 0.999974, 0.000000), (0.892205, -0.451618, 0.003542, -0.000000), (0.045624, -0.050680, -1.394747, 1.000000))
INFO: Pose (no scale):
mat4x4((1.000000, -0.000000, -0.000000, 0.000000), (0.000000, 1.000000, -0.000000, 0.000000), (0.000000, 0.000000, 1.000000, 0.000000), (-0.000000, 0.000000, 0.000000, 1.000000))
INFO: Final:
mat4x4((0.451632, 0.892182, -0.006365, 0.000000), (-0.000286, 0.007279, 0.999974, 0.000000), (0.892205, -0.451618, 0.003542, 0.000000), (0.045624, -0.050680, -1.394747, 1.000000))
INFO: DEBUG: After Storing Bone DEF-shoulder.L
INFO: Bone [DEF-shoulder.R]
INFO: Bind (no scale):
mat4x4((0.451632, -0.892182, 0.006365, -0.000000), (0.000286, 0.007279, 0.999974, -0.000000), (-0.892205, -0.451618, 0.003542, -0.000000), (-0.045624, -0.050680, -1.394747, 1.000000))
INFO: Pose (no scale):
mat4x4((1.000000, 0.000000, 0.000000, 0.000000), (-0.000000, 1.000000, -0.000000, 0.000000), (-0.000000, 0.000000, 1.000000, 0.000000), (0.000000, 0.000000, 0.000000, 1.000000))
INFO: Final:
mat4x4((0.451632, -0.892182, 0.006365, 0.000000), (0.000286, 0.007279, 0.999974, 0.000000), (-0.892205, -0.451618, 0.003542, 0.000000), (-0.045624, -0.050680, -1.394747, 1.000000))
INFO: DEBUG: After Storing Bone DEF-shoulder.R
INFO: Bone [DEF-spine]
INFO: Bind (no scale):
mat4x4((1.000000, 0.000000, 0.000000, -0.000000), (0.000000, 0.968339, -0.249639, 0.000000), (-0.000000, 0.249639, 0.968339, -0.000000), (-0.000000, -0.814249, 0.380221, 1.000000))
INFO: Pose (no scale):
mat4x4((1.000000, 0.000000, 0.000000, 0.000000), (0.000000, -0.249643, 0.968338, 0.000000), (0.000000, -0.968338, -0.249643, 0.000000), (0.000000, 0.164915, 0.883386, 1.000000))
INFO: Final:
mat4x4((1.000000, -0.000000, -0.000000, 0.000000), (0.000000, -0.000004, 1.000000, 0.000000), (-0.000000, -1.000000, -0.000004, 0.000000), (-0.000000, 0.000003, -0.000002, 1.000000))
INFO: DEBUG: After Storing Bone DEF-spine
INFO: Bone [DEF-spine.001]
INFO: Bind (no scale):
mat4x4((1.000000, 0.000000, 0.000000, -0.000000), (0.000000, 0.992412, -0.122954, 0.000000), (-0.000000, 0.122954, 0.992412, -0.000000), (-0.000000, -0.986185, 0.255439, 1.000000))
INFO: Pose (no scale):
mat4x4((1.000000, 0.000000, 0.000000, 0.000000), (0.000000, -0.122958, 0.992412, 0.000000), (0.000000, -0.992412, -0.122958, 0.000000), (0.000000, 0.132245, 1.010108, 1.000000))
INFO: Final:
mat4x4((1.000000, 0.000000, -0.000000, 0.000000), (0.000000, -0.000004, 1.000000, 0.000000), (0.000000, -1.000000, -0.000004, 0.000000), (-0.000000, 0.000003, -0.000002, 1.000000))
INFO: DEBUG: After Storing Bone DEF-spine.001
INFO: Bone [DEF-spine.002]
INFO: Bind (no scale):
mat4x4((1.000000, 0.000000, 0.000000, -0.000000), (-0.000000, 0.999494, 0.031812, 0.000000), (-0.000000, -0.031812, 0.999494, -0.000000), (-0.000000, -1.129865, 0.081900, 1.000000))
INFO: Pose (no scale):
mat4x4((1.000000, 0.000000, -0.000000, 0.000000), (0.000000, 0.031808, 0.999494, 0.000000), (0.000000, -0.999494, 0.031808, 0.000000), (0.000000, 0.117801, 1.126686, 1.000000))
INFO: Final:
mat4x4((1.000000, 0.000000, -0.000000, 0.000000), (0.000000, -0.000004, 1.000000, 0.000000), (0.000000, -1.000000, -0.000004, 0.000000), (-0.000000, 0.000004, -0.000002, 1.000000))
INFO: DEBUG: After Storing Bone DEF-spine.002
INFO: Bone [DEF-spine.003]
INFO: Bind (no scale):
mat4x4((1.000000, 0.000000, 0.000000, -0.000000), (-0.000000, 0.999592, 0.028560, 0.000000), (-0.000000, -0.028560, 0.999592, -0.000000), (0.000000, -1.278226, 0.086060, 1.000000))
INFO: Pose (no scale):
mat4x4((1.000000, 0.000000, -0.000000, 0.000000), (0.000000, 0.028556, 0.999592, 0.000000), (0.000000, -0.999592, 0.028556, 0.000000), (0.000000, 0.122529, 1.275246, 1.000000))
INFO: Final:
mat4x4((1.000000, 0.000000, -0.000000, 0.000000), (0.000000, -0.000004, 1.000000, 0.000000), (0.000000, -1.000000, -0.000004, 0.000000), (-0.000000, 0.000004, -0.000002, 1.000000))
INFO: DEBUG: After Storing Bone DEF-spine.003
