INFO: ImGui initialized successfully.
INFO: DEBUG: Initializing shaders...
INFO: DEBUG: Bone shader compiled successfully.
INFO: Shaders initialized successfully.
INFO: PhysicsManager initialized successfully.
INFO: Entering SceneTest2.
INFO: Loading model from path: Character Template F4.fbx
INFO: Debug: Processing 56 bones.
INFO: Debug: VAO Bone IDs bound to location 3.
INFO: Debug: VAO Bone Weights bound to location 4.
INFO: Loaded 1 meshes.
INFO: Loaded 1 meshes.
INFO: INFO: Model loaded successfully.
INFO: DEBUG: Bounding Box Center: (0.000000, -0.027487, -0.951575)
INFO: DEBUG: Bounding Box Radius: 1.240418
INFO: DEBUG: Adjusted Camera Position: (0.000000, -0.027487, 6.535008)
INFO: DEBUG: Depth testing and blending enabled.
INFO: DEBUG: Max Vertex Attributes: 32
INFO: DEBUG: Entering Model::Draw()
INFO: DEBUG: Bounding Box Center: (0.000000, -0.027487, -0.951575)
INFO: DEBUG: Bounding Box Radius: 1.240418
INFO: DEBUG: Model Bounding Box Center: (0.000000, -0.027487, -0.951575)
INFO: DEBUG: Model Bounding Box Radius: 1.240418
INFO: DEBUG: Sending Bone Transform to Shader - root
INFO: 1.000000 -0.000000 -0.000000 0.000000
INFO: 0.000000 -1.000000 0.000000 0.000000
INFO: -0.000000 -0.000000 -1.000000 0.000000
INFO: 0.000000 0.000000 0.000000 1.000000
INFO: Decomposed transform for DEF-spine: Translation(0, 0, 0), Scale(1, 1, 1)
INFO: DEBUG: Sending Bone Transform to Shader - DEF-spine
INFO: 1.000000 -0.000000 -0.000000 0.001236
INFO: -0.000000 0.046097 -0.998937 -0.965890
INFO: 0.000000 0.998937 0.046096 0.149927
INFO: 0.000000 0.000000 0.000000 1.000000
INFO: DEBUG: Sending Bone Transform to Shader - DEF-spine.001
INFO: 1.000000 -0.000000 -0.000000 0.001236
INFO: 0.000000 0.261193 -0.965286 -1.038968
INFO: 0.000000 0.965286 0.261193 0.383877
INFO: 0.000000 0.000000 0.000000 1.000000
INFO: DEBUG: Sending Bone Transform to Shader - DEF-spine.002
INFO: 1.000000 -0.000000 0.000000 0.001236
INFO: 0.000000 -0.115948 -0.993255 -1.232440
INFO: 0.000000 0.993255 -0.115948 -0.079478
INFO: 0.000000 0.000000 0.000000 1.000000
INFO: DEBUG: Sending Bone Transform to Shader - DEF-spine.003
INFO: 1.000000 -0.000000 0.000000 0.001236
INFO: 0.000000 -0.007269 -0.999973 -1.393620
INFO: 0.000000 0.999973 -0.007269 0.072472
INFO: 0.000000 0.000000 0.000000 1.000000
INFO: DEBUG: Sending Bone Transform to Shader - DEF-spine.004
INFO: 1.000000 0.000000 0.000000 0.001237
INFO: 0.000000 0.364046 -0.931381 -1.421844
INFO: -0.000000 0.931381 0.364045 0.645735
INFO: 0.000000 0.000000 0.000000 1.000000
INFO: DEBUG: Sending Bone Transform to Shader - DEF-spine.005
INFO: 1.000000 0.000000 0.000000 0.001236
INFO: 0.000000 0.417440 -0.908704 -1.449165
INFO: -0.000000 0.908705 0.417440 0.730996
INFO: 0.000000 0.000000 0.000000 1.000000
INFO: DEBUG: Sending Bone Transform to Shader - DEF-spine.006
INFO: 1.000000 0.000000 0.000000 0.001236
INFO: 0.000000 0.020279 -0.999794 -1.674017
INFO: -0.000000 0.999794 0.020278 0.068906
INFO: 0.000000 0.000000 0.000000 1.000000
INFO: DEBUG: Sending Bone Transform to Shader - MCH-torso.parent
INFO: 1.000000 -0.000000 -0.000000 0.001236
INFO: 0.000000 -1.000000 0.000000 -0.102212
INFO: -0.000000 -0.000000 -1.000000 -1.037471
INFO: 0.000000 0.000000 0.000000 1.000000
INFO: DEBUG: Sending Bone Transform to Shader - torso
INFO: 1.000000 0.000000 -0.000000 0.001236
INFO: 0.000000 -1.000000 0.000000 -0.102212
INFO: -0.000000 0.000000 -1.000000 -1.037471
INFO: 0.000000 0.000000 0.000000 1.000000
INFO: DEBUG: Sending Bone Transform to Shader - MCH-spine.001
INFO: 1.000000 0.000000 -0.000000 0.001236
INFO: 0.000000 -1.000000 0.000000 -0.063957
INFO: -0.000000 0.000000 -1.000000 -1.233343
INFO: 0.000000 0.000000 0.000000 1.000000
INFO: DEBUG: Sending Bone Transform to Shader - spine_fk.001
INFO: 1.000000 -0.000000 -0.000000 0.001236
INFO: -0.000000 0.261193 -0.965287 -1.173824
INFO: 0.000000 0.965287 0.261193 0.383877
INFO: 0.000000 0.000000 0.000000 1.000000
INFO: DEBUG: Sending Bone Transform to Shader - MCH-spine
INFO: 1.000000 0.000000 -0.000000 0.001236
INFO: 0.000000 -1.000000 -0.000000 -0.099180
INFO: -0.000000 0.000000 -1.000000 -1.103169
INFO: 0.000000 0.000000 0.000000 1.000000
INFO: DEBUG: Sending Bone Transform to Shader - spine_fk
INFO: 1.000000 -0.000000 -0.000000 0.001236
INFO: -0.000000 0.046097 -0.998937 -1.097424
INFO: 0.000000 0.998937 0.046097 0.149927
INFO: 0.000000 0.000000 0.000000 1.000000
INFO: DEBUG: Sending Bone Transform to Shader - tweak_spine
INFO: 1.000000 -0.000000 -0.000000 0.001236
INFO: -0.000000 0.046097 -0.998937 -0.965890
INFO: 0.000000 0.998937 0.046097 0.149928
INFO: 0.000000 0.000000 0.000000 1.000000
INFO: DEBUG: Sending Bone Transform to Shader - ORG-spine
INFO: 1.000000 -0.000000 -0.000000 0.001236
INFO: -0.000000 0.046097 -0.998937 -0.965890
INFO: 0.000000 0.998937 0.046097 0.149927
INFO: 0.000000 0.000000 0.000000 1.000000
INFO: DEBUG: Sending Bone Transform to Shader - ORG-pelvis.L
INFO: -0.421772 0.863405 0.276838 0.352401
INFO: 0.536322 0.483751 -0.691624 -0.624432
INFO: -0.731072 -0.143234 -0.667096 -0.663089
INFO: 0.000000 0.000000 0.000000 1.000000
INFO: DEBUG: Sending Bone Transform to Shader - DEF-pelvis.L
INFO: -0.421772 0.863406 0.276838 0.352401
INFO: 0.536322 0.483751 -0.691624 -0.624433
INFO: -0.731073 -0.143233 -0.667096 -0.663089
INFO: 0.000000 0.000000 0.000000 1.000000
INFO: DEBUG: Sending Bone Transform to Shader - ORG-pelvis.R
INFO: -0.421772 -0.863405 -0.276838 -0.353443
INFO: -0.536322 0.483751 -0.691624 -0.625759
INFO: 0.731072 -0.143234 -0.667096 -0.661281
INFO: 0.000000 0.000000 0.000000 1.000000
INFO: DEBUG: Sending Bone Transform to Shader - DEF-pelvis.R
INFO: -0.421772 -0.863406 -0.276838 -0.353444
INFO: -0.536322 0.483751 -0.691624 -0.625759
INFO: 0.731073 -0.143233 -0.667096 -0.661281
INFO: 0.000000 0.000000 0.000000 1.000000
INFO: DEBUG: Sending Bone Transform to Shader - DEF-thigh.L
INFO: 0.944803 -0.321178 0.064737 -0.053067
INFO: -0.042296 0.076371 0.996182 1.034172
INFO: -0.324891 -0.943931 0.058572 0.040694
INFO: 0.000000 0.000000 0.000000 1.000000
INFO: DEBUG: Sending Bone Transform to Shader - DEF-thigh.L.001
INFO: 0.944798 -0.321192 0.064738 -0.053066
INFO: -0.042296 0.076371 0.996182 0.786075
INFO: -0.324906 -0.943926 0.058571 0.040695
INFO: 0.000000 0.000000 0.000000 1.000000
INFO: DEBUG: Sending Bone Transform to Shader - DEF-shin.L
INFO: 0.944799 -0.321186 0.064761 -0.053054
INFO: -0.106251 -0.113367 0.987855 0.535290
INFO: -0.309939 -0.940203 -0.141236 -0.067391
INFO: 0.000000 0.000000 0.000000 1.000000
INFO: DEBUG: Sending Bone Transform to Shader - DEF-shin.L.001
INFO: 0.944804 -0.321168 0.064764 -0.053053
INFO: -0.106251 -0.113367 0.987855 0.309945
INFO: -0.309921 -0.940208 -0.141234 -0.067392
INFO: 0.000000 0.000000 0.000000 1.000000
INFO: DEBUG: Sending Bone Transform to Shader - DEF-foot.L
INFO: 0.908301 -0.418317 -0.000017 -0.064345
INFO: 0.401382 0.871523 0.281656 0.071622
INFO: -0.117806 -0.255835 0.959515 0.072414
INFO: 0.000000 0.000000 0.000000 1.000000
INFO: DEBUG: Sending Bone Transform to Shader - DEF-toe.L
INFO: -0.999998 0.000000 -0.000332 0.089324
INFO: -0.000005 0.999997 0.000002 -0.040175
INFO: 0.000332 0.000002 -1.000000 -0.053818
INFO: 0.000000 0.000000 0.000000 1.000000
INFO: DEBUG: Sending Bone Transform to Shader - DEF-thigh.R
INFO: 0.944803 0.321178 -0.064737 0.055403
INFO: 0.042296 0.076371 0.996182 1.034277
INFO: 0.324891 -0.943931 0.058572 0.041497
INFO: 0.000000 0.000000 0.000000 1.000000
INFO: DEBUG: Sending Bone Transform to Shader - DEF-thigh.R.001
INFO: 0.944798 0.321192 -0.064738 0.055402
INFO: 0.042296 0.076371 0.996182 0.786179
INFO: 0.324906 -0.943926 0.058571 0.041498
INFO: 0.000000 0.000000 0.000000 1.000000
INFO: DEBUG: Sending Bone Transform to Shader - DEF-shin.R
INFO: 0.944799 0.321184 -0.064762 0.055390
INFO: 0.106251 -0.113367 0.987855 0.535553
INFO: 0.309937 -0.940203 -0.141236 -0.066625
INFO: 0.000000 0.000000 0.000000 1.000000
INFO: DEBUG: Sending Bone Transform to Shader - DEF-shin.R.001
INFO: 0.944805 0.321168 -0.064764 0.055389
INFO: 0.106251 -0.113367 0.987855 0.310208
INFO: 0.309921 -0.940209 -0.141234 -0.066626
INFO: 0.000000 0.000000 0.000000 1.000000
INFO: DEBUG: Sending Bone Transform to Shader - DEF-foot.R
INFO: 0.908301 0.418317 0.000017 0.066590
INFO: -0.401382 0.871523 0.281656 0.070630
INFO: 0.117805 -0.255835 0.959515 0.072705
INFO: 0.000000 0.000000 0.000000 1.000000
INFO: DEBUG: Sending Bone Transform to Shader - DEF-toe.R
INFO: -0.999998 0.000000 -0.000014 -0.091815
INFO: 0.000006 0.999997 0.000002 -0.040175
INFO: 0.000013 0.000002 -1.000000 -0.053787
INFO: 0.000000 0.000000 0.000000 1.000000
INFO: DEBUG: Sending Bone Transform to Shader - MCH-spine.002
INFO: 1.000000 0.000000 -0.000000 0.001236
INFO: 0.000000 -1.000000 0.000000 -0.063957
INFO: -0.000000 0.000000 -1.000000 -1.233343
INFO: 0.000000 0.000000 0.000000 1.000000
INFO: DEBUG: Sending Bone Transform to Shader - spine_fk.002
INFO: 1.000000 -0.000000 0.000000 0.001236
INFO: -0.000000 -0.115948 -0.993255 -1.232440
INFO: 0.000000 0.993255 -0.115948 -0.079478
INFO: 0.000000 0.000000 0.000000 1.000000
INFO: DEBUG: Sending Bone Transform to Shader - MCH-spine.003
INFO: 1.000000 -0.000000 -0.000000 0.001236
INFO: -0.000000 -1.000000 -0.000000 -0.082601
INFO: -0.000000 0.000000 -1.000000 -1.393057
INFO: 0.000000 0.000000 0.000000 1.000000
INFO: DEBUG: Sending Bone Transform to Shader - spine_fk.003
INFO: 1.000000 0.000000 -0.000000 0.001236
INFO: -0.000000 -0.007270 -0.999974 -1.393621
INFO: -0.000000 0.999974 -0.007269 0.072472
INFO: 0.000000 0.000000 0.000000 1.000000
INFO: DEBUG: Sending Bone Transform to Shader - tweak_spine.003
INFO: 1.000000 0.000000 -0.000000 0.001236
INFO: -0.000000 -0.007269 -0.999974 -1.393621
INFO: -0.000000 0.999974 -0.007269 0.072473
INFO: 0.000000 0.000000 0.000000 1.000000
INFO: DEBUG: Sending Bone Transform to Shader - ORG-spine.003
INFO: 1.000000 0.000000 -0.000000 0.001236
INFO: -0.000000 -0.007270 -0.999974 -1.393621
INFO: -0.000000 0.999974 -0.007269 0.072472
INFO: 0.000000 0.000000 0.000000 1.000000
INFO: DEBUG: Sending Bone Transform to Shader - ORG-shoulder.L
INFO: -0.292842 0.955593 0.032959 0.181488
INFO: 0.954944 0.294034 -0.040317 -0.037333
INFO: -0.048217 0.019667 -0.998643 -1.516472
INFO: 0.000000 0.000000 0.000000 1.000000
INFO: Decomposed transform for DEF-shoulder.L: Translation(0, 0, 0), Scale(1, 1, 1)
INFO: DEBUG: Sending Bone Transform to Shader - DEF-shoulder.L
INFO: -0.292842 0.955593 0.032958 0.181487
INFO: 0.954944 0.294034 -0.040317 -0.037333
INFO: -0.048217 0.019666 -0.998643 -1.516471
INFO: 0.000000 0.000000 0.000000 1.000000
INFO: DEBUG: Sending Bone Transform to Shader - DEF-upper_arm.L
INFO: -0.004143 0.203643 0.979037 1.493237
INFO: 0.990671 -0.132525 0.031758 -0.155627
INFO: 0.136214 0.970035 -0.201194 -0.261724
INFO: 0.000000 0.000000 0.000000 1.000000
INFO: DEBUG: Sending Bone Transform to Shader - DEF-upper_arm.L.001
INFO: -0.004144 0.203643 0.979037 1.493237
INFO: 0.990671 -0.132525 0.031759 -0.282721
INFO: 0.136214 0.970035 -0.201194 -0.261724
INFO: 0.000000 0.000000 0.000000 1.000000
INFO: DEBUG: Sending Bone Transform to Shader - DEF-forearm.L
INFO: -0.004144 0.203643 0.979037 1.493237
INFO: 0.998318 0.057451 -0.007725 -0.452674
INFO: -0.057820 0.977358 -0.203539 -0.177585
INFO: 0.000000 0.000000 0.000000 1.000000
INFO: DEBUG: Sending Bone Transform to Shader - DEF-forearm.L.001
INFO: -0.004145 0.203643 0.979037 1.493237
INFO: 0.998319 0.057451 -0.007724 -0.564861
INFO: -0.057820 0.977358 -0.203539 -0.177585
INFO: 0.000000 0.000000 0.000000 1.000000
INFO: DEBUG: Sending Bone Transform to Shader - DEF-hand.L
INFO: -0.054389 0.200031 0.978279 1.525523
INFO: 0.996260 0.076753 0.039695 -0.602613
INFO: -0.067146 0.976779 -0.203458 -0.171250
INFO: 0.000000 0.000000 0.000000 1.000000
INFO: DEBUG: Sending Bone Transform to Shader - ORG-shoulder.R
INFO: -0.292842 -0.955593 -0.032958 -0.182212
INFO: -0.954944 0.294034 -0.040317 -0.039694
INFO: 0.048217 0.019667 -0.998643 -1.516353
INFO: 0.000000 0.000000 0.000000 1.000000
INFO: DEBUG: Sending Bone Transform to Shader - DEF-shoulder.R
INFO: -0.292842 -0.955593 -0.032958 -0.182212
INFO: -0.954944 0.294034 -0.040317 -0.039694
INFO: 0.048217 0.019667 -0.998643 -1.516353
INFO: 0.000000 0.000000 0.000000 1.000000
INFO: DEBUG: Sending Bone Transform to Shader - DEF-upper_arm.R
INFO: -0.004143 -0.203642 -0.979037 -1.493248
INFO: -0.990671 -0.132525 0.031758 -0.158076
INFO: -0.136214 0.970035 -0.201193 -0.262060
INFO: 0.000000 0.000000 0.000000 1.000000
INFO: DEBUG: Sending Bone Transform to Shader - DEF-upper_arm.R.001
INFO: -0.004144 -0.203643 -0.979037 -1.493248
INFO: -0.990671 -0.132525 0.031759 -0.285171
INFO: -0.136214 0.970035 -0.201193 -0.262060
INFO: 0.000000 0.000000 0.000000 1.000000
INFO: DEBUG: Sending Bone Transform to Shader - DEF-forearm.R
INFO: -0.004144 -0.203643 -0.979037 -1.493248
INFO: -0.998319 0.057451 -0.007725 -0.455143
INFO: 0.057820 0.977358 -0.203538 -0.177441
INFO: 0.000000 0.000000 0.000000 1.000000
INFO: DEBUG: Sending Bone Transform to Shader - DEF-forearm.R.001
INFO: -0.004145 -0.203643 -0.979037 -1.493248
INFO: -0.998319 0.057451 -0.007724 -0.567330
INFO: 0.057820 0.977358 -0.203539 -0.177442
INFO: 0.000000 0.000000 0.000000 1.000000
INFO: DEBUG: Sending Bone Transform to Shader - DEF-hand.R
INFO: -0.054389 -0.200032 -0.978279 -1.525658
INFO: -0.996260 0.076753 0.039695 -0.605077
INFO: 0.067146 0.976779 -0.203458 -0.171085
INFO: 0.000000 0.000000 0.000000 1.000000
INFO: DEBUG: Sending Bone Transform to Shader - ORG-breast.L
INFO: -1.000000 -0.000000 -0.000000 0.108197
INFO: -0.000000 1.000000 0.000000 0.090979
INFO: 0.000000 -0.000000 -1.000000 -1.387419
INFO: 0.000000 0.000000 0.000000 1.000000
INFO: Decomposed transform for DEF-breast.L: Translation(0, 0, 0), Scale(1, 1, 1)
INFO: DEBUG: Sending Bone Transform to Shader - DEF-breast.L
INFO: -1.000000 0.000000 -0.000000 0.108197
INFO: 0.000000 1.000000 0.000000 0.090979
INFO: 0.000000 0.000000 -1.000000 -1.387419
INFO: 0.000000 0.000000 0.000000 1.000000
INFO: DEBUG: Sending Bone Transform to Shader - ORG-breast.R
INFO: -1.000000 -0.000000 -0.000000 -0.110670
INFO: -0.000000 1.000000 0.000000 0.090979
INFO: 0.000000 -0.000000 -1.000000 -1.387419
INFO: 0.000000 0.000000 0.000000 1.000000
INFO: DEBUG: Sending Bone Transform to Shader - DEF-breast.R
INFO: -1.000000 0.000000 -0.000000 -0.110670
INFO: 0.000000 1.000000 0.000000 0.090979
INFO: 0.000000 0.000000 -1.000000 -1.387419
INFO: 0.000000 0.000000 0.000000 1.000000
INFO: DEBUG: Drawing 1 meshes.
INFO: Drawing mesh with VAO: 1
INFO: DEBUG: Depth testing and blending enabled.
INFO: DEBUG: Max Vertex Attributes: 32
INFO: DEBUG: Entering Model::Draw()
INFO: DEBUG: Bounding Box Center: (0.000000, -0.027487, -0.951575)
INFO: DEBUG: Bounding Box Radius: 1.240418
INFO: DEBUG: Model Bounding Box Center: (0.000000, -0.027487, -0.951575)
INFO: DEBUG: Model Bounding Box Radius: 1.240418
INFO: DEBUG: Sending Bone Transform to Shader - root
INFO: 1.000000 -0.000000 -0.000000 0.000000
INFO: 0.000000 -1.000000 0.000000 0.000000
INFO: -0.000000 -0.000000 -1.000000 0.000000
INFO: 0.000000 0.000000 0.000000 1.000000
INFO: Decomposed transform for DEF-spine: Translation(0, 0, 0), Scale(1, 1, 1)
INFO: DEBUG: Sending Bone Transform to Shader - DEF-spine
INFO: 1.000000 -0.000000 -0.000000 0.001236
INFO: -0.000000 0.046097 -0.998937 -0.965890
INFO: 0.000000 0.998937 0.046096 0.149927
INFO: 0.000000 0.000000 0.000000 1.000000
INFO: DEBUG: Sending Bone Transform to Shader - DEF-spine.001
INFO: 1.000000 -0.000000 -0.000000 0.001236
INFO: 0.000000 0.261193 -0.965286 -1.038968
INFO: 0.000000 0.965286 0.261193 0.383877
INFO: 0.000000 0.000000 0.000000 1.000000
INFO: DEBUG: Sending Bone Transform to Shader - DEF-spine.002
INFO: 1.000000 -0.000000 0.000000 0.001236
INFO: 0.000000 -0.115948 -0.993255 -1.232440
INFO: 0.000000 0.993255 -0.115948 -0.079478
INFO: 0.000000 0.000000 0.000000 1.000000
INFO: DEBUG: Sending Bone Transform to Shader - DEF-spine.003
INFO: 1.000000 -0.000000 0.000000 0.001236
INFO: 0.000000 -0.007269 -0.999973 -1.393620
INFO: 0.000000 0.999973 -0.007269 0.072472
INFO: 0.000000 0.000000 0.000000 1.000000
INFO: DEBUG: Sending Bone Transform to Shader - DEF-spine.004
INFO: 1.000000 0.000000 0.000000 0.001237
INFO: 0.000000 0.364046 -0.931381 -1.421844
INFO: -0.000000 0.931381 0.364045 0.645735
INFO: 0.000000 0.000000 0.000000 1.000000
INFO: DEBUG: Sending Bone Transform to Shader - DEF-spine.005
INFO: 1.000000 0.000000 0.000000 0.001236
INFO: 0.000000 0.417440 -0.908704 -1.449165
INFO: -0.000000 0.908705 0.417440 0.730996
INFO: 0.000000 0.000000 0.000000 1.000000
INFO: DEBUG: Sending Bone Transform to Shader - DEF-spine.006
INFO: 1.000000 0.000000 0.000000 0.001236
INFO: 0.000000 0.020279 -0.999794 -1.674017
INFO: -0.000000 0.999794 0.020278 0.068906
INFO: 0.000000 0.000000 0.000000 1.000000
INFO: DEBUG: Sending Bone Transform to Shader - MCH-torso.parent
INFO: 1.000000 -0.000000 -0.000000 0.001236
INFO: 0.000000 -1.000000 0.000000 -0.102212
INFO: -0.000000 -0.000000 -1.000000 -1.037471
INFO: 0.000000 0.000000 0.000000 1.000000
INFO: DEBUG: Sending Bone Transform to Shader - torso
INFO: 1.000000 0.000000 -0.000000 0.001236
INFO: 0.000000 -1.000000 0.000000 -0.102212
INFO: -0.000000 0.000000 -1.000000 -1.037471
INFO: 0.000000 0.000000 0.000000 1.000000
INFO: DEBUG: Sending Bone Transform to Shader - MCH-spine.001
INFO: 1.000000 0.000000 -0.000000 0.001236
INFO: 0.000000 -1.000000 0.000000 -0.063957
INFO: -0.000000 0.000000 -1.000000 -1.233343
INFO: 0.000000 0.000000 0.000000 1.000000
INFO: DEBUG: Sending Bone Transform to Shader - spine_fk.001
INFO: 1.000000 -0.000000 -0.000000 0.001236
INFO: -0.000000 0.261193 -0.965287 -1.173824
INFO: 0.000000 0.965287 0.261193 0.383877
INFO: 0.000000 0.000000 0.000000 1.000000
INFO: DEBUG: Sending Bone Transform to Shader - MCH-spine
INFO: 1.000000 0.000000 -0.000000 0.001236
INFO: 0.000000 -1.000000 -0.000000 -0.099180
INFO: -0.000000 0.000000 -1.000000 -1.103169
INFO: 0.000000 0.000000 0.000000 1.000000
INFO: DEBUG: Sending Bone Transform to Shader - spine_fk
INFO: 1.000000 -0.000000 -0.000000 0.001236
INFO: -0.000000 0.046097 -0.998937 -1.097424
INFO: 0.000000 0.998937 0.046097 0.149927
INFO: 0.000000 0.000000 0.000000 1.000000
INFO: DEBUG: Sending Bone Transform to Shader - tweak_spine
INFO: 1.000000 -0.000000 -0.000000 0.001236
INFO: -0.000000 0.046097 -0.998937 -0.965890
INFO: 0.000000 0.998937 0.046097 0.149928
INFO: 0.000000 0.000000 0.000000 1.000000
INFO: DEBUG: Sending Bone Transform to Shader - ORG-spine
INFO: 1.000000 -0.000000 -0.000000 0.001236
INFO: -0.000000 0.046097 -0.998937 -0.965890
INFO: 0.000000 0.998937 0.046097 0.149927
INFO: 0.000000 0.000000 0.000000 1.000000
INFO: DEBUG: Sending Bone Transform to Shader - ORG-pelvis.L
INFO: -0.421772 0.863405 0.276838 0.352401
INFO: 0.536322 0.483751 -0.691624 -0.624432
INFO: -0.731072 -0.143234 -0.667096 -0.663089
INFO: 0.000000 0.000000 0.000000 1.000000
INFO: DEBUG: Sending Bone Transform to Shader - DEF-pelvis.L
INFO: -0.421772 0.863406 0.276838 0.352401
INFO: 0.536322 0.483751 -0.691624 -0.624433
INFO: -0.731073 -0.143233 -0.667096 -0.663089
INFO: 0.000000 0.000000 0.000000 1.000000
INFO: DEBUG: Sending Bone Transform to Shader - ORG-pelvis.R
INFO: -0.421772 -0.863405 -0.276838 -0.353443
INFO: -0.536322 0.483751 -0.691624 -0.625759
INFO: 0.731072 -0.143234 -0.667096 -0.661281
INFO: 0.000000 0.000000 0.000000 1.000000
INFO: DEBUG: Sending Bone Transform to Shader - DEF-pelvis.R
INFO: -0.421772 -0.863406 -0.276838 -0.353444
INFO: -0.536322 0.483751 -0.691624 -0.625759
INFO: 0.731073 -0.143233 -0.667096 -0.661281
INFO: 0.000000 0.000000 0.000000 1.000000
INFO: DEBUG: Sending Bone Transform to Shader - DEF-thigh.L
INFO: 0.944803 -0.321178 0.064737 -0.053067
INFO: -0.042296 0.076371 0.996182 1.034172
INFO: -0.324891 -0.943931 0.058572 0.040694
INFO: 0.000000 0.000000 0.000000 1.000000
INFO: DEBUG: Sending Bone Transform to Shader - DEF-thigh.L.001
INFO: 0.944798 -0.321192 0.064738 -0.053066
INFO: -0.042296 0.076371 0.996182 0.786075
INFO: -0.324906 -0.943926 0.058571 0.040695
INFO: 0.000000 0.000000 0.000000 1.000000
INFO: DEBUG: Sending Bone Transform to Shader - DEF-shin.L
INFO: 0.944799 -0.321186 0.064761 -0.053054
INFO: -0.106251 -0.113367 0.987855 0.535290
INFO: -0.309939 -0.940203 -0.141236 -0.067391
INFO: 0.000000 0.000000 0.000000 1.000000
INFO: DEBUG: Sending Bone Transform to Shader - DEF-shin.L.001
INFO: 0.944804 -0.321168 0.064764 -0.053053
INFO: -0.106251 -0.113367 0.987855 0.309945
INFO: -0.309921 -0.940208 -0.141234 -0.067392
INFO: 0.000000 0.000000 0.000000 1.000000
INFO: DEBUG: Sending Bone Transform to Shader - DEF-foot.L
INFO: 0.908301 -0.418317 -0.000017 -0.064345
INFO: 0.401382 0.871523 0.281656 0.071622
INFO: -0.117806 -0.255835 0.959515 0.072414
INFO: 0.000000 0.000000 0.000000 1.000000
INFO: DEBUG: Sending Bone Transform to Shader - DEF-toe.L