INFO: ImGui initialized successfully.
INFO: DEBUG: Initializing shaders...
INFO: DEBUG: Bone shader compiled successfully.
INFO: Shaders initialized successfully.
INFO: PhysicsManager initialized successfully.
INFO: Entering SceneTest2.
INFO: Loading model from path: Character_TPose_NoAnim3.fbx
INFO: Debug: Processing 56 bones.
INFO: Debug: VAO Bone IDs bound to location 3.
INFO: Debug: VAO Bone Weights bound to location 4.
INFO: Loaded 1 meshes.
INFO: Loaded 1 meshes.
INFO: INFO: Model loaded successfully.
INFO: DEBUG: Bounding Box Center: (0.000000, 0.951575, -0.027487)
INFO: DEBUG: Bounding Box Radius: 1.240417
INFO: DEBUG: Adjusted Camera Position: (0.000000, 0.951575, 7.459095)
INFO: DEBUG: Depth testing and blending enabled.
INFO: DEBUG: Max Vertex Attributes: 32
INFO: DEBUG: Entering Model::Draw()
INFO: DEBUG: Bounding Box Center: (0.000000, 0.951575, -0.027487)
INFO: DEBUG: Bounding Box Radius: 1.240417
INFO: DEBUG: Model Bounding Box Center: (0.000000, 0.951575, -0.027487)
INFO: DEBUG: Model Bounding Box Radius: 1.240417
INFO: DEBUG: Sending Bone Transform to Shader - root
INFO: 1.000000 0.000000 -0.000000 0.000000
INFO: 0.000000 -0.000000 -1.000000 0.000000
INFO: -0.000000 1.000000 -0.000000 0.000000
INFO: 0.000000 0.000000 0.000000 1.000000
INFO: Decomposed transform for DEF-spine: Translation(0, 0, 0), Scale(1, 1, 1)
INFO: DEBUG: Sending Bone Transform to Shader - DEF-spine
INFO: 1.000000 0.000000 -0.000000 0.001236
INFO: -0.000000 0.998937 0.046097 -0.965890
INFO: 0.000000 -0.046096 0.998937 0.149927
INFO: 0.000000 0.000000 0.000000 1.000000
INFO: DEBUG: Sending Bone Transform to Shader - DEF-spine.001
INFO: 1.000000 0.000000 -0.000000 0.001236
INFO: 0.000000 0.965286 0.261194 -1.038968
INFO: 0.000000 -0.261194 0.965286 0.383878
INFO: 0.000000 0.000000 0.000000 1.000000
INFO: DEBUG: Sending Bone Transform to Shader - DEF-spine.002
INFO: 1.000000 -0.000000 -0.000000 0.001236
INFO: 0.000000 0.993255 -0.115948 -1.232440
INFO: 0.000000 0.115948 0.993255 -0.079478
INFO: 0.000000 0.000000 0.000000 1.000000
INFO: DEBUG: Sending Bone Transform to Shader - DEF-spine.003
INFO: 1.000000 -0.000000 -0.000000 0.001236
INFO: 0.000000 0.999974 -0.007269 -1.393621
INFO: 0.000000 0.007269 0.999974 0.072473
INFO: 0.000000 0.000000 0.000000 1.000000
INFO: DEBUG: Sending Bone Transform to Shader - DEF-spine.004
INFO: 1.000000 -0.000000 0.000000 0.001237
INFO: 0.000000 0.931381 0.364046 -1.421844
INFO: -0.000000 -0.364046 0.931381 0.645736
INFO: 0.000000 0.000000 0.000000 1.000000
INFO: DEBUG: Sending Bone Transform to Shader - DEF-spine.005
INFO: 1.000000 -0.000000 0.000000 0.001236
INFO: 0.000000 0.908704 0.417440 -1.449165
INFO: -0.000000 -0.417440 0.908704 0.730997
INFO: 0.000000 0.000000 0.000000 1.000000
INFO: DEBUG: Sending Bone Transform to Shader - DEF-spine.006
INFO: 1.000000 -0.000000 0.000000 0.001236
INFO: 0.000000 0.999794 0.020279 -1.674017
INFO: -0.000000 -0.020278 0.999794 0.068906
INFO: 0.000000 0.000000 0.000000 1.000000
INFO: DEBUG: Sending Bone Transform to Shader - MCH-torso.parent
INFO: 1.000000 0.000000 -0.000000 0.001236
INFO: 0.000000 -0.000000 -1.000000 -0.102212
INFO: -0.000000 1.000000 -0.000000 -1.037471
INFO: 0.000000 0.000000 0.000000 1.000000
INFO: DEBUG: Sending Bone Transform to Shader - torso
INFO: 1.000000 0.000000 -0.000000 0.001236
INFO: 0.000000 -0.000000 -1.000000 -0.102212
INFO: -0.000000 1.000000 0.000000 -1.037471
INFO: 0.000000 0.000000 0.000000 1.000000
INFO: DEBUG: Sending Bone Transform to Shader - MCH-spine.001
INFO: 1.000000 0.000000 -0.000000 0.001236
INFO: 0.000000 -0.000000 -1.000000 -0.063957
INFO: -0.000000 1.000000 0.000000 -1.233343
INFO: 0.000000 0.000000 0.000000 1.000000
INFO: DEBUG: Sending Bone Transform to Shader - spine_fk.001
INFO: 1.000000 0.000000 -0.000000 0.001236
INFO: 0.000000 0.965286 0.261193 -1.173824
INFO: 0.000000 -0.261193 0.965286 0.383877
INFO: 0.000000 0.000000 0.000000 1.000000
INFO: DEBUG: Sending Bone Transform to Shader - MCH-spine
INFO: 1.000000 0.000000 0.000000 0.001236
INFO: -0.000000 -0.000000 -1.000000 -0.099180
INFO: -0.000000 1.000000 -0.000000 -1.103169
INFO: 0.000000 0.000000 0.000000 1.000000
INFO: DEBUG: Sending Bone Transform to Shader - spine_fk
INFO: 1.000000 0.000000 -0.000000 0.001236
INFO: 0.000000 0.998937 0.046097 -1.097424
INFO: 0.000000 -0.046097 0.998937 0.149928
INFO: 0.000000 0.000000 0.000000 1.000000
INFO: DEBUG: Sending Bone Transform to Shader - tweak_spine
INFO: 1.000000 0.000000 -0.000000 0.001236
INFO: 0.000000 0.998937 0.046098 -0.965890
INFO: 0.000000 -0.046098 0.998937 0.149928
INFO: 0.000000 0.000000 0.000000 1.000000
INFO: DEBUG: Sending Bone Transform to Shader - ORG-spine
INFO: 1.000000 0.000000 -0.000000 0.001236
INFO: 0.000000 0.998937 0.046097 -0.965890
INFO: 0.000000 -0.046097 0.998937 0.149928
INFO: 0.000000 0.000000 0.000000 1.000000
INFO: DEBUG: Sending Bone Transform to Shader - ORG-pelvis.L
INFO: -0.421772 -0.276838 0.863406 0.352401
INFO: 0.536322 0.691624 0.483751 -0.624432
INFO: -0.731072 0.667096 -0.143234 -0.663089
INFO: 0.000000 0.000000 0.000000 1.000000
INFO: DEBUG: Sending Bone Transform to Shader - DEF-pelvis.L
INFO: -0.421772 -0.276838 0.863406 0.352401
INFO: 0.536322 0.691624 0.483751 -0.624432
INFO: -0.731073 0.667096 -0.143233 -0.663089
INFO: 0.000000 0.000000 0.000000 1.000000
INFO: DEBUG: Sending Bone Transform to Shader - ORG-pelvis.R
INFO: -0.421772 0.276838 -0.863406 -0.353444
INFO: -0.536322 0.691624 0.483751 -0.625759
INFO: 0.731072 0.667096 -0.143234 -0.661282
INFO: 0.000000 0.000000 0.000000 1.000000
INFO: DEBUG: Sending Bone Transform to Shader - DEF-pelvis.R
INFO: -0.421772 0.276838 -0.863406 -0.353444
INFO: -0.536322 0.691624 0.483752 -0.625758
INFO: 0.731073 0.667096 -0.143233 -0.661281
INFO: 0.000000 0.000000 0.000000 1.000000
INFO: DEBUG: Sending Bone Transform to Shader - DEF-thigh.L
INFO: 0.944819 -0.064735 -0.321137 -0.053069
INFO: -0.042295 -0.996182 0.076373 1.034172
INFO: -0.324862 -0.058575 -0.943954 0.040693
INFO: 0.000000 0.000000 0.000000 1.000000
INFO: DEBUG: Sending Bone Transform to Shader - DEF-thigh.L.001
INFO: 0.944812 -0.064736 -0.321156 -0.053068
INFO: -0.042295 -0.996182 0.076373 0.786075
INFO: -0.324881 -0.058573 -0.943948 0.040694
INFO: 0.000000 0.000000 0.000000 1.000000
INFO: DEBUG: Sending Bone Transform to Shader - DEF-shin.L
INFO: 0.944814 -0.064768 -0.321145 -0.053051
INFO: -0.106253 -0.987855 -0.113369 0.535290
INFO: -0.309910 0.141235 -0.940226 -0.067394
INFO: 0.000000 0.000000 0.000000 1.000000
INFO: DEBUG: Sending Bone Transform to Shader - DEF-shin.L.001
INFO: 0.944818 -0.064770 -0.321131 -0.053050
INFO: -0.106254 -0.987855 -0.113369 0.309945
INFO: -0.309895 0.141234 -0.940230 -0.067395
INFO: 0.000000 0.000000 0.000000 1.000000
INFO: DEBUG: Sending Bone Transform to Shader - DEF-foot.L
INFO: 0.908302 0.000023 -0.418316 -0.064345
INFO: 0.401393 -0.281653 0.871533 0.071622
INFO: -0.117802 -0.959516 -0.255836 0.072413
INFO: 0.000000 0.000000 0.000000 1.000000
INFO: DEBUG: Sending Bone Transform to Shader - DEF-toe.L
INFO: -1.000003 0.000327 -0.000000 0.089325
INFO: 0.000008 -0.000001 1.000006 -0.040176
INFO: 0.000327 1.000000 0.000001 -0.053817
INFO: 0.000000 0.000000 0.000000 1.000000
INFO: DEBUG: Sending Bone Transform to Shader - DEF-thigh.R
INFO: 0.944819 0.064735 0.321137 0.055405
INFO: 0.042295 -0.996182 0.076373 1.034277
INFO: 0.324862 -0.058575 -0.943954 0.041496
INFO: 0.000000 0.000000 0.000000 1.000000
INFO: DEBUG: Sending Bone Transform to Shader - DEF-thigh.R.001
INFO: 0.944812 0.064736 0.321156 0.055404
INFO: 0.042295 -0.996182 0.076373 0.786179
INFO: 0.324881 -0.058573 -0.943947 0.041497
INFO: 0.000000 0.000000 0.000000 1.000000
INFO: DEBUG: Sending Bone Transform to Shader - DEF-shin.R
INFO: 0.944814 0.064768 0.321143 0.055387
INFO: 0.106254 -0.987855 -0.113369 0.535553
INFO: 0.309907 0.141235 -0.940226 -0.066628
INFO: 0.000000 0.000000 0.000000 1.000000
INFO: DEBUG: Sending Bone Transform to Shader - DEF-shin.R.001
INFO: 0.944818 0.064770 0.321131 0.055386
INFO: 0.106254 -0.987855 -0.113369 0.310208
INFO: 0.309895 0.141234 -0.940231 -0.066629
INFO: 0.000000 0.000000 0.000000 1.000000
INFO: DEBUG: Sending Bone Transform to Shader - DEF-foot.R
INFO: 0.908302 -0.000023 0.418316 0.066591
INFO: -0.401393 -0.281653 0.871533 0.070630
INFO: 0.117801 -0.959516 -0.255837 0.072705
INFO: 0.000000 0.000000 0.000000 1.000000
INFO: DEBUG: Sending Bone Transform to Shader - DEF-toe.R
INFO: -1.000003 0.000018 0.000000 -0.091816
INFO: -0.000008 -0.000001 1.000006 -0.040176
INFO: 0.000018 1.000000 0.000001 -0.053786
INFO: 0.000000 0.000000 0.000000 1.000000
INFO: DEBUG: Sending Bone Transform to Shader - MCH-spine.002
INFO: 1.000000 0.000000 -0.000000 0.001236
INFO: 0.000000 -0.000000 -1.000000 -0.063957
INFO: -0.000000 1.000000 0.000000 -1.233343
INFO: 0.000000 0.000000 0.000000 1.000000
INFO: DEBUG: Sending Bone Transform to Shader - spine_fk.002
INFO: 1.000000 -0.000000 -0.000000 0.001236
INFO: 0.000000 0.993255 -0.115948 -1.232440
INFO: 0.000000 0.115948 0.993255 -0.079478
INFO: 0.000000 0.000000 0.000000 1.000000
INFO: DEBUG: Sending Bone Transform to Shader - MCH-spine.003
INFO: 1.000000 0.000000 -0.000000 0.001236
INFO: 0.000000 0.000000 -1.000000 -0.082601
INFO: -0.000000 1.000000 -0.000000 -1.393057
INFO: 0.000000 0.000000 0.000000 1.000000
INFO: DEBUG: Sending Bone Transform to Shader - spine_fk.003
INFO: 1.000000 0.000000 0.000000 0.001236
INFO: -0.000000 0.999974 -0.007269 -1.393621
INFO: -0.000000 0.007269 0.999974 0.072473
INFO: 0.000000 0.000000 0.000000 1.000000
INFO: DEBUG: Sending Bone Transform to Shader - tweak_spine.003
INFO: 1.000000 0.000000 0.000000 0.001236
INFO: -0.000000 0.999974 -0.007269 -1.393621
INFO: -0.000000 0.007269 0.999974 0.072473
INFO: 0.000000 0.000000 0.000000 1.000000
INFO: DEBUG: Sending Bone Transform to Shader - ORG-spine.003
INFO: 1.000000 0.000000 0.000000 0.001236
INFO: -0.000000 0.999974 -0.007269 -1.393621
INFO: -0.000000 0.007269 0.999974 0.072473
INFO: 0.000000 0.000000 0.000000 1.000000
INFO: DEBUG: Sending Bone Transform to Shader - ORG-shoulder.L
INFO: -0.292843 -0.032959 0.955593 0.181488
INFO: 0.954944 0.040317 0.294034 -0.037333
INFO: -0.048218 0.998644 0.019667 -1.516472
INFO: 0.000000 0.000000 0.000000 1.000000
INFO: Decomposed transform for DEF-shoulder.L: Translation(0, 0, 0), Scale(1, 1, 1)
INFO: DEBUG: Sending Bone Transform to Shader - DEF-shoulder.L
INFO: -0.292843 -0.032958 0.955593 0.181487
INFO: 0.954944 0.040317 0.294034 -0.037333
INFO: -0.048217 0.998644 0.019666 -1.516472
INFO: 0.000000 0.000000 0.000000 1.000000
INFO: DEBUG: Sending Bone Transform to Shader - DEF-upper_arm.L
INFO: -0.004143 -0.979037 0.203643 1.493237
INFO: 0.990671 -0.031758 -0.132524 -0.155627
INFO: 0.136213 0.201194 0.970035 -0.261724
INFO: 0.000000 0.000000 0.000000 1.000000
INFO: DEBUG: Sending Bone Transform to Shader - DEF-upper_arm.L.001
INFO: -0.004144 -0.979037 0.203643 1.493237
INFO: 0.990671 -0.031759 -0.132524 -0.282721
INFO: 0.136214 0.201193 0.970035 -0.261723
INFO: 0.000000 0.000000 0.000000 1.000000
INFO: DEBUG: Sending Bone Transform to Shader - DEF-forearm.L
INFO: -0.004144 -0.979037 0.203643 1.493237
INFO: 0.998319 0.007725 0.057452 -0.452675
INFO: -0.057821 0.203539 0.977358 -0.177585
INFO: 0.000000 0.000000 0.000000 1.000000
INFO: DEBUG: Sending Bone Transform to Shader - DEF-forearm.L.001
INFO: -0.004145 -0.979037 0.203643 1.493237
INFO: 0.998319 0.007724 0.057452 -0.564861
INFO: -0.057820 0.203539 0.977358 -0.177585
INFO: 0.000000 0.000000 0.000000 1.000000
INFO: DEBUG: Sending Bone Transform to Shader - DEF-hand.L
INFO: -0.054389 -0.978279 0.200031 1.525523
INFO: 0.996260 -0.039695 0.076754 -0.602613
INFO: -0.067147 0.203458 0.976779 -0.171250
INFO: 0.000000 0.000000 0.000000 1.000000
INFO: DEBUG: Sending Bone Transform to Shader - ORG-shoulder.R
INFO: -0.292842 0.032958 -0.955593 -0.182212
INFO: -0.954944 0.040317 0.294034 -0.039694
INFO: 0.048217 0.998643 0.019667 -1.516352
INFO: 0.000000 0.000000 0.000000 1.000000
INFO: DEBUG: Sending Bone Transform to Shader - DEF-shoulder.R
INFO: -0.292843 0.032958 -0.955592 -0.182212
INFO: -0.954944 0.040317 0.294035 -0.039694
INFO: 0.048217 0.998643 0.019667 -1.516352
INFO: 0.000000 0.000000 0.000000 1.000000
INFO: DEBUG: Sending Bone Transform to Shader - DEF-upper_arm.R
INFO: -0.004143 0.979037 -0.203642 -1.493247
INFO: -0.990671 -0.031758 -0.132524 -0.158076
INFO: -0.136213 0.201193 0.970035 -0.262060
INFO: 0.000000 0.000000 0.000000 1.000000
INFO: DEBUG: Sending Bone Transform to Shader - DEF-upper_arm.R.001
INFO: -0.004144 0.979037 -0.203642 -1.493248
INFO: -0.990671 -0.031759 -0.132524 -0.285171
INFO: -0.136213 0.201193 0.970035 -0.262060
INFO: 0.000000 0.000000 0.000000 1.000000
INFO: DEBUG: Sending Bone Transform to Shader - DEF-forearm.R
INFO: -0.004144 0.979037 -0.203643 -1.493247
INFO: -0.998318 0.007725 0.057452 -0.455143
INFO: 0.057821 0.203538 0.977358 -0.177441
INFO: 0.000000 0.000000 0.000000 1.000000
INFO: DEBUG: Sending Bone Transform to Shader - DEF-forearm.R.001
INFO: -0.004145 0.979037 -0.203643 -1.493248
INFO: -0.998318 0.007724 0.057452 -0.567330
INFO: 0.057820 0.203539 0.977358 -0.177442
INFO: 0.000000 0.000000 0.000000 1.000000
INFO: DEBUG: Sending Bone Transform to Shader - DEF-hand.R
INFO: -0.054389 0.978279 -0.200031 -1.525658
INFO: -0.996259 -0.039695 0.076754 -0.605076
INFO: 0.067147 0.203458 0.976779 -0.171084
INFO: 0.000000 0.000000 0.000000 1.000000
INFO: DEBUG: Sending Bone Transform to Shader - ORG-breast.L
INFO: -1.000000 0.000000 -0.000000 0.108197
INFO: -0.000000 -0.000000 1.000000 0.090979
INFO: 0.000000 1.000000 -0.000000 -1.387419
INFO: 0.000000 0.000000 0.000000 1.000000
INFO: Decomposed transform for DEF-breast.L: Translation(0, 0, 0), Scale(1, 1, 1)
INFO: DEBUG: Sending Bone Transform to Shader - DEF-breast.L
INFO: -1.000000 0.000000 -0.000000 0.108197
INFO: -0.000000 -0.000000 1.000000 0.090979
INFO: 0.000000 1.000000 0.000000 -1.387419
INFO: 0.000000 0.000000 0.000000 1.000000
INFO: DEBUG: Sending Bone Transform to Shader - ORG-breast.R
INFO: -1.000000 0.000000 -0.000000 -0.110670
INFO: -0.000000 -0.000000 1.000000 0.090979
INFO: 0.000000 1.000000 -0.000000 -1.387419
INFO: 0.000000 0.000000 0.000000 1.000000
INFO: DEBUG: Sending Bone Transform to Shader - DEF-breast.R
INFO: -1.000000 0.000000 -0.000000 -0.110670
INFO: -0.000000 -0.000000 1.000000 0.090979
INFO: 0.000000 1.000000 0.000000 -1.387419
INFO: 0.000000 0.000000 0.000000 1.000000
INFO: DEBUG: Drawing 1 meshes.
INFO: Drawing mesh with VAO: 1
INFO: DEBUG: Depth testing and blending enabled.
INFO: DEBUG: Max Vertex Attributes: 32
INFO: DEBUG: Entering Model::Draw()
INFO: DEBUG: Bounding Box Center: (0.000000, 0.951575, -0.027487)
INFO: DEBUG: Bounding Box Radius: 1.240417
INFO: DEBUG: Model Bounding Box Center: (0.000000, 0.951575, -0.027487)
INFO: DEBUG: Model Bounding Box Radius: 1.240417
INFO: DEBUG: Sending Bone Transform to Shader - root
INFO: 1.000000 0.000000 -0.000000 0.000000
INFO: 0.000000 -0.000000 -1.000000 0.000000
INFO: -0.000000 1.000000 -0.000000 0.000000
INFO: 0.000000 0.000000 0.000000 1.000000
INFO: Decomposed transform for DEF-spine: Translation(0, 0, 0), Scale(1, 1, 1)
INFO: DEBUG: Sending Bone Transform to Shader - DEF-spine
INFO: 1.000000 0.000000 -0.000000 0.001236
INFO: -0.000000 0.998937 0.046097 -0.965890
INFO: 0.000000 -0.046096 0.998937 0.149927
INFO: 0.000000 0.000000 0.000000 1.000000
INFO: DEBUG: Sending Bone Transform to Shader - DEF-spine.001
INFO: 1.000000 0.000000 -0.000000 0.001236