INFO: ImGui initialized successfully.
INFO: DEBUG: Initializing shaders...
INFO: DEBUG: Bone shader compiled successfully.
INFO: Shaders initialized successfully.
INFO: PhysicsManager initialized successfully.
INFO: Entering SceneTest3 for animation system expansion testing.
INFO: Loading model from path: CharacterModelTPose.fbx
INFO: ASSIMP ROOT NODE TRANSFORM (scene->mRootNode->mTransformation):
INFO: mat4x4((1.000000, 0.000000, 0.000000, 0.000000), (0.000000, 1.000000, 0.000000, 0.000000), (0.000000, 0.000000, 1.000000, 0.000000), (0.000000, 0.000000, 0.000000, 1.000000))
WARNING: INFO: Root transform is IDENTITY matrix.
INFO: Global inverse transform set from root node transformation.
INFO: Debug: VAO Bone IDs bound to location 3.
INFO: Debug: VAO Bone Weights bound to location 4.
INFO: Explicitly logging vertex attribute configuration:
INFO: Position bound to location 0
INFO: Normal bound to location 1
INFO: TexCoords bound to location 2
INFO: BoneIDs bound to location 3 (int attribute)
INFO: Bone Weights bound to location 4 (GL_FLOAT)
INFO: Vertex data size: 6984
INFO: Indices count: 6984
INFO: Vertex[0] Position: vec3(0.061047, 0.485192, -0.101388)
INFO: Vertex[0] Normal: vec3(-0.999759, 0.010175, -0.019474)
INFO: Vertex[0] TexCoords: vec2(0.793786, 0.755578)
INFO: Vertex[0] BoneIDs: [10, 11, -1, -1]
INFO: Vertex[0] Weights: [0.898307, 0.101693, 0.000000, 0.000000]
INFO: Debug: VAO Bone IDs bound to location 3.
INFO: Debug: VAO Bone Weights bound to location 4.
INFO: Explicitly logging vertex attribute configuration:
INFO: Position bound to location 0
INFO: Normal bound to location 1
INFO: TexCoords bound to location 2
INFO: BoneIDs bound to location 3 (int attribute)
INFO: Bone Weights bound to location 4 (GL_FLOAT)
INFO: Vertex data size: 432
INFO: Indices count: 432
INFO: Vertex[0] Position: vec3(0.160886, 0.787475, -0.128936)
INFO: Vertex[0] Normal: vec3(0.985015, 0.159908, -0.064617)
INFO: Vertex[0] TexCoords: vec2(0.870803, 0.998961)
INFO: Vertex[0] BoneIDs: [9, -1, -1, -1]
INFO: Vertex[0] Weights: [1.000000, 0.000000, 0.000000, 0.000000]
INFO: ==== Explicit Bone Mapping BEGIN ====
INFO: Bone Mapping ID[2] maps to Bone Name[DEF-spine.002]
INFO: Bone Mapping ID[10] maps to Bone Name[DEF-thigh.L.001]
INFO: Bone Mapping ID[0] maps to Bone Name[DEF-spine]
INFO: Bone Mapping ID[1] maps to Bone Name[DEF-spine.001]
INFO: Bone Mapping ID[3] maps to Bone Name[DEF-spine.003]
INFO: Bone Mapping ID[7] maps to Bone Name[DEF-pelvis.L]
INFO: Bone Mapping ID[4] maps to Bone Name[DEF-spine.004]
INFO: Bone Mapping ID[23] maps to Bone Name[DEF-upper_arm.L.001]
INFO: Bone Mapping ID[9] maps to Bone Name[DEF-thigh.L]
INFO: Bone Mapping ID[5] maps to Bone Name[DEF-spine.005]
INFO: Bone Mapping ID[25] maps to Bone Name[DEF-forearm.L.001]
INFO: Bone Mapping ID[18] maps to Bone Name[DEF-shin.R.001]
INFO: Bone Mapping ID[6] maps to Bone Name[DEF-spine.006]
INFO: Bone Mapping ID[8] maps to Bone Name[DEF-pelvis.R]
INFO: Bone Mapping ID[30] maps to Bone Name[DEF-forearm.R]
INFO: Bone Mapping ID[11] maps to Bone Name[DEF-shin.L]
INFO: Bone Mapping ID[31] maps to Bone Name[DEF-forearm.R.001]
INFO: Bone Mapping ID[12] maps to Bone Name[DEF-shin.L.001]
INFO: Bone Mapping ID[13] maps to Bone Name[DEF-foot.L]
INFO: Bone Mapping ID[14] maps to Bone Name[DEF-toe.L]
INFO: Bone Mapping ID[15] maps to Bone Name[DEF-thigh.R]
INFO: Bone Mapping ID[16] maps to Bone Name[DEF-thigh.R.001]
INFO: Bone Mapping ID[24] maps to Bone Name[DEF-forearm.L]
INFO: Bone Mapping ID[17] maps to Bone Name[DEF-shin.R]
INFO: Bone Mapping ID[19] maps to Bone Name[DEF-foot.R]
INFO: Bone Mapping ID[20] maps to Bone Name[DEF-toe.R]
INFO: Bone Mapping ID[21] maps to Bone Name[DEF-shoulder.L]
INFO: Bone Mapping ID[22] maps to Bone Name[DEF-upper_arm.L]
INFO: Bone Mapping ID[26] maps to Bone Name[DEF-hand.L]
INFO: Bone Mapping ID[27] maps to Bone Name[DEF-shoulder.R]
INFO: Bone Mapping ID[28] maps to Bone Name[DEF-upper_arm.R]
INFO: Bone Mapping ID[29] maps to Bone Name[DEF-upper_arm.R.001]
INFO: Bone Mapping ID[32] maps to Bone Name[DEF-hand.R]
INFO: Bone Mapping ID[33] maps to Bone Name[DEF-breast.L]
INFO: Bone Mapping ID[34] maps to Bone Name[DEF-breast.R]
INFO: ==== EXPLICIT BONE MAPPING END ====
INFO: Processing node: RootNode with parent:
INFO: Processing node: Low poly man with parent:
INFO: Processing node: Low poly man.001 with parent:
INFO: Processing node: rig with parent:
INFO: Processing node: root with parent:
INFO: Captured local bind transform for bone [DEF-spine]: mat4x4((1.000000, 0.000000, 0.000000, 0.000000), (-0.000000, -0.249639, 0.968339, 0.000000), (0.000000, -0.968339, -0.249639, 0.000000), (0.000000, 0.164914, 0.883387, 1.000000))
INFO: Processing node: DEF-spine with parent:
INFO: Bone [DEF-spine] parent set to:
INFO: Captured local bind transform for bone [DEF-spine.001]: mat4x4((1.000000, -0.000000, 0.000000, 0.000000), (0.000000, 0.991686, -0.128684, 0.000000), (0.000000, 0.128684, 0.991686, 0.000000), (0.000000, 0.130866, -0.000000, 1.000000))
INFO: Processing node: DEF-spine.001 with parent: DEF-spine
INFO: Bone [DEF-spine.001] parent set to: DEF-spine
INFO: Captured local bind transform for bone [DEF-spine.002]: mat4x4((1.000000, -0.000000, 0.000000, 0.000000), (0.000000, 0.987999, -0.154463, 0.000000), (0.000000, 0.154463, 0.987999, 0.000000), (0.000000, 0.117469, 0.000000, 1.000000))
INFO: Processing node: DEF-spine.002 with parent: DEF-spine.001
INFO: Bone [DEF-spine.002] parent set to: DEF-spine.001
INFO: Captured local bind transform for bone [DEF-spine.003]: mat4x4((1.000000, 0.000000, 0.000000, 0.000000), (-0.000000, 0.999995, 0.003254, 0.000000), (-0.000000, -0.003254, 0.999995, 0.000000), (-0.000000, 0.148635, -0.000000, 1.000000))
INFO: Processing node: DEF-spine.003 with parent: DEF-spine.002
INFO: Bone [DEF-spine.003] parent set to: DEF-spine.002
INFO: Captured local bind transform for bone [DEF-spine.004]: mat4x4((1.000000, 0.000000, 0.000000, 0.000000), (0.000000, 0.918604, 0.395180, 0.000000), (0.000000, -0.395180, 0.918604, 0.000000), (0.000000, 0.165563, -0.000000, 1.000000))
INFO: Processing node: DEF-spine.004 with parent: DEF-spine.003
INFO: Bone [DEF-spine.004] parent set to: DEF-spine.003
INFO: Captured local bind transform for bone [DEF-spine.005]: mat4x4((1.000000, 0.000000, 0.000000, 0.000000), (0.000000, 0.982004, -0.188860, 0.000000), (0.000000, 0.188860, 0.982004, 0.000000), (0.000000, 0.056882, -0.000000, 1.000000))
INFO: Processing node: DEF-spine.005 with parent: DEF-spine.004
INFO: Bone [DEF-spine.005] parent set to: DEF-spine.004
INFO: Captured local bind transform for bone [DEF-spine.006]: mat4x4((1.000000, 0.000000, 0.000000, 0.000000), (0.000000, 0.982436, -0.186599, 0.000000), (0.000000, 0.186599, 0.982436, 0.000000), (-0.000000, 0.053906, -0.000000, 1.000000))
INFO: Processing node: DEF-spine.006 with parent: DEF-spine.005
INFO: Bone [DEF-spine.006] parent set to: DEF-spine.005
INFO: Processing node: MCH-torso.parent with parent:
INFO: Processing node: torso with parent:
INFO: Processing node: MCH-spine.001 with parent:
INFO: Processing node: spine_fk.001 with parent:
INFO: Processing node: MCH-spine with parent:
INFO: Processing node: spine_fk with parent:
INFO: Processing node: tweak_spine with parent:
INFO: Processing node: ORG-spine with parent:
INFO: Processing node: ORG-pelvis.L with parent:
INFO: Captured local bind transform for bone [DEF-pelvis.L]: mat4x4((1.000000, 0.000000, 0.000000, 0.000000), (0.000000, 1.000000, 0.000000, 0.000000), (0.000000, 0.000000, 1.000000, 0.000000), (0.000000, 0.000000, 0.000000, 1.000000))
INFO: Processing node: DEF-pelvis.L with parent:
INFO: Bone [DEF-pelvis.L] parent set to:
INFO: Processing node: ORG-pelvis.R with parent:
INFO: Captured local bind transform for bone [DEF-pelvis.R]: mat4x4((1.000000, 0.000000, 0.000000, 0.000000), (0.000000, 1.000000, 0.000000, 0.000000), (0.000000, 0.000000, 1.000000, 0.000000), (0.000000, 0.000000, 0.000000, 1.000000))
INFO: Processing node: DEF-pelvis.R with parent:
INFO: Bone [DEF-pelvis.R] parent set to:
INFO: Captured local bind transform for bone [DEF-thigh.L]: mat4x4((0.989208, 0.101287, 0.105869, 0.000000), (0.066376, -0.953965, 0.292480, 0.000000), (0.130620, -0.282296, -0.950393, 0.000000), (0.084253, 0.060884, 0.022303, 1.000000))
INFO: Processing node: DEF-thigh.L with parent:
INFO: Bone [DEF-thigh.L] parent set to:
INFO: Captured local bind transform for bone [DEF-thigh.L.001]: mat4x4((1.000000, 0.000000, 0.000000, 0.000000), (0.000000, 1.000000, 0.000000, 0.000000), (0.000000, 0.000000, 1.000000, 0.000000), (0.000000, 0.227874, 0.000000, 1.000000))
INFO: Processing node: DEF-thigh.L.001 with parent: DEF-thigh.L
INFO: Bone [DEF-thigh.L.001] parent set to: DEF-thigh.L
INFO: Captured local bind transform for bone [DEF-shin.L]: mat4x4((1.000000, -0.000000, 0.000000, 0.000000), (0.000000, 0.994397, 0.105710, 0.000000), (-0.000000, -0.105710, 0.994397, 0.000000), (-0.000000, 0.227874, 0.000000, 1.000000))
INFO: Processing node: DEF-shin.L with parent: DEF-thigh.L.001
INFO: Bone [DEF-shin.L] parent set to: DEF-thigh.L.001
INFO: Captured local bind transform for bone [DEF-shin.L.001]: mat4x4((1.000000, 0.000000, 0.000000, 0.000000), (0.000000, 1.000000, 0.000000, 0.000000), (0.000000, 0.000000, 1.000000, 0.000000), (0.000000, 0.198684, -0.000000, 1.000000))
INFO: Processing node: DEF-shin.L.001 with parent: DEF-shin.L
INFO: Bone [DEF-shin.L.001] parent set to: DEF-shin.L
INFO: Captured local bind transform for bone [DEF-foot.L]: mat4x4((0.989239, 0.079600, 0.122758, 0.000000), (0.070401, 0.476545, -0.876327, 0.000000), (-0.128255, 0.875539, 0.465813, 0.000000), (-0.000000, 0.198684, 0.000000, 1.000000))
INFO: Processing node: DEF-foot.L with parent: DEF-shin.L.001
INFO: Bone [DEF-foot.L] parent set to: DEF-shin.L.001
INFO: Captured local bind transform for bone [DEF-toe.L]: mat4x4((-1.000000, -0.000001, -0.000244, 0.000000), (0.000129, 0.847998, -0.529999, 0.000000), (0.000207, -0.529999, -0.847998, 0.000000), (0.000000, 0.111115, 0.000000, 1.000000))
INFO: Processing node: DEF-toe.L with parent: DEF-foot.L
INFO: Bone [DEF-toe.L] parent set to: DEF-foot.L
INFO: Captured local bind transform for bone [DEF-thigh.R]: mat4x4((0.989208, -0.101287, -0.105869, 0.000000), (-0.066376, -0.953965, 0.292480, 0.000000), (-0.130620, -0.282296, -0.950393, 0.000000), (-0.084253, 0.060884, 0.022303, 1.000000))
INFO: Processing node: DEF-thigh.R with parent:
INFO: Bone [DEF-thigh.R] parent set to:
INFO: Captured local bind transform for bone [DEF-thigh.R.001]: mat4x4((1.000000, 0.000000, 0.000000, 0.000000), (0.000000, 1.000000, 0.000000, 0.000000), (0.000000, 0.000000, 1.000000, 0.000000), (0.000000, 0.227874, 0.000000, 1.000000))
INFO: Processing node: DEF-thigh.R.001 with parent: DEF-thigh.R
INFO: Bone [DEF-thigh.R.001] parent set to: DEF-thigh.R
INFO: Captured local bind transform for bone [DEF-shin.R]: mat4x4((1.000000, 0.000000, -0.000001, 0.000000), (-0.000000, 0.994397, 0.105710, 0.000000), (0.000001, -0.105710, 0.994397, 0.000000), (-0.000000, 0.227874, -0.000000, 1.000000))
INFO: Processing node: DEF-shin.R with parent: DEF-thigh.R.001
INFO: Bone [DEF-shin.R] parent set to: DEF-thigh.R.001
INFO: Captured local bind transform for bone [DEF-shin.R.001]: mat4x4((1.000000, 0.000000, 0.000000, 0.000000), (0.000000, 1.000000, 0.000000, 0.000000), (0.000000, 0.000000, 1.000000, 0.000000), (-0.000000, 0.198684, 0.000000, 1.000000))
INFO: Processing node: DEF-shin.R.001 with parent: DEF-shin.R
INFO: Bone [DEF-shin.R.001] parent set to: DEF-shin.R
INFO: Captured local bind transform for bone [DEF-foot.R]: mat4x4((0.989239, -0.079599, -0.122757, 0.000000), (-0.070400, 0.476545, -0.876327, 0.000000), (0.128255, 0.875539, 0.465813, 0.000000), (-0.000000, 0.198684, -0.000000, 1.000000))
INFO: Processing node: DEF-foot.R with parent: DEF-shin.R.001
INFO: Bone [DEF-foot.R] parent set to: DEF-shin.R.001
INFO: Captured local bind transform for bone [DEF-toe.R]: mat4x4((-1.000000, 0.000001, 0.000244, 0.000000), (-0.000129, 0.847999, -0.529999, 0.000000), (-0.000207, -0.529999, -0.847999, 0.000000), (-0.000000, 0.111115, 0.000000, 1.000000))
INFO: Processing node: DEF-toe.R with parent: DEF-foot.R
INFO: Bone [DEF-toe.R] parent set to: DEF-foot.R
INFO: Processing node: MCH-spine.002 with parent:
INFO: Processing node: spine_fk.002 with parent:
INFO: Processing node: MCH-spine.003 with parent:
INFO: Processing node: spine_fk.003 with parent:
INFO: Processing node: tweak_spine.003 with parent:
INFO: Processing node: ORG-spine.003 with parent:
INFO: Processing node: ORG-shoulder.L with parent:
INFO: Captured local bind transform for bone [DEF-shoulder.L]: mat4x4((1.000000, 0.000000, 0.000000, 0.000000), (0.000000, 1.000000, 0.000000, 0.000000), (0.000000, 0.000000, 1.000000, 0.000000), (0.000000, 0.000000, 0.000000, 1.000000))
WARNING: ARM CHAIN NODE FOUND: DEF-shoulder.L  -> Parent:
INFO: Processing node: DEF-shoulder.L with parent:
INFO: Bone [DEF-shoulder.L] parent set to:
INFO: Captured local bind transform for bone [DEF-upper_arm.L]: mat4x4((-0.840223, -0.390785, -0.375916, 0.000000), (0.159011, 0.485214, -0.859816, 0.000000), (0.518403, -0.782212, -0.345548, 0.000000), (0.004115, 0.189038, -0.016364, 1.000000))
WARNING: ARM CHAIN NODE FOUND: DEF-upper_arm.L  -> Parent:
INFO: Processing node: DEF-upper_arm.L with parent:
INFO: Bone [DEF-upper_arm.L] parent set to:
INFO: Captured local bind transform for bone [DEF-upper_arm.L.001]: mat4x4((1.000000, 0.000000, 0.000000, 0.000000), (0.000000, 1.000000, 0.000000, 0.000000), (0.000000, 0.000000, 1.000000, 0.000000), (0.000000, 0.129039, 0.000000, 1.000000))
WARNING: ARM CHAIN NODE FOUND: DEF-upper_arm.L.001  -> Parent: DEF-upper_arm.L
INFO: Processing node: DEF-upper_arm.L.001 with parent: DEF-upper_arm.L
INFO: Bone [DEF-upper_arm.L.001] parent set to: DEF-upper_arm.L
INFO: Captured local bind transform for bone [DEF-forearm.L]: mat4x4((1.000000, -0.000000, 0.000000, 0.000000), (0.000000, 0.965789, 0.259330, 0.000000), (-0.000000, -0.259330, 0.965789, 0.000000), (-0.000000, 0.129039, -0.000000, 1.000000))
WARNING: ARM CHAIN NODE FOUND: DEF-forearm.L  -> Parent: DEF-upper_arm.L.001
INFO: Processing node: DEF-forearm.L with parent: DEF-upper_arm.L.001
INFO: Bone [DEF-forearm.L] parent set to: DEF-upper_arm.L.001
INFO: Captured local bind transform for bone [DEF-forearm.L.001]: mat4x4((1.000000, 0.000000, 0.000000, 0.000000), (0.000000, 1.000000, 0.000000, 0.000000), (0.000000, 0.000000, 1.000000, 0.000000), (0.000000, 0.113552, 0.000000, 1.000000))
WARNING: ARM CHAIN NODE FOUND: DEF-forearm.L.001  -> Parent: DEF-forearm.L
INFO: Processing node: DEF-forearm.L.001 with parent: DEF-forearm.L
INFO: Bone [DEF-forearm.L.001] parent set to: DEF-forearm.L
INFO: Captured local bind transform for bone [DEF-hand.L]: mat4x4((0.997057, -0.076593, -0.003170, 0.000000), (0.076659, 0.996204, 0.041249, 0.000000), (-0.000001, -0.041370, 0.999144, 0.000000), (-0.000000, 0.113552, 0.000000, 1.000000))
WARNING: ARM CHAIN NODE FOUND: DEF-hand.L  -> Parent: DEF-forearm.L.001
INFO: Processing node: DEF-hand.L with parent: DEF-forearm.L.001
INFO: Bone [DEF-hand.L] parent set to: DEF-forearm.L.001
INFO: Processing node: ORG-shoulder.R with parent:
INFO: Captured local bind transform for bone [DEF-shoulder.R]: mat4x4((1.000000, 0.000000, 0.000000, 0.000000), (0.000000, 1.000000, 0.000000, 0.000000), (0.000000, 0.000000, 1.000000, 0.000000), (0.000000, 0.000000, 0.000000, 1.000000))
INFO: Processing node: DEF-shoulder.R with parent:
INFO: Bone [DEF-shoulder.R] parent set to:
INFO: Captured local bind transform for bone [DEF-upper_arm.R]: mat4x4((-0.840223, 0.390785, 0.375916, 0.000000), (-0.159011, 0.485214, -0.859816, 0.000000), (-0.518403, -0.782212, -0.345548, 0.000000), (-0.004115, 0.189038, -0.016364, 1.000000))
INFO: Processing node: DEF-upper_arm.R with parent:
INFO: Bone [DEF-upper_arm.R] parent set to:
INFO: Captured local bind transform for bone [DEF-upper_arm.R.001]: mat4x4((1.000000, 0.000000, 0.000000, 0.000000), (0.000000, 1.000000, 0.000000, 0.000000), (0.000000, 0.000000, 1.000000, 0.000000), (-0.000000, 0.129039, 0.000000, 1.000000))
INFO: Processing node: DEF-upper_arm.R.001 with parent: DEF-upper_arm.R
INFO: Bone [DEF-upper_arm.R.001] parent set to: DEF-upper_arm.R
INFO: Captured local bind transform for bone [DEF-forearm.R]: mat4x4((1.000000, 0.000000, -0.000000, 0.000000), (-0.000000, 0.965789, 0.259330, 0.000000), (0.000000, -0.259330, 0.965789, 0.000000), (0.000000, 0.129039, -0.000000, 1.000000))
INFO: Processing node: DEF-forearm.R with parent: DEF-upper_arm.R.001
INFO: Bone [DEF-forearm.R] parent set to: DEF-upper_arm.R.001
INFO: Captured local bind transform for bone [DEF-forearm.R.001]: mat4x4((1.000000, 0.000000, 0.000000, 0.000000), (0.000000, 1.000000, 0.000000, 0.000000), (0.000000, 0.000000, 1.000000, 0.000000), (-0.000000, 0.113552, 0.000000, 1.000000))
INFO: Processing node: DEF-forearm.R.001 with parent: DEF-forearm.R
INFO: Bone [DEF-forearm.R.001] parent set to: DEF-forearm.R
INFO: Captured local bind transform for bone [DEF-hand.R]: mat4x4((0.997057, 0.076593, 0.003171, 0.000000), (-0.076659, 0.996204, 0.041249, 0.000000), (0.000001, -0.041371, 0.999144, 0.000000), (0.000000, 0.113552, 0.000000, 1.000000))
INFO: Processing node: DEF-hand.R with parent: DEF-forearm.R.001
INFO: Bone [DEF-hand.R] parent set to: DEF-forearm.R.001
INFO: Processing node: ORG-breast.L with parent:
INFO: Captured local bind transform for bone [DEF-breast.L]: mat4x4((1.000000, 0.000000, 0.000000, 0.000000), (0.000000, 1.000000, 0.000000, 0.000000), (0.000000, 0.000000, 1.000000, 0.000000), (0.000000, 0.000000, 0.000000, 1.000000))
INFO: Processing node: DEF-breast.L with parent:
INFO: Bone [DEF-breast.L] parent set to:
INFO: Processing node: ORG-breast.R with parent:
INFO: Captured local bind transform for bone [DEF-breast.R]: mat4x4((1.000000, 0.000000, 0.000000, 0.000000), (0.000000, 1.000000, 0.000000, 0.000000), (0.000000, 0.000000, 1.000000, 0.000000), (0.000000, 0.000000, 0.000000, 1.000000))
INFO: Processing node: DEF-breast.R with parent:
INFO: Bone [DEF-breast.R] parent set to:
INFO: Bone hierarchy successfully built from scene graph.
INFO: Loaded 2 meshes.
INFO: INFO: Model loaded successfully.
INFO: DEBUG: Bounding Box Center: (-0.000000, 0.878198, -0.082552)
INFO: DEBUG: Bounding Box Radius: 0.987355
INFO: DEBUG: Adjusted Camera Position: (-0.000000, 0.878198, 5.876665)
INFO: Loaded clip 'animations/Idle.fbx' fps=60.000000
INFO: NOW PLAYING: Idle | keyframes = 59 | length = 0.250000 s
INFO: Loaded clip 'animations/Stance1.fbx' fps=60.000000
INFO: Loaded clip 'animations/Jab_Head.fbx' fps=60.000000
INFO: INFO: Set current animation to Idle.
INFO: DEBUG: After Storing Bone DEF-breast.L
INFO: DEBUG: After Storing Bone DEF-breast.R
INFO: DEBUG: After Storing Bone DEF-foot.L
INFO: DEBUG: After Storing Bone DEF-foot.R
INFO: DEBUG: After Storing Bone DEF-forearm.L
INFO: DEBUG: After Storing Bone DEF-forearm.L.001
INFO: DEBUG: After Storing Bone DEF-forearm.R
INFO: DEBUG: After Storing Bone DEF-forearm.R.001
INFO: DEBUG: After Storing Bone DEF-hand.L
INFO: DEBUG: After Storing Bone DEF-hand.R
INFO: DEBUG: After Storing Bone DEF-pelvis.L
INFO: DEBUG: After Storing Bone DEF-pelvis.R
INFO: DEBUG: After Storing Bone DEF-shin.L
INFO: DEBUG: After Storing Bone DEF-shin.L.001
INFO: DEBUG: After Storing Bone DEF-shin.R
INFO: DEBUG: After Storing Bone DEF-shin.R.001
INFO: DEBUG: After Storing Bone DEF-shoulder.L
INFO: DEBUG: After Storing Bone DEF-shoulder.R
INFO: DEBUG: After Storing Bone DEF-spine
INFO: DEBUG: After Storing Bone DEF-spine.001
INFO: DEBUG: After Storing Bone DEF-spine.002
INFO: DEBUG: After Storing Bone DEF-spine.003
INFO: DEBUG: After Storing Bone DEF-spine.004
INFO: DEBUG: After Storing Bone DEF-spine.005
INFO: DEBUG: After Storing Bone DEF-spine.006
INFO: DEBUG: After Storing Bone DEF-thigh.L
INFO: DEBUG: After Storing Bone DEF-thigh.L.001
INFO: DEBUG: After Storing Bone DEF-thigh.R
INFO: DEBUG: After Storing Bone DEF-thigh.R.001
INFO: DEBUG: After Storing Bone DEF-toe.L
INFO: DEBUG: After Storing Bone DEF-toe.R
INFO: DEBUG: After Storing Bone DEF-upper_arm.L
INFO: DEBUG: After Storing Bone DEF-upper_arm.L.001
INFO: DEBUG: After Storing Bone DEF-upper_arm.R
INFO: DEBUG: After Storing Bone DEF-upper_arm.R.001
INFO: DEBUG: After Storing Bone MCH-spine
INFO: DEBUG: After Storing Bone MCH-spine.001
INFO: DEBUG: After Storing Bone MCH-spine.002
INFO: DEBUG: After Storing Bone MCH-spine.003
INFO: DEBUG: After Storing Bone MCH-torso.parent
INFO: DEBUG: After Storing Bone ORG-breast.L
INFO: DEBUG: After Storing Bone ORG-breast.R
INFO: DEBUG: After Storing Bone ORG-pelvis.L
INFO: DEBUG: After Storing Bone ORG-pelvis.R
INFO: DEBUG: After Storing Bone ORG-shoulder.L
INFO: DEBUG: After Storing Bone ORG-shoulder.R
INFO: DEBUG: After Storing Bone ORG-spine
INFO: DEBUG: After Storing Bone ORG-spine.003
INFO: DEBUG: After Storing Bone root
INFO: DEBUG: After Storing Bone spine_fk
INFO: DEBUG: After Storing Bone spine_fk.001
INFO: DEBUG: After Storing Bone spine_fk.002
INFO: DEBUG: After Storing Bone spine_fk.003
INFO: DEBUG: After Storing Bone torso
INFO: DEBUG: After Storing Bone tweak_spine
INFO: DEBUG: After Storing Bone tweak_spine.003
INFO: DEBUG: Depth testing and blending enabled.
INFO: DEBUG: After Storing Bone DEF-breast.L
INFO: DEBUG: After Storing Bone DEF-breast.R
INFO: DEBUG: After Storing Bone DEF-foot.L
INFO: DEBUG: After Storing Bone DEF-foot.R
INFO: DEBUG: After Storing Bone DEF-forearm.L
INFO: DEBUG: After Storing Bone DEF-forearm.L.001
INFO: DEBUG: After Storing Bone DEF-forearm.R
INFO: DEBUG: After Storing Bone DEF-forearm.R.001
INFO: DEBUG: After Storing Bone DEF-hand.L
INFO: DEBUG: After Storing Bone DEF-hand.R
INFO: DEBUG: After Storing Bone DEF-pelvis.L
INFO: DEBUG: After Storing Bone DEF-pelvis.R
INFO: DEBUG: After Storing Bone DEF-shin.L
INFO: DEBUG: After Storing Bone DEF-shin.L.001
INFO: DEBUG: After Storing Bone DEF-shin.R
INFO: DEBUG: After Storing Bone DEF-shin.R.001
INFO: DEBUG: After Storing Bone DEF-shoulder.L
INFO: DEBUG: After Storing Bone DEF-shoulder.R
INFO: DEBUG: After Storing Bone DEF-spine
INFO: DEBUG: After Storing Bone DEF-spine.001
INFO: DEBUG: After Storing Bone DEF-spine.002
INFO: DEBUG: After Storing Bone DEF-spine.003
INFO: DEBUG: After Storing Bone DEF-spine.004
INFO: DEBUG: After Storing Bone DEF-spine.005
INFO: DEBUG: After Storing Bone DEF-spine.006
INFO: DEBUG: After Storing Bone DEF-thigh.L
INFO: DEBUG: After Storing Bone DEF-thigh.L.001
INFO: DEBUG: After Storing Bone DEF-thigh.R
INFO: DEBUG: After Storing Bone DEF-thigh.R.001
INFO: DEBUG: After Storing Bone DEF-toe.L
INFO: DEBUG: After Storing Bone DEF-toe.R
INFO: DEBUG: After Storing Bone DEF-upper_arm.L
INFO: DEBUG: After Storing Bone DEF-upper_arm.L.001
INFO: DEBUG: After Storing Bone DEF-upper_arm.R
INFO: DEBUG: After Storing Bone DEF-upper_arm.R.001
INFO: DEBUG: After Storing Bone MCH-spine
INFO: DEBUG: After Storing Bone MCH-spine.001
INFO: DEBUG: After Storing Bone MCH-spine.002
INFO: DEBUG: After Storing Bone MCH-spine.003
INFO: DEBUG: After Storing Bone MCH-torso.parent
INFO: DEBUG: After Storing Bone ORG-breast.L
INFO: DEBUG: After Storing Bone ORG-breast.R
INFO: DEBUG: After Storing Bone ORG-pelvis.L
INFO: DEBUG: After Storing Bone ORG-pelvis.R
INFO: DEBUG: After Storing Bone ORG-shoulder.L
INFO: DEBUG: After Storing Bone ORG-shoulder.R
INFO: DEBUG: After Storing Bone ORG-spine
INFO: DEBUG: After Storing Bone ORG-spine.003
INFO: DEBUG: After Storing Bone root
INFO: DEBUG: After Storing Bone spine_fk
INFO: DEBUG: After Storing Bone spine_fk.001
INFO: DEBUG: After Storing Bone spine_fk.002
INFO: DEBUG: After Storing Bone spine_fk.003
INFO: DEBUG: After Storing Bone torso
INFO: DEBUG: After Storing Bone tweak_spine
INFO: DEBUG: After Storing Bone tweak_spine.003
INFO: DEBUG: Max Vertex Attributes: 32
INFO: Bone [DEF-spine] FINAL TRANSFORM:
INFO: mat4x4((0.991301, 0.131458, -0.006390, 0.000000), (0.021130, -0.111042, 0.993592, 0.000000), (0.129906, -0.985083, -0.112854, 0.000000), (0.138545, 0.107145, -0.261874, 1.000000))
INFO: Bone: DEF-spine Scale: vec3(1.000000, 1.000000, 1.000000) Translation: vec3(0.138545, 0.107145, -0.261874) Skew: vec3(0.000000, -0.000000, -0.000000)
INFO: Decomposed transform for DEF-spine: Translation(0.138545, 0.107145, -0.261874), Scale(1, 1, 1)
INFO: Bone [DEF-spine.001] FINAL TRANSFORM:
INFO: mat4x4((0.991301, 0.131458, -0.006390, 0.000000), (0.021130, -0.111041, 0.993591, 0.000000), (0.129906, -0.985083, -0.112853, 0.000000), (0.138545, 0.107144, -0.261874, 1.000000))
INFO: Bone: DEF-spine.001 Scale: vec3(1.000000, 1.000000, 1.000000) Translation: vec3(0.138545, 0.107144, -0.261874) Skew: vec3(0.000000, -0.000000, -0.000000)
INFO: Decomposed transform for DEF-spine.001: Translation(0.138545, 0.107144, -0.261874), Scale(1, 1, 1)
INFO: Bone [DEF-spine.002] FINAL TRANSFORM:
INFO: mat4x4((0.991301, 0.131458, -0.006390, 0.000000), (0.021130, -0.111042, 0.993591, 0.000000), (0.129906, -0.985083, -0.112853, 0.000000), (0.138545, 0.107145, -0.261875, 1.000000))
INFO: Bone: DEF-spine.002 Scale: vec3(1.000000, 1.000000, 1.000000) Translation: vec3(0.138545, 0.107145, -0.261875) Skew: vec3(0.000000, -0.000000, -0.000000)
INFO: Decomposed transform for DEF-spine.002: Translation(0.138545, 0.107145, -0.261875), Scale(1, 1, 1)
INFO: Bone [DEF-spine.003] FINAL TRANSFORM:
INFO: mat4x4((0.991301, 0.131458, -0.006390, 0.000000), (0.021130, -0.111041, 0.993592, 0.000000), (0.129906, -0.985084, -0.112853, 0.000000), (0.138545, 0.107144, -0.261875, 1.000000))
INFO: Bone: DEF-spine.003 Scale: vec3(1.000000, 1.000001, 1.000001) Translation: vec3(0.138545, 0.107144, -0.261875) Skew: vec3(-0.000000, -0.000000, -0.000000)
INFO: Decomposed transform for DEF-spine.003: Translation(0.138545, 0.107144, -0.261875), Scale(1, 1, 1)
INFO: Bone [DEF-spine.004] FINAL TRANSFORM:
INFO: mat4x4((0.991301, 0.131458, -0.006390, 0.000000), (0.021130, -0.111043, 0.993591, 0.000000), (0.129906, -0.985083, -0.112855, 0.000000), (0.138545, 0.107147, -0.261873, 1.000000))
INFO: Bone: DEF-spine.004 Scale: vec3(1.000000, 1.000000, 1.000000) Translation: vec3(0.138545, 0.107147, -0.261873) Skew: vec3(0.000000, -0.000000, 0.000000)
INFO: Decomposed transform for DEF-spine.004: Translation(0.138545, 0.107147, -0.261873), Scale(1, 1, 1)
INFO: Bone [DEF-spine.005] FINAL TRANSFORM:
INFO: mat4x4((0.963845, 0.264077, 0.035575, 0.000000), (-0.004798, -0.116288, 0.993204, 0.000000), (0.266419, -0.957466, -0.110816, 0.000000), (0.191781, 0.117915, -0.261078, 1.000000))
INFO: Bone: DEF-spine.005 Scale: vec3(1.000000, 1.000000, 1.000000) Translation: vec3(0.191781, 0.117915, -0.261078) Skew: vec3(0.000000, 0.000000, 0.000000)
INFO: Decomposed transform for DEF-spine.005: Translation(0.191781, 0.117915, -0.261078), Scale(1, 1, 1)
INFO: Bone [DEF-spine.006] FINAL TRANSFORM:
INFO: mat4x4((0.912866, 0.407792, -0.019556, 0.000000), (0.178531, -0.355656, 0.917407, 0.000000), (0.367156, -0.840960, -0.397469, 0.000000), (-0.082058, 0.499327, -0.171435, 1.000000))
INFO: Bone: DEF-spine.006 Scale: vec3(1.000000, 1.000000, 1.000000) Translation: vec3(-0.082058, 0.499327, -0.171435) Skew: vec3(0.000000, 0.000000, 0.000000)
INFO: Decomposed transform for DEF-spine.006: Translation(-0.0820575, 0.499327, -0.171435), Scale(1, 1, 1)
INFO: Bone [DEF-pelvis.L] FINAL TRANSFORM:
INFO: mat4x4((-0.421772, 0.536322, -0.731072, 0.000000), (-0.276837, 0.691624, 0.667096, 0.000000), (0.863405, 0.483751, -0.143234, 0.000000), (0.386943, -0.531194, -0.612925, 1.000000))
INFO: Bone: DEF-pelvis.L Scale: vec3(1.000000, 1.000000, 1.000000) Translation: vec3(0.386943, -0.531194, -0.612925) Skew: vec3(0.000000, 0.000000, 0.000000)
INFO: Decomposed transform for DEF-pelvis.L: Translation(0.386943, -0.531194, -0.612925), Scale(1, 1, 1)
INFO: Bone [DEF-pelvis.R] FINAL TRANSFORM:
INFO: mat4x4((-0.421772, -0.536322, 0.731072, 0.000000), (0.276837, 0.691624, 0.667096, 0.000000), (-0.863405, 0.483751, -0.143234, 0.000000), (-0.386943, -0.531194, -0.612925, 1.000000))
INFO: Bone: DEF-pelvis.R Scale: vec3(1.000000, 1.000000, 1.000000) Translation: vec3(-0.386943, -0.531194, -0.612925) Skew: vec3(0.000000, 0.000000, 0.000000)
INFO: Decomposed transform for DEF-pelvis.R: Translation(-0.386943, -0.531194, -0.612925), Scale(1, 1, 1)
INFO: Bone [DEF-thigh.L] FINAL TRANSFORM:
INFO: mat4x4((0.989613, 0.107092, -0.094441, 0.000000), (-0.125671, 0.330191, -0.928107, 0.000000), (-0.066815, 0.930573, 0.340265, 0.000000), (0.110041, -0.138229, 0.943282, 1.000000))
INFO: Bone: DEF-thigh.L Scale: vec3(0.999861, 0.993076, 0.993081) Translation: vec3(0.110041, -0.138229, 0.943282) Skew: vec3(-0.000139, 0.001411, -0.001364)
INFO: Decomposed transform for DEF-thigh.L: Translation(0.110041, -0.138229, 0.943282), Scale(0.999861, 0.993076, 0.993081)
INFO: Bone [DEF-thigh.L.001] FINAL TRANSFORM:
INFO: mat4x4((0.982422, 0.170487, -0.074191, 0.000000), (-0.129635, 0.333988, -0.926250, 0.000000), (-0.132187, 0.919770, 0.350281, 0.000000), (0.104383, -0.144045, 0.934344, 1.000000))
INFO: Bone: DEF-thigh.L.001 Scale: vec3(0.999861, 0.993120, 0.993049) Translation: vec3(0.104383, -0.144045, 0.934344) Skew: vec3(-0.000119, 0.000964, -0.001709)
INFO: Decomposed transform for DEF-thigh.L.001: Translation(0.104383, -0.144045, 0.934344), Scale(0.999861, 0.99312, 0.993049)
INFO: Bone [DEF-shin.L] FINAL TRANSFORM:
INFO: mat4x4((0.994670, 0.048865, -0.091225, 0.000000), (-0.062589, 0.989768, -0.151992, 0.000000), (0.082146, 0.156842, 0.987540, 0.000000), (0.092087, -0.524138, 0.624498, 1.000000))
INFO: Bone: DEF-shin.L Scale: vec3(1.000039, 1.003325, 1.003286) Translation: vec3(0.092087, -0.524138, 0.624498) Skew: vec3(-0.000003, -0.000713, -0.000024)
INFO: Decomposed transform for DEF-shin.L: Translation(0.0920875, -0.524138, 0.624498), Scale(1.00004, 1.00332, 1.00329)
INFO: Bone [DEF-shin.L.001] FINAL TRANSFORM:
INFO: mat4x4((0.998335, 0.057814, -0.003988, 0.000000), (-0.058026, 0.991428, -0.145106, 0.000000), (-0.004907, 0.145062, 0.993104, 0.000000), (0.077754, -0.512735, 0.606773, 1.000000))
INFO: Bone: DEF-shin.L.001 Scale: vec3(1.000015, 1.003669, 1.003654) Translation: vec3(0.077754, -0.512735, 0.606773) Skew: vec3(-0.000002, -0.000470, -0.000032)
INFO: Decomposed transform for DEF-shin.L.001: Translation(0.0777543, -0.512735, 0.606773), Scale(1.00002, 1.00367, 1.00365)
INFO: Bone [DEF-foot.L] FINAL TRANSFORM:
INFO: mat4x4((0.991904, 0.035897, 0.121945, 0.000000), (0.010441, 0.936060, -0.358589, 0.000000), (-0.126690, 0.356948, 0.928133, 0.000000), (0.054382, -0.462373, 0.593408, 1.000000))
INFO: Bone: DEF-foot.L Scale: vec3(1.000017, 1.002449, 1.002443) Translation: vec3(0.054382, -0.462373, 0.593408) Skew: vec3(-0.000016, 0.000329, 0.000230)
INFO: Decomposed transform for DEF-foot.L: Translation(0.0543821, -0.462373, 0.593408), Scale(1.00002, 1.00245, 1.00244)
INFO: Bone [DEF-toe.L] FINAL TRANSFORM:
INFO: mat4x4((0.995451, 0.057500, 0.142455, 0.000000), (-0.003030, 0.937823, -0.361087, 0.000000), (-0.153593, 0.349167, 0.926946, 0.000000), (0.050434, -0.460731, 0.589871, 1.000000))
INFO: Bone: DEF-toe.L Scale: vec3(1.007235, 1.004941, 1.002343) Translation: vec3(0.050434, -0.460731, 0.589871) Skew: vec3(-0.006737, -0.000761, -0.000523)
INFO: Decomposed transform for DEF-toe.L: Translation(0.0504339, -0.460731, 0.589871), Scale(1.00724, 1.00494, 1.00234)
INFO: Bone [DEF-thigh.R] FINAL TRANSFORM:
INFO: mat4x4((0.977839, -0.196960, 0.070970, 0.000000), (0.209077, 0.901236, -0.379425, 0.000000), (0.010762, 0.385855, 0.922444, 0.000000), (-0.196346, -0.750531, 0.501900, 1.000000))
INFO: Bone: DEF-thigh.R Scale: vec3(0.999999, 0.999951, 0.999951) Translation: vec3(-0.196346, -0.750531, 0.501900) Skew: vec3(-0.000001, -0.000009, 0.000008)
INFO: Decomposed transform for DEF-thigh.R: Translation(-0.196346, -0.750531, 0.5019), Scale(0.999999, 0.999951, 0.999951)
INFO: Bone [DEF-thigh.R.001] FINAL TRANSFORM:
INFO: mat4x4((0.966251, -0.252361, -0.051760, 0.000000), (0.216046, 0.903538, -0.370917, 0.000000), (0.140387, 0.347214, 0.927564, 0.000000), (-0.185365, -0.754453, 0.481616, 1.000000))
INFO: Bone: DEF-thigh.R.001 Scale: vec3(1.000003, 1.000317, 1.000321) Translation: vec3(-0.185365, -0.754453, 0.481616) Skew: vec3(0.000001, 0.000015, -0.000065)
INFO: Decomposed transform for DEF-thigh.R.001: Translation(-0.185365, -0.754453, 0.481616), Scale(1, 1.00032, 1.00032)
INFO: Bone [DEF-shin.R] FINAL TRANSFORM:
INFO: mat4x4((0.982319, -0.180493, -0.049836, 0.000000), (0.181112, 0.848097, 0.500635, 0.000000), (-0.047963, -0.500825, 0.865782, -0.000000), (-0.185054, -0.802852, 0.052039, 1.000000))
INFO: Bone: DEF-shin.R Scale: vec3(1.000006, 1.001352, 1.001351) Translation: vec3(-0.185054, -0.802852, 0.052039) Skew: vec3(0.000006, 0.000133, -0.000115)
INFO: Decomposed transform for DEF-shin.R: Translation(-0.185054, -0.802852, 0.0520391), Scale(1.00001, 1.00135, 1.00135)
INFO: Bone [DEF-shin.R.001] FINAL TRANSFORM:
INFO: mat4x4((0.983441, -0.127858, -0.128451, 0.000000), (0.176231, 0.845823, 0.508284, 0.000000), (0.043673, -0.522506, 0.854347, -0.000000), (-0.168337, -0.783447, 0.040055, 1.000000))
INFO: Bone: DEF-shin.R.001 Scale: vec3(1.000002, 1.002410, 1.002412) Translation: vec3(-0.168337, -0.783447, 0.040055) Skew: vec3(0.000000, 0.000014, -0.000122)
INFO: Decomposed transform for DEF-shin.R.001: Translation(-0.168337, -0.783447, 0.0400547), Scale(1, 1.00241, 1.00241)
INFO: Bone [DEF-foot.R] FINAL TRANSFORM:
INFO: mat4x4((0.964927, -0.057115, -0.255834, 0.000000), (-0.025377, 0.946765, -0.309578, 0.000000), (0.260899, 0.305286, 0.911956, 0.000000), (-0.120566, -0.658524, 0.102183, 1.000000))
INFO: Bone: DEF-foot.R Scale: vec3(0.999899, 0.996417, 0.996459) Translation: vec3(-0.120566, -0.658524, 0.102183) Skew: vec3(0.000092, 0.001007, 0.000642)
INFO: Decomposed transform for DEF-foot.R: Translation(-0.120566, -0.658524, 0.102183), Scale(0.999899, 0.996417, 0.996459)
INFO: Bone [DEF-toe.R] FINAL TRANSFORM:
INFO: mat4x4((0.973555, -0.058123, -0.261725, 0.000000), (-0.031926, 0.949102, -0.333906, 0.000000), (0.266194, 0.320325, 0.912860, 0.000000), (-0.117103, -0.659841, 0.100175, 1.000000))
INFO: Bone: DEF-toe.R Scale: vec3(1.009796, 1.006631, 1.003341) Translation: vec3(-0.117103, -0.659841, 0.100175) Skew: vec3(-0.009197, 0.001597, 0.001128)
INFO: Decomposed transform for DEF-toe.R: Translation(-0.117103, -0.659841, 0.100175), Scale(1.0098, 1.00663, 1.00334)
INFO: Bone [DEF-shoulder.L] FINAL TRANSFORM:
INFO: mat4x4((0.451632, 0.892182, -0.006365, 0.000000), (-0.000286, 0.007279, 0.999974, 0.000000), (0.892205, -0.451618, 0.003542, 0.000000), (0.045624, -0.050680, -1.394747, 1.000000))
INFO: Bone: DEF-shoulder.L Scale: vec3(1.000000, 1.000000, 1.000000) Translation: vec3(0.045624, -0.050680, -1.394747) Skew: vec3(-0.000000, -0.000000, -0.000000)
INFO: Decomposed transform for DEF-shoulder.L: Translation(0.0456236, -0.0506799, -1.39475), Scale(1, 1, 1)
INFO: Bone [DEF-upper_arm.L] FINAL TRANSFORM:
INFO: mat4x4((0.833818, 0.446051, 0.324195, 0.000000), (-0.546041, 0.749980, 0.372381, 0.000000), (-0.077332, -0.487804, 0.869468, 0.000000), (0.591467, -0.997628, -0.468618, 1.000000))
INFO: Bone: DEF-upper_arm.L Scale: vec3(0.999658, 0.999649, 0.999953) Translation: vec3(0.591467, -0.997628, -0.468618) Skew: vec3(0.000156, -0.000189, -0.000046)
INFO: Decomposed transform for DEF-upper_arm.L: Translation(0.591467, -0.997628, -0.468618), Scale(0.999658, 0.999649, 0.999953)
INFO: Bone [DEF-upper_arm.L.001] FINAL TRANSFORM:
INFO: mat4x4((0.818325, 0.567303, 0.066637, 0.000000), (-0.567470, 0.793976, 0.207099, 0.000000), (0.063297, -0.208758, 0.975565, 0.000000), (0.641864, -1.040228, -0.176875, 1.000000))
INFO: Bone: DEF-upper_arm.L.001 Scale: vec3(0.997962, 0.997652, 0.999655) Translation: vec3(0.641864, -1.040228, -0.176875) Skew: vec3(0.000371, -0.001626, -0.000150)
INFO: Decomposed transform for DEF-upper_arm.L.001: Translation(0.641864, -1.04023, -0.176875), Scale(0.997962, 0.997652, 0.999655)
INFO: Bone [DEF-forearm.L] FINAL TRANSFORM:
INFO: mat4x4((0.894890, 0.435341, -0.041532, 0.000000), (-0.427571, 0.851812, -0.288108, 0.000000), (-0.092656, 0.276263, 0.956215, 0.000000), (0.428417, -0.985612, 0.429150, 1.000000))
INFO: Bone: DEF-forearm.L Scale: vec3(0.996029, 0.995694, 0.999624) Translation: vec3(0.428417, -0.985612, 0.429150) Skew: vec3(-0.000554, -0.002372, 0.000167)
INFO: Decomposed transform for DEF-forearm.L: Translation(0.428417, -0.985612, 0.42915), Scale(0.996029, 0.995694, 0.999624)
INFO: Bone [DEF-forearm.L.001] FINAL TRANSFORM:
INFO: mat4x4((0.821699, 0.514837, 0.225914, 0.000000), (-0.484811, 0.851263, -0.177070, 0.000000), (-0.287550, 0.035993, 0.956919, 0.000000), (0.484788, -1.047174, 0.216939, 1.000000))
INFO: Bone: DEF-forearm.L.001 Scale: vec3(0.995632, 0.995512, 0.999836) Translation: vec3(0.484788, -1.047174, 0.216939) Skew: vec3(0.000607, -0.001574, -0.000110)
INFO: Decomposed transform for DEF-forearm.L.001: Translation(0.484788, -1.04717, 0.216939), Scale(0.995632, 0.995512, 0.999836)
INFO: Bone [DEF-hand.L] FINAL TRANSFORM:
INFO: mat4x4((0.425539, 0.747691, 0.545167, 0.000000), (-0.170468, 0.654977, -0.762555, 0.000000), (-0.899589, 0.219162, 0.382585, 0.000000), (0.263634, -0.928612, 0.571247, 1.000000))
INFO: Bone: DEF-hand.L Scale: vec3(1.018495, 1.019580, 1.001766) Translation: vec3(0.263634, -0.928612, 0.571247) Skew: vec3(0.005061, -0.010166, 0.001406)
INFO: Decomposed transform for DEF-hand.L: Translation(0.263634, -0.928612, 0.571247), Scale(1.01849, 1.01958, 1.00177)
INFO: Bone [DEF-shoulder.R] FINAL TRANSFORM:
INFO: mat4x4((0.451632, -0.892182, 0.006365, 0.000000), (0.000286, 0.007279, 0.999974, 0.000000), (-0.892205, -0.451618, 0.003542, 0.000000), (-0.045624, -0.050680, -1.394747, 1.000000))
INFO: Bone: DEF-shoulder.R Scale: vec3(1.000000, 1.000000, 1.000000) Translation: vec3(-0.045624, -0.050680, -1.394747) Skew: vec3(-0.000000, 0.000000, 0.000000)
INFO: Decomposed transform for DEF-shoulder.R: Translation(-0.0456236, -0.0506799, -1.39475), Scale(1, 1, 1)
INFO: Bone [DEF-upper_arm.R] FINAL TRANSFORM:
INFO: mat4x4((0.717771, -0.590546, -0.328448, 0.000000), (0.615916, 0.359575, 0.681427, 0.000000), (-0.275201, -0.708831, 0.640241, 0.000000), (-0.759027, -0.516791, -0.928112, 1.000000))
INFO: Bone: DEF-upper_arm.R Scale: vec3(0.985808, 0.986384, 0.993893) Translation: vec3(-0.759027, -0.516791, -0.928112) Skew: vec3(0.012070, 0.011003, 0.006096)
INFO: Decomposed transform for DEF-upper_arm.R: Translation(-0.759027, -0.516791, -0.928112), Scale(0.985808, 0.986384, 0.993893)
INFO: Bone [DEF-upper_arm.R.001] FINAL TRANSFORM:
INFO: mat4x4((0.597183, -0.775076, -0.127183, 0.000000), (0.696223, 0.441141, 0.537802, 0.000000), (-0.354281, -0.426358, 0.825050, 0.000000), (-0.899525, -0.622638, -0.663292, 1.000000))
INFO: Bone: DEF-upper_arm.R.001 Scale: vec3(0.986684, 0.984141, 0.993842) Translation: vec3(-0.899525, -0.622638, -0.663292) Skew: vec3(0.009092, 0.014233, 0.005618)
INFO: Decomposed transform for DEF-upper_arm.R.001: Translation(-0.899525, -0.622638, -0.663292), Scale(0.986684, 0.984141, 0.993842)
INFO: Bone [DEF-forearm.R] FINAL TRANSFORM:
INFO: mat4x4((0.770265, -0.459683, -0.487751, 0.000000), (0.085267, 0.804461, -0.622230, 0.000000), (0.654770, 0.424265, 0.626761, 0.000000), (0.030190, -0.804950, 0.537838, 1.000000))
INFO: Bone: DEF-forearm.R Scale: vec3(1.021038, 1.020587, 1.000746) Translation: vec3(0.030190, -0.804950, 0.537838) Skew: vec3(0.006998, 0.003539, -0.000601)
INFO: Decomposed transform for DEF-forearm.R: Translation(0.0301897, -0.80495, 0.537838), Scale(1.02104, 1.02059, 1.00075)
INFO: Bone [DEF-forearm.R.001] FINAL TRANSFORM:
INFO: mat4x4((0.663997, -0.536550, -0.573672, 0.000000), (0.147218, 0.823791, -0.598487, 0.000000), (0.756966, 0.296461, 0.583993, 0.000000), (-0.057040, -0.866693, 0.470046, 1.000000))
