INFO: DEBUG: After Storing Bone DEF-forearm.L.001
INFO: DEBUG: After Storing Bone DEF-forearm.R
INFO: DEBUG: After Storing Bone DEF-forearm.R.001
INFO: DEBUG: After Storing Bone DEF-hand.L
INFO: DEBUG: After Storing Bone DEF-hand.R
INFO: DEBUG: After Storing Bone DEF-pelvis.L
INFO: DEBUG: After Storing Bone DEF-pelvis.R
INFO: DEBUG: After Storing Bone DEF-shin.L
INFO: DEBUG: After Storing Bone DEF-shin.L.001
INFO: DEBUG: After Storing Bone DEF-shin.R
INFO: DEBUG: After Storing Bone DEF-shin.R.001
INFO: DEBUG: After Storing Bone DEF-shoulder.L
INFO: DEBUG: After Storing Bone DEF-shoulder.R
INFO: DEBUG: After Storing Bone DEF-spine
INFO: DEBUG: After Storing Bone DEF-spine.001
INFO: DEBUG: After Storing Bone DEF-spine.002
INFO: DEBUG: After Storing Bone DEF-spine.003
INFO: DEBUG: After Storing Bone DEF-spine.004
INFO: DEBUG: After Storing Bone DEF-spine.005
INFO: DEBUG: After Storing Bone DEF-spine.006
INFO: DEBUG: After Storing Bone DEF-thigh.L
INFO: DEBUG: After Storing Bone DEF-thigh.L.001
INFO: DEBUG: After Storing Bone DEF-thigh.R
INFO: DEBUG: After Storing Bone DEF-thigh.R.001
INFO: DEBUG: After Storing Bone DEF-toe.L
INFO: DEBUG: After Storing Bone DEF-toe.R
INFO: DEBUG: After Storing Bone DEF-upper_arm.L
INFO: DEBUG: After Storing Bone DEF-upper_arm.L.001
INFO: DEBUG: After Storing Bone DEF-upper_arm.R
INFO: DEBUG: After Storing Bone DEF-upper_arm.R.001
INFO: DEBUG: After Storing Bone root
INFO: DEBUG: Max Vertex Attributes: 32
INFO: Bone [DEF-spine] FINAL TRANSFORM:
INFO: mat4x4((0.991563, -0.129600, -0.002596, 0.000000), (-0.129600, -0.990764, -0.039876, 0.000000), (0.002596, 0.039877, -0.999201, 0.000000), (-0.021463, 0.039125, -0.175994, 1.000000))
INFO: Bone: DEF-spine Scale: vec3(1.000000, 1.000000, 1.000000) Translation: vec3(-0.021463, 0.039125, -0.175994) Skew: vec3(-0.000000, -0.000000, 0.000000)
INFO: Decomposed transform for DEF-spine: Translation(-0.0214626, 0.0391252, -0.175994), Scale(1, 1, 1)
INFO: Bone [DEF-spine.001] FINAL TRANSFORM:
INFO: mat4x4((0.991563, -0.129600, -0.002596, 0.000000), (-0.129600, -0.990765, -0.039876, 0.000000), (0.002596, 0.039876, -0.999201, 0.000000), (-0.021463, 0.039125, -0.175994, 1.000000))
INFO: Bone: DEF-spine.001 Scale: vec3(1.000000, 1.000000, 1.000000) Translation: vec3(-0.021463, 0.039125, -0.175994) Skew: vec3(-0.000000, -0.000000, 0.000000)
INFO: Decomposed transform for DEF-spine.001: Translation(-0.0214626, 0.0391248, -0.175994), Scale(1, 1, 1)
INFO: Bone [DEF-spine.002] FINAL TRANSFORM:
INFO: mat4x4((0.991563, -0.129600, -0.002596, 0.000000), (-0.129600, -0.990765, -0.039876, 0.000000), (0.002596, 0.039876, -0.999201, 0.000000), (-0.021463, 0.039125, -0.175994, 1.000000))
INFO: Bone: DEF-spine.002 Scale: vec3(1.000000, 1.000000, 1.000000) Translation: vec3(-0.021463, 0.039125, -0.175994) Skew: vec3(-0.000000, -0.000000, 0.000000)
INFO: Decomposed transform for DEF-spine.002: Translation(-0.0214626, 0.039125, -0.175994), Scale(1, 1, 1)
INFO: Bone [DEF-spine.003] FINAL TRANSFORM:
INFO: mat4x4((0.991563, -0.129600, -0.002596, 0.000000), (-0.129600, -0.990764, -0.039877, 0.000000), (0.002596, 0.039877, -0.999201, 0.000000), (-0.021463, 0.039125, -0.175994, 1.000000))
INFO: Bone: DEF-spine.003 Scale: vec3(1.000000, 1.000000, 1.000000) Translation: vec3(-0.021463, 0.039125, -0.175994) Skew: vec3(-0.000000, -0.000000, 0.000000)
INFO: Decomposed transform for DEF-spine.003: Translation(-0.0214625, 0.0391254, -0.175994), Scale(1, 1, 1)
INFO: Bone [DEF-spine.004] FINAL TRANSFORM:
INFO: mat4x4((0.991563, -0.129600, -0.002596, 0.000000), (-0.129600, -0.990764, -0.039878, 0.000000), (0.002596, 0.039878, -0.999201, 0.000000), (-0.021462, 0.039127, -0.175994, 1.000000))
INFO: Bone: DEF-spine.004 Scale: vec3(1.000000, 1.000000, 1.000000) Translation: vec3(-0.021462, 0.039127, -0.175994) Skew: vec3(-0.000000, -0.000000, 0.000000)
INFO: Decomposed transform for DEF-spine.004: Translation(-0.0214623, 0.0391267, -0.175994), Scale(1, 1, 1)
INFO: Bone [DEF-spine.005] FINAL TRANSFORM:
INFO: mat4x4((0.998840, -0.044985, 0.017064, 0.000000), (-0.044288, -0.998246, -0.039243, 0.000000), (0.018799, 0.038442, -0.999084, 0.000000), (0.011806, 0.036188, -0.175751, 1.000000))
INFO: Bone: DEF-spine.005 Scale: vec3(0.999998, 0.999999, 1.000000) Translation: vec3(0.011806, 0.036188, -0.175751) Skew: vec3(-0.000001, -0.000000, -0.000000)
INFO: Decomposed transform for DEF-spine.005: Translation(0.0118058, 0.0361875, -0.175751), Scale(0.999998, 0.999999, 1)
INFO: Bone [DEF-spine.006] FINAL TRANSFORM:
INFO: mat4x4((0.998154, 0.047144, -0.038200, 0.000000), (0.032648, -0.947933, -0.316781, 0.000000), (-0.051147, 0.314949, -0.947729, 0.000000), (-0.088967, 0.468667, -0.123032, 1.000000))
INFO: Bone: DEF-spine.006 Scale: vec3(0.999996, 0.999997, 0.999999) Translation: vec3(-0.088967, 0.468667, -0.123032) Skew: vec3(0.000002, -0.000001, -0.000001)
INFO: Decomposed transform for DEF-spine.006: Translation(-0.0889674, 0.468667, -0.123032), Scale(0.999996, 0.999997, 0.999999)
INFO: Bone [DEF-shoulder.L] FINAL TRANSFORM:
INFO: mat4x4((0.991563, -0.129600, -0.002596, 0.000000), (-0.129600, -0.990765, -0.039878, 0.000000), (0.002596, 0.039878, -0.999202, 0.000000), (-0.021462, 0.039127, -0.175994, 1.000000))
INFO: Bone: DEF-shoulder.L Scale: vec3(1.000000, 1.000000, 1.000000) Translation: vec3(-0.021462, 0.039127, -0.175994) Skew: vec3(-0.000000, 0.000000, -0.000000)
INFO: Decomposed transform for DEF-shoulder.L: Translation(-0.0214622, 0.0391268, -0.175994), Scale(1, 1, 1)
INFO: Bone [DEF-upper_arm.L] FINAL TRANSFORM:
INFO: mat4x4((0.970429, 0.136925, -0.216142, 0.000000), (0.048297, -0.934242, -0.389884, 0.000000), (-0.279911, 0.346355, -0.878474, 0.000000), (-0.382433, 0.420366, -0.018728, 1.000000))
INFO: Bone: DEF-upper_arm.L Scale: vec3(1.003592, 1.013479, 0.984290) Translation: vec3(-0.382433, 0.420366, -0.018728) Skew: vec3(0.005528, -0.034757, 0.003164)
INFO: Decomposed transform for DEF-upper_arm.L: Translation(-0.382433, 0.420366, -0.018728), Scale(1.00359, 1.01348, 0.98429)
INFO: Bone [DEF-upper_arm.L.001] FINAL TRANSFORM:
INFO: mat4x4((0.960948, 0.237333, -0.165683, 0.000000), (0.173416, -0.934398, -0.352104, 0.000000), (-0.262528, 0.286517, -0.904994, 0.000000), (-0.339109, 0.319051, -0.059428, 1.000000))
INFO: Bone: DEF-upper_arm.L.001 Scale: vec3(1.003593, 1.013479, 0.984291) Translation: vec3(-0.339109, 0.319051, -0.059428) Skew: vec3(0.005528, -0.034757, 0.003164)
INFO: Decomposed transform for DEF-upper_arm.L.001: Translation(-0.339109, 0.319051, -0.0594276), Scale(1.00359, 1.01348, 0.984291)
INFO: Bone [DEF-forearm.L] FINAL TRANSFORM:
INFO: mat4x4((0.877951, 0.106714, -0.467722, 0.000000), (0.236955, -0.965753, 0.217085, 0.000000), (-0.449525, -0.314020, -0.817552, 0.000000), (-0.519225, -0.340550, 0.229700, 1.000000))
INFO: Bone: DEF-forearm.L Scale: vec3(1.000475, 1.017811, 0.983165) Translation: vec3(-0.519225, -0.340550, 0.229700) Skew: vec3(0.019415, -0.046546, 0.003378)
INFO: Decomposed transform for DEF-forearm.L: Translation(-0.519225, -0.34055, 0.2297), Scale(1.00048, 1.01781, 0.983165)
INFO: Bone [DEF-forearm.L.001] FINAL TRANSFORM:
INFO: mat4x4((0.911035, -0.033168, -0.416053, 0.000000), (0.076246, -0.988495, 0.232778, 0.000000), (-0.439568, -0.253875, -0.840830, 0.000000), (-0.544102, -0.230015, 0.188815, 1.000000))
INFO: Bone: DEF-forearm.L.001 Scale: vec3(1.002091, 1.018377, 0.981035) Translation: vec3(-0.544102, -0.230015, 0.188815) Skew: vec3(0.021959, -0.042938, 0.005292)
INFO: Decomposed transform for DEF-forearm.L.001: Translation(-0.544102, -0.230015, 0.188815), Scale(1.00209, 1.01838, 0.981035)
INFO: Bone [DEF-hand.L] FINAL TRANSFORM:
INFO: mat4x4((1.005848, 0.004165, -0.005661, 0.000000), (-0.005427, -1.011986, -0.004732, 0.000000), (0.003882, -0.000864, -0.983082, 0.000000), (-0.171425, -0.007611, -0.142751, 1.000000))
INFO: Bone: DEF-hand.L Scale: vec3(1.005872, 1.011966, 0.983029) Translation: vec3(-0.171425, -0.007611, -0.142751) Skew: vec3(0.005625, 0.009574, -0.009477)
INFO: Decomposed transform for DEF-hand.L: Translation(-0.171425, -0.0076113, -0.142751), Scale(1.00587, 1.01197, 0.983029)
INFO: Bone [DEF-shoulder.R] FINAL TRANSFORM:
INFO: mat4x4((0.991563, -0.129599, -0.002596, 0.000000), (-0.129599, -0.990765, -0.039878, 0.000000), (0.002596, 0.039878, -0.999201, 0.000000), (-0.021462, 0.039127, -0.175994, 1.000000))
INFO: Bone: DEF-shoulder.R Scale: vec3(1.000000, 1.000000, 1.000000) Translation: vec3(-0.021462, 0.039127, -0.175994) Skew: vec3(-0.000000, -0.000000, 0.000000)
INFO: Decomposed transform for DEF-shoulder.R: Translation(-0.0214624, 0.0391269, -0.175994), Scale(1, 1, 1)
INFO: Bone [DEF-upper_arm.R] FINAL TRANSFORM:
INFO: mat4x4((0.951272, 0.040716, 0.311141, 0.000000), (-0.043625, -0.972969, 0.255319, 0.000000), (0.324743, -0.254199, -0.902209, 0.000000), (0.427697, -0.332493, 0.057780, 1.000000))
INFO: Bone: DEF-upper_arm.R Scale: vec3(1.001691, 1.006855, 0.991832) Translation: vec3(0.427697, -0.332493, 0.057780) Skew: vec3(0.002844, 0.017972, -0.001660)
INFO: Decomposed transform for DEF-upper_arm.R: Translation(0.427697, -0.332493, 0.0577804), Scale(1.00169, 1.00686, 0.991832)
INFO: Bone [DEF-upper_arm.R.001] FINAL TRANSFORM:
INFO: mat4x4((0.937312, -0.102225, 0.338205, 0.000000), (-0.207598, -0.942989, 0.285369, 0.000000), (0.301048, -0.336551, -0.883266, 0.000000), (0.369370, -0.468575, 0.093186, 1.000000))
INFO: Bone: DEF-upper_arm.R.001 Scale: vec3(1.001691, 1.006855, 0.991832) Translation: vec3(0.369370, -0.468575, 0.093186) Skew: vec3(0.002844, 0.017972, -0.001660)
INFO: Decomposed transform for DEF-upper_arm.R.001: Translation(0.36937, -0.468575, 0.0931856), Scale(1.00169, 1.00686, 0.991832)
INFO: Bone [DEF-forearm.R] FINAL TRANSFORM:
INFO: mat4x4((0.886990, -0.071312, 0.454481, 0.000000), (-0.336459, -0.794817, 0.515115, 0.000000), (0.335148, -0.613287, -0.709984, 0.000000), (0.372128, -0.755635, 0.368038, 1.000000))
INFO: Bone: DEF-forearm.R Scale: vec3(0.999194, 1.005099, 0.996044) Translation: vec3(0.372128, -0.755635, 0.368038) Skew: vec3(0.009094, 0.018421, -0.007613)
INFO: Decomposed transform for DEF-forearm.R: Translation(0.372128, -0.755635, 0.368038), Scale(0.999194, 1.0051, 0.996044)
INFO: Bone [DEF-forearm.R.001] FINAL TRANSFORM:
INFO: mat4x4((0.946262, 0.091008, 0.315003, 0.000000), (-0.104585, -0.844348, 0.533697, 0.000000), (0.325470, -0.540125, -0.769360, 0.000000), (0.417124, -0.627192, 0.257852, 1.000000))
INFO: Bone: DEF-forearm.R.001 Scale: vec3(1.001459, 1.004308, 0.994574) Translation: vec3(0.417124, -0.627192, 0.257852) Skew: vec3(0.011549, 0.016540, -0.007646)
INFO: Decomposed transform for DEF-forearm.R.001: Translation(0.417124, -0.627192, 0.257852), Scale(1.00146, 1.00431, 0.994574)
INFO: Bone [DEF-hand.R] FINAL TRANSFORM:
INFO: mat4x4((1.006101, -0.001000, -0.001955, 0.000000), (0.000388, -1.006439, 0.002199, 0.000000), (0.006256, 0.004249, -0.987909, 0.000000), (0.151507, -0.167965, -0.147059, 1.000000))
INFO: Bone: DEF-hand.R Scale: vec3(1.006104, 1.006441, 0.987883) Translation: vec3(0.151507, -0.167965, -0.147059) Skew: vec3(-0.006495, 0.008271, 0.001376)
INFO: Decomposed transform for DEF-hand.R: Translation(0.151507, -0.167965, -0.147059), Scale(1.0061, 1.00644, 0.987883)
INFO: Bone [DEF-breast.L] FINAL TRANSFORM:
INFO: mat4x4((0.991563, -0.129600, -0.002596, 0.000000), (-0.129600, -0.990764, -0.039877, 0.000000), (0.002596, 0.039877, -0.999201, 0.000000), (-0.021462, 0.039125, -0.175994, 1.000000))
INFO: Bone: DEF-breast.L Scale: vec3(1.000000, 1.000000, 1.000000) Translation: vec3(-0.021462, 0.039125, -0.175994) Skew: vec3(-0.000000, -0.000000, 0.000000)
INFO: Decomposed transform for DEF-breast.L: Translation(-0.0214622, 0.0391254, -0.175994), Scale(1, 1, 1)
INFO: Bone [DEF-breast.R] FINAL TRANSFORM:
INFO: mat4x4((0.991563, -0.129600, -0.002596, 0.000000), (-0.129600, -0.990764, -0.039877, 0.000000), (0.002596, 0.039877, -0.999201, 0.000000), (-0.021462, 0.039125, -0.175994, 1.000000))
INFO: Bone: DEF-breast.R Scale: vec3(1.000000, 1.000000, 1.000000) Translation: vec3(-0.021462, 0.039125, -0.175994) Skew: vec3(-0.000000, -0.000000, 0.000000)
INFO: Decomposed transform for DEF-breast.R: Translation(-0.0214622, 0.0391254, -0.175994), Scale(1, 1, 1)
INFO: Bone [DEF-pelvis.L] FINAL TRANSFORM:
INFO: mat4x4((0.991563, -0.129600, -0.002596, 0.000000), (-0.129600, -0.990764, -0.039877, 0.000000), (0.002596, 0.039877, -0.999201, 0.000000), (-0.021463, 0.039125, -0.175994, 1.000000))
INFO: Bone: DEF-pelvis.L Scale: vec3(1.000000, 1.000000, 1.000000) Translation: vec3(-0.021463, 0.039125, -0.175994) Skew: vec3(-0.000000, 0.000000, -0.000000)
INFO: Decomposed transform for DEF-pelvis.L: Translation(-0.0214626, 0.0391251, -0.175994), Scale(1, 1, 1)
INFO: Bone [DEF-thigh.L] FINAL TRANSFORM:
INFO: mat4x4((1.001311, -0.074545, 0.169082, 0.000000), (-0.161533, -0.807862, 0.598571, 0.000000), (0.079687, -0.579515, -0.768525, 0.000000), (0.045842, -0.522311, 0.107430, 1.000000))
INFO: Bone: DEF-thigh.L Scale: vec3(1.018219, 1.018342, 0.965790) Translation: vec3(0.045842, -0.522311, 0.107430) Skew: vec3(-0.004802, -0.007070, -0.000303)
INFO: Decomposed transform for DEF-thigh.L: Translation(0.0458418, -0.522311, 0.10743), Scale(1.01822, 1.01834, 0.96579)
INFO: Bone [DEF-thigh.L.001] FINAL TRANSFORM:
INFO: mat4x4((0.991658, -0.114117, 0.200899, 0.000000), (-0.211794, -0.805031, 0.586591, 0.000000), (0.082603, -0.577008, -0.770102, 0.000000), (0.042947, -0.516266, 0.101738, 1.000000))
INFO: Bone: DEF-thigh.L.001 Scale: vec3(1.018219, 1.018342, 0.965790) Translation: vec3(0.042947, -0.516266, 0.101738) Skew: vec3(-0.004802, -0.007070, -0.000303)
INFO: Decomposed transform for DEF-thigh.L.001: Translation(0.0429473, -0.516266, 0.101738), Scale(1.01822, 1.01834, 0.96579)
INFO: Bone [DEF-shin.L] FINAL TRANSFORM:
INFO: mat4x4((1.032746, -0.053571, 0.086014, 0.000000), (-0.049579, -1.003567, -0.258856, 0.000000), (0.066535, 0.259085, -0.892839, 0.000000), (0.047941, -0.141144, -0.035279, 1.000000))
INFO: Bone: DEF-shin.L Scale: vec3(1.037705, 1.037425, 0.931279) Translation: vec3(0.047941, -0.141144, -0.035279) Skew: vec3(-0.033736, -0.022726, -0.018304)
INFO: Decomposed transform for DEF-shin.L: Translation(0.0479406, -0.141144, -0.0352789), Scale(1.03771, 1.03742, 0.931279)
INFO: Bone [DEF-shin.L.001] FINAL TRANSFORM:
INFO: mat4x4((1.033745, -0.006161, 0.100807, 0.000000), (-0.000324, -1.005986, -0.250946, 0.000000), (0.069421, 0.255137, -0.893550, 0.000000), (0.054517, -0.148738, -0.036464, 1.000000))
INFO: Bone: DEF-shin.L.001 Scale: vec3(1.038667, 1.036645, 0.931116) Translation: vec3(0.054517, -0.148738, -0.036464) Skew: vec3(-0.033994, -0.020560, -0.018049)
INFO: Decomposed transform for DEF-shin.L.001: Translation(0.0545171, -0.148738, -0.0364645), Scale(1.03867, 1.03664, 0.931116)
INFO: Bone [DEF-foot.L] FINAL TRANSFORM:
INFO: mat4x4((1.002961, -0.008760, 0.010312, 0.000000), (-0.018502, -1.034888, 0.026056, 0.000000), (-0.033587, 0.032067, -0.968894, 0.000000), (0.047657, -0.171587, 0.006598, 1.000000))
INFO: Bone: DEF-foot.L Scale: vec3(1.003053, 1.035341, 0.967383) Translation: vec3(0.047657, -0.171587, 0.006598) Skew: vec3(-0.058121, -0.045302, -0.008880)
INFO: Decomposed transform for DEF-foot.L: Translation(0.0476566, -0.171587, 0.00659814), Scale(1.00305, 1.03534, 0.967383)
INFO: Bone [DEF-toe.L] FINAL TRANSFORM:
INFO: mat4x4((1.002963, -0.008726, 0.010332, 0.000000), (-0.018473, -1.034884, 0.025920, 0.000000), (-0.033563, 0.032213, -0.968897, 0.000000), (0.047658, -0.171588, 0.006590, 1.000000))
INFO: Bone: DEF-toe.L Scale: vec3(1.003054, 1.035332, 0.967390) Translation: vec3(0.047658, -0.171588, 0.006590) Skew: vec3(-0.058142, -0.045297, -0.008887)
INFO: Decomposed transform for DEF-toe.L: Translation(0.0476582, -0.171588, 0.0065901), Scale(1.00305, 1.03533, 0.96739)
INFO: Bone [DEF-pelvis.R] FINAL TRANSFORM:
INFO: mat4x4((0.991563, -0.129599, -0.002596, 0.000000), (-0.129599, -0.990764, -0.039876, 0.000000), (0.002596, 0.039877, -0.999201, 0.000000), (-0.021462, 0.039125, -0.175994, 1.000000))
INFO: Bone: DEF-pelvis.R Scale: vec3(1.000000, 1.000000, 1.000000) Translation: vec3(-0.021462, 0.039125, -0.175994) Skew: vec3(-0.000000, 0.000000, -0.000000)
INFO: Decomposed transform for DEF-pelvis.R: Translation(-0.0214623, 0.0391251, -0.175994), Scale(1, 1, 1)
INFO: Bone [DEF-thigh.R] FINAL TRANSFORM:
INFO: mat4x4((0.992945, -0.153567, -0.165301, 0.000000), (-0.105596, -0.976106, 0.270514, 0.000000), (-0.180904, -0.229639, -0.917599, 0.000000), (-0.190169, -0.213492, -0.073493, 1.000000))
INFO: Bone: DEF-thigh.R Scale: vec3(1.018256, 1.018386, 0.963002) Translation: vec3(-0.190169, -0.213492, -0.073493) Skew: vec3(-0.005069, 0.007462, 0.000319)
INFO: Decomposed transform for DEF-thigh.R: Translation(-0.190169, -0.213492, -0.0734928), Scale(1.01826, 1.01839, 0.963002)
INFO: Bone [DEF-thigh.R.001] FINAL TRANSFORM:
INFO: mat4x4((0.996153, -0.113118, -0.178125, 0.000000), (-0.064581, -0.982307, 0.260794, 0.000000), (-0.182546, -0.226665, -0.918013, 0.000000), (-0.186182, -0.208092, -0.076206, 1.000000))
INFO: Bone: DEF-thigh.R.001 Scale: vec3(1.018256, 1.018386, 0.963002) Translation: vec3(-0.186182, -0.208092, -0.076206) Skew: vec3(-0.005069, 0.007462, 0.000319)
INFO: Decomposed transform for DEF-thigh.R.001: Translation(-0.186182, -0.208092, -0.0762064), Scale(1.01826, 1.01839, 0.963002)
INFO: Bone [DEF-shin.R] FINAL TRANSFORM:
INFO: mat4x4((1.006286, -0.234435, -0.098211, 0.000000), (-0.225793, -0.795575, -0.627230, 0.000000), (0.087359, 0.582364, -0.718932, 0.000000), (-0.072136, 0.188459, -0.066531, 1.000000))
INFO: Bone: DEF-shin.R Scale: vec3(1.037890, 1.037754, 0.928553) Translation: vec3(-0.072136, 0.188459, -0.066531) Skew: vec3(-0.033759, 0.022815, 0.019404)
INFO: Decomposed transform for DEF-shin.R: Translation(-0.0721363, 0.188459, -0.0665306), Scale(1.03789, 1.03775, 0.928553)
INFO: Bone [DEF-shin.R.001] FINAL TRANSFORM:
INFO: mat4x4((1.025563, -0.140463, -0.015430, 0.000000), (-0.100729, -0.812743, -0.641194, 0.000000), (0.096436, 0.588867, -0.713132, 0.000000), (-0.052095, 0.200510, -0.055756, 1.000000))
INFO: Bone: DEF-shin.R.001 Scale: vec3(1.035252, 1.039916, 0.928983) Translation: vec3(-0.052095, 0.200510, -0.055756) Skew: vec3(-0.032692, 0.028272, 0.019274)
INFO: Decomposed transform for DEF-shin.R.001: Translation(-0.0520954, 0.20051, -0.0557559), Scale(1.03525, 1.03992, 0.928983)
INFO: Bone [DEF-foot.R] FINAL TRANSFORM:
INFO: mat4x4((0.998596, -0.003202, -0.005645, 0.000000), (0.000515, -1.006506, -0.005984, 0.000000), (0.015020, -0.010111, -0.995872, 0.000000), (-0.049829, 0.142944, 0.004502, 1.000000))
INFO: Bone: DEF-foot.R Scale: vec3(0.998618, 1.006517, 0.995694) Translation: vec3(-0.049829, 0.142944, 0.004502) Skew: vec3(0.016031, 0.020771, 0.003752)
INFO: Decomposed transform for DEF-foot.R: Translation(-0.0498287, 0.142944, 0.00450189), Scale(0.998618, 1.00652, 0.995694)
INFO: Bone [DEF-toe.R] FINAL TRANSFORM:
INFO: mat4x4((0.998597, -0.003228, -0.005661, 0.000000), (0.000492, -1.006508, -0.006166, 0.000000), (0.015004, -0.009926, -0.995871, 0.000000), (-0.049830, 0.142945, 0.004493, 1.000000))
INFO: Bone: DEF-toe.R Scale: vec3(0.998618, 1.006519, 0.995691) Translation: vec3(-0.049830, 0.142945, 0.004493) Skew: vec3(0.016026, 0.020770, 0.003756)
INFO: Decomposed transform for DEF-toe.R: Translation(-0.0498299, 0.142945, 0.00449279), Scale(0.998618, 1.00652, 0.995691)
INFO: DEBUG: Max Vertex Attributes: 32
INFO: Drawing mesh with VAO: 1
INFO: Drawing mesh with VAO: 2
INFO: DEBUG: Depth testing and blending enabled.
WARNING: DEBUG: animationTime = 0.234347
WARNING: DEBUG: Interpolating between keyframes 14 (time = 0.233333) and 15 (time = 0.250000)
WARNING: DEBUG: Lerp factor = 0.060797
INFO: DEBUG: After Storing Bone DEF-breast.L
INFO: DEBUG: After Storing Bone DEF-breast.R
INFO: DEBUG: After Storing Bone DEF-foot.L
INFO: DEBUG: After Storing Bone DEF-foot.R
INFO: DEBUG: After Storing Bone DEF-forearm.L
INFO: DEBUG: After Storing Bone DEF-forearm.L.001
INFO: DEBUG: After Storing Bone DEF-forearm.R
INFO: DEBUG: After Storing Bone DEF-forearm.R.001
INFO: DEBUG: After Storing Bone DEF-hand.L
INFO: DEBUG: After Storing Bone DEF-hand.R
INFO: DEBUG: After Storing Bone DEF-pelvis.L
INFO: DEBUG: After Storing Bone DEF-pelvis.R
INFO: DEBUG: After Storing Bone DEF-shin.L
INFO: DEBUG: After Storing Bone DEF-shin.L.001
INFO: DEBUG: After Storing Bone DEF-shin.R
INFO: DEBUG: After Storing Bone DEF-shin.R.001
INFO: DEBUG: After Storing Bone DEF-shoulder.L
INFO: DEBUG: After Storing Bone DEF-shoulder.R
INFO: DEBUG: After Storing Bone DEF-spine
INFO: DEBUG: After Storing Bone DEF-spine.001
INFO: DEBUG: After Storing Bone DEF-spine.002
INFO: DEBUG: After Storing Bone DEF-spine.003
INFO: DEBUG: After Storing Bone DEF-spine.004
INFO: DEBUG: After Storing Bone DEF-spine.005
INFO: DEBUG: After Storing Bone DEF-spine.006
INFO: DEBUG: After Storing Bone DEF-thigh.L
INFO: DEBUG: After Storing Bone DEF-thigh.L.001
INFO: DEBUG: After Storing Bone DEF-thigh.R
INFO: DEBUG: After Storing Bone DEF-thigh.R.001
INFO: DEBUG: After Storing Bone DEF-toe.L
INFO: DEBUG: After Storing Bone DEF-toe.R
INFO: DEBUG: After Storing Bone DEF-upper_arm.L
INFO: DEBUG: After Storing Bone DEF-upper_arm.L.001
INFO: DEBUG: After Storing Bone DEF-upper_arm.R
INFO: DEBUG: After Storing Bone DEF-upper_arm.R.001
INFO: DEBUG: After Storing Bone root
INFO: DEBUG: Max Vertex Attributes: 32
INFO: Bone [DEF-spine] FINAL TRANSFORM:
INFO: mat4x4((0.991563, -0.129600, -0.002596, 0.000000), (-0.129600, -0.990764, -0.039876, 0.000000), (0.002596, 0.039876, -0.999201, 0.000000), (-0.028971, 0.039125, -0.175994, 1.000000))
INFO: Bone: DEF-spine Scale: vec3(1.000000, 1.000000, 1.000000) Translation: vec3(-0.028971, 0.039125, -0.175994) Skew: vec3(-0.000000, 0.000000, -0.000000)
INFO: Decomposed transform for DEF-spine: Translation(-0.0289713, 0.039125, -0.175994), Scale(1, 1, 1)
INFO: Bone [DEF-spine.001] FINAL TRANSFORM:
INFO: mat4x4((0.991563, -0.129600, -0.002596, 0.000000), (-0.129600, -0.990764, -0.039876, 0.000000), (0.002596, 0.039876, -0.999201, 0.000000), (-0.028971, 0.039125, -0.175994, 1.000000))
INFO: Bone: DEF-spine.001 Scale: vec3(1.000000, 1.000000, 1.000000) Translation: vec3(-0.028971, 0.039125, -0.175994) Skew: vec3(-0.000000, -0.000000, 0.000000)
INFO: Decomposed transform for DEF-spine.001: Translation(-0.0289713, 0.0391247, -0.175994), Scale(1, 1, 1)
INFO: Bone [DEF-spine.002] FINAL TRANSFORM:
INFO: mat4x4((0.991563, -0.129600, -0.002596, 0.000000), (-0.129600, -0.990764, -0.039876, 0.000000), (0.002596, 0.039876, -0.999201, 0.000000), (-0.028971, 0.039125, -0.175994, 1.000000))
INFO: Bone: DEF-spine.002 Scale: vec3(1.000000, 1.000000, 1.000000) Translation: vec3(-0.028971, 0.039125, -0.175994) Skew: vec3(-0.000000, -0.000000, 0.000000)
INFO: Decomposed transform for DEF-spine.002: Translation(-0.0289714, 0.0391248, -0.175994), Scale(1, 1, 1)
INFO: Bone [DEF-spine.003] FINAL TRANSFORM:
INFO: mat4x4((0.991563, -0.129600, -0.002596, 0.000000), (-0.129600, -0.990764, -0.039876, 0.000000), (0.002596, 0.039877, -0.999201, 0.000000), (-0.028971, 0.039125, -0.175994, 1.000000))
INFO: Bone: DEF-spine.003 Scale: vec3(1.000000, 1.000000, 1.000000) Translation: vec3(-0.028971, 0.039125, -0.175994) Skew: vec3(-0.000000, -0.000000, -0.000000)
INFO: Decomposed transform for DEF-spine.003: Translation(-0.0289713, 0.0391253, -0.175994), Scale(1, 1, 1)
INFO: Bone [DEF-spine.004] FINAL TRANSFORM:
INFO: mat4x4((0.991563, -0.129600, -0.002596, 0.000000), (-0.129600, -0.990764, -0.039877, 0.000000), (0.002596, 0.039878, -0.999201, 0.000000), (-0.028971, 0.039127, -0.175994, 1.000000))
INFO: Bone: DEF-spine.004 Scale: vec3(1.000000, 1.000000, 1.000000) Translation: vec3(-0.028971, 0.039127, -0.175994) Skew: vec3(-0.000000, 0.000000, -0.000000)
INFO: Decomposed transform for DEF-spine.004: Translation(-0.0289711, 0.0391266, -0.175994), Scale(1, 1, 1)
INFO: Bone [DEF-spine.005] FINAL TRANSFORM:
INFO: mat4x4((0.998137, -0.059414, 0.013726, 0.000000), (-0.058832, -0.997485, -0.039479, 0.000000), (0.016037, 0.038599, -0.999126, 0.000000), (-0.001374, 0.036502, -0.175839, 1.000000))
INFO: Bone: DEF-spine.005 Scale: vec3(0.999998, 0.999998, 1.000000) Translation: vec3(-0.001374, 0.036502, -0.175839) Skew: vec3(-0.000001, -0.000000, -0.000000)
INFO: Decomposed transform for DEF-spine.005: Translation(-0.00137439, 0.0365021, -0.175839), Scale(0.999998, 0.999998, 1)
INFO: Bone [DEF-spine.006] FINAL TRANSFORM:
INFO: mat4x4((0.999108, 0.017501, -0.038331, 0.000000), (0.004631, -0.949763, -0.312927, 0.000000), (-0.041883, 0.312471, -0.949003, 0.000000), (-0.084845, 0.464658, -0.124632, 1.000000))
INFO: Bone: DEF-spine.006 Scale: vec3(0.999997, 0.999997, 0.999999) Translation: vec3(-0.084845, 0.464658, -0.124632) Skew: vec3(0.000002, -0.000001, -0.000000)
INFO: Decomposed transform for DEF-spine.006: Translation(-0.0848449, 0.464658, -0.124632), Scale(0.999997, 0.999997, 0.999999)
INFO: Bone [DEF-shoulder.L] FINAL TRANSFORM:
INFO: mat4x4((0.991563, -0.129600, -0.002596, 0.000000), (-0.129600, -0.990764, -0.039878, 0.000000), (0.002596, 0.039878, -0.999201, 0.000000), (-0.028971, 0.039127, -0.175994, 1.000000))
INFO: Bone: DEF-shoulder.L Scale: vec3(1.000000, 1.000000, 1.000000) Translation: vec3(-0.028971, 0.039127, -0.175994) Skew: vec3(-0.000000, 0.000000, -0.000000)
INFO: Decomposed transform for DEF-shoulder.L: Translation(-0.028971, 0.0391267, -0.175994), Scale(1, 1, 1)
INFO: Bone [DEF-upper_arm.L] FINAL TRANSFORM:
INFO: mat4x4((0.972943, 0.133267, -0.207155, 0.000000), (0.048773, -0.935034, -0.387922, 0.000000), (-0.270264, 0.345979, -0.881785, 0.000000), (-0.377031, 0.420418, -0.024698, 1.000000))
INFO: Bone: DEF-upper_arm.L Scale: vec3(1.003639, 1.013480, 0.984429) Translation: vec3(-0.377031, 0.420418, -0.024698) Skew: vec3(0.005502, -0.034592, 0.003150)
INFO: Decomposed transform for DEF-upper_arm.L: Translation(-0.377031, 0.420418, -0.0246975), Scale(1.00364, 1.01348, 0.984429)
INFO: Bone [DEF-upper_arm.L.001] FINAL TRANSFORM:
INFO: mat4x4((0.963100, 0.235169, -0.156287, 0.000000), (0.175216, -0.935464, -0.348365, 0.000000), (-0.252542, 0.285226, -0.908382, 0.000000), (-0.332983, 0.317523, -0.065329, 1.000000))
INFO: Bone: DEF-upper_arm.L.001 Scale: vec3(1.003639, 1.013480, 0.984429) Translation: vec3(-0.332983, 0.317523, -0.065329) Skew: vec3(0.005502, -0.034592, 0.003150)
INFO: Decomposed transform for DEF-upper_arm.L.001: Translation(-0.332983, 0.317523, -0.0653291), Scale(1.00364, 1.01348, 0.984429)
INFO: Bone [DEF-forearm.L] FINAL TRANSFORM:
INFO: mat4x4((0.884041, 0.108095, -0.455924, 0.000000), (0.234226, -0.966353, 0.217560, 0.000000), (-0.438702, -0.311845, -0.824361, 0.000000), (-0.514113, -0.339114, 0.218543, 1.000000))
INFO: Bone: DEF-forearm.L Scale: vec3(1.000540, 1.017851, 0.983274) Translation: vec3(-0.514113, -0.339114, 0.218543) Skew: vec3(0.019389, -0.046446, 0.003354)
INFO: Decomposed transform for DEF-forearm.L: Translation(-0.514113, -0.339114, 0.218543), Scale(1.00054, 1.01785, 0.983274)
INFO: Bone [DEF-forearm.L.001] FINAL TRANSFORM:
INFO: mat4x4((0.916248, -0.030425, -0.404760, 0.000000), (0.075043, -0.989044, 0.230987, 0.000000), (-0.428611, -0.252260, -0.847103, 0.000000), (-0.538309, -0.229653, 0.178074, 1.000000))
INFO: Bone: DEF-forearm.L.001 Scale: vec3(1.002131, 1.018414, 0.981170) Translation: vec3(-0.538309, -0.229653, 0.178074) Skew: vec3(0.021904, -0.042883, 0.005248)
INFO: Decomposed transform for DEF-forearm.L.001: Translation(-0.538309, -0.229653, 0.178074), Scale(1.00213, 1.01841, 0.98117)
INFO: Bone [DEF-hand.L] FINAL TRANSFORM:
INFO: mat4x4((1.005690, 0.004120, -0.005092, 0.000000), (-0.005309, -1.011913, -0.004881, 0.000000), (0.003212, -0.001084, -0.983331, 0.000000), (-0.174348, -0.007789, -0.143231, 1.000000))
INFO: Bone: DEF-hand.L Scale: vec3(1.005711, 1.011895, 0.983285) Translation: vec3(-0.174348, -0.007789, -0.143231) Skew: vec3(0.005986, 0.008325, -0.009319)
INFO: Decomposed transform for DEF-hand.L: Translation(-0.174348, -0.00778851, -0.143231), Scale(1.00571, 1.0119, 0.983285)
INFO: Bone [DEF-shoulder.R] FINAL TRANSFORM:
INFO: mat4x4((0.991563, -0.129599, -0.002596, 0.000000), (-0.129599, -0.990765, -0.039878, 0.000000), (0.002596, 0.039878, -0.999201, 0.000000), (-0.028971, 0.039127, -0.175994, 1.000000))
INFO: Bone: DEF-shoulder.R Scale: vec3(1.000000, 1.000000, 1.000000) Translation: vec3(-0.028971, 0.039127, -0.175994) Skew: vec3(-0.000000, -0.000000, 0.000000)
INFO: Decomposed transform for DEF-shoulder.R: Translation(-0.0289712, 0.0391268, -0.175994), Scale(1, 1, 1)
INFO: Bone [DEF-upper_arm.R] FINAL TRANSFORM:
INFO: mat4x4((0.950260, 0.037433, 0.314729, 0.000000), (-0.046263, -0.974414, 0.250083, 0.000000), (0.327965, -0.250021, -0.901895, 0.000000), (0.424076, -0.327541, 0.058147, 1.000000))
INFO: Bone: DEF-upper_arm.R Scale: vec3(1.001724, 1.007056, 0.991534) Translation: vec3(0.424076, -0.327541, 0.058147) Skew: vec3(0.002939, 0.018566, -0.001714)
INFO: Decomposed transform for DEF-upper_arm.R: Translation(0.424076, -0.327541, 0.058147), Scale(1.00172, 1.00706, 0.991534)
INFO: Bone [DEF-upper_arm.R.001] FINAL TRANSFORM:
INFO: mat4x4((0.936107, -0.104823, 0.340833, 0.000000), (-0.209385, -0.944562, 0.279508, 0.000000), (0.304234, -0.331978, -0.883583, 0.000000), (0.365783, -0.462968, 0.092416, 1.000000))
INFO: Bone: DEF-upper_arm.R.001 Scale: vec3(1.001724, 1.007056, 0.991534) Translation: vec3(0.365783, -0.462968, 0.092416) Skew: vec3(0.002939, 0.018566, -0.001714)
INFO: Decomposed transform for DEF-upper_arm.R.001: Translation(0.365783, -0.462968, 0.092416), Scale(1.00172, 1.00706, 0.991534)
INFO: Bone [DEF-forearm.R] FINAL TRANSFORM:
INFO: mat4x4((0.884461, -0.064381, 0.460048, 0.000000), (-0.337146, -0.791691, 0.519464, 0.000000), (0.341696, -0.618444, -0.702510, 0.000000), (0.372194, -0.757518, 0.378877, 1.000000))
INFO: Bone: DEF-forearm.R Scale: vec3(0.999030, 1.005095, 0.996144) Translation: vec3(0.372194, -0.757518, 0.378877) Skew: vec3(0.009630, 0.018936, -0.008211)
INFO: Decomposed transform for DEF-forearm.R: Translation(0.372194, -0.757518, 0.378877), Scale(0.99903, 1.0051, 0.996144)
INFO: Bone [DEF-forearm.R.001] FINAL TRANSFORM:
INFO: mat4x4((0.944144, 0.097245, 0.319411, 0.000000), (-0.104809, -0.840330, 0.539817, 0.000000), (0.332118, -0.545693, -0.762615, 0.000000), (0.417510, -0.629629, 0.267763, 1.000000))
INFO: Bone: DEF-forearm.R.001 Scale: vec3(1.001443, 1.004228, 0.994601) Translation: vec3(0.417510, -0.629629, 0.267763) Skew: vec3(0.012234, 0.016981, -0.008203)
INFO: Decomposed transform for DEF-forearm.R.001: Translation(0.41751, -0.629629, 0.267763), Scale(1.00144, 1.00423, 0.994601)
INFO: Bone [DEF-hand.R] FINAL TRANSFORM:
INFO: mat4x4((1.006306, -0.000713, -0.001807, 0.000000), (0.000652, -1.006664, 0.002165, 0.000000), (0.006552, 0.004286, -0.987420, 0.000000), (0.146855, -0.168025, -0.145616, 1.000000))
INFO: Bone: DEF-hand.R Scale: vec3(1.006308, 1.006665, 0.987395) Translation: vec3(0.146855, -0.168025, -0.145616) Skew: vec3(-0.006499, 0.008428, 0.001353)
INFO: Decomposed transform for DEF-hand.R: Translation(0.146855, -0.168025, -0.145616), Scale(1.00631, 1.00667, 0.987395)
INFO: Bone [DEF-breast.L] FINAL TRANSFORM:
INFO: mat4x4((0.991563, -0.129600, -0.002596, 0.000000), (-0.129600, -0.990764, -0.039876, 0.000000), (0.002596, 0.039877, -0.999201, 0.000000), (-0.028971, 0.039125, -0.175994, 1.000000))
INFO: Bone: DEF-breast.L Scale: vec3(1.000000, 1.000000, 1.000000) Translation: vec3(-0.028971, 0.039125, -0.175994) Skew: vec3(-0.000000, -0.000000, -0.000000)
INFO: Decomposed transform for DEF-breast.L: Translation(-0.028971, 0.0391253, -0.175994), Scale(1, 1, 1)
INFO: Bone [DEF-breast.R] FINAL TRANSFORM:
INFO: mat4x4((0.991563, -0.129600, -0.002596, 0.000000), (-0.129600, -0.990764, -0.039876, 0.000000), (0.002596, 0.039877, -0.999201, 0.000000), (-0.028971, 0.039125, -0.175993, 1.000000))
INFO: Bone: DEF-breast.R Scale: vec3(1.000000, 1.000000, 1.000000) Translation: vec3(-0.028971, 0.039125, -0.175993) Skew: vec3(-0.000000, -0.000000, -0.000000)
INFO: Decomposed transform for DEF-breast.R: Translation(-0.028971, 0.0391253, -0.175993), Scale(1, 1, 1)
INFO: Bone [DEF-pelvis.L] FINAL TRANSFORM:
INFO: mat4x4((0.991563, -0.129600, -0.002596, 0.000000), (-0.129600, -0.990764, -0.039876, 0.000000), (0.002596, 0.039876, -0.999201, 0.000000), (-0.028971, 0.039125, -0.175994, 1.000000))
INFO: Bone: DEF-pelvis.L Scale: vec3(1.000000, 1.000000, 1.000000) Translation: vec3(-0.028971, 0.039125, -0.175994) Skew: vec3(-0.000000, 0.000000, -0.000000)
INFO: Decomposed transform for DEF-pelvis.L: Translation(-0.0289713, 0.039125, -0.175994), Scale(1, 1, 1)
INFO: Bone [DEF-thigh.L] FINAL TRANSFORM:
INFO: mat4x4((0.999922, -0.071444, 0.178391, 0.000000), (-0.164328, -0.809963, 0.594960, 0.000000), (0.089079, -0.577406, -0.769364, 0.000000), (0.046890, -0.520866, 0.105398, 1.000000))
INFO: Bone: DEF-thigh.L Scale: vec3(1.018220, 1.018342, 0.966016) Translation: vec3(0.046890, -0.520866, 0.105398) Skew: vec3(-0.004781, -0.007039, -0.000302)
INFO: Decomposed transform for DEF-thigh.L: Translation(0.0468896, -0.520866, 0.105398), Scale(1.01822, 1.01834, 0.966016)
INFO: Bone [DEF-thigh.L.001] FINAL TRANSFORM:
INFO: mat4x4((0.989901, -0.111870, 0.210598, 0.000000), (-0.215414, -0.807210, 0.582263, 0.000000), (0.092056, -0.574839, -0.770934, 0.000000), (0.043978, -0.514702, 0.099587, 1.000000))
INFO: Bone: DEF-thigh.L.001 Scale: vec3(1.018220, 1.018342, 0.966015) Translation: vec3(0.043978, -0.514702, 0.099587) Skew: vec3(-0.004781, -0.007039, -0.000302)
INFO: Decomposed transform for DEF-thigh.L.001: Translation(0.0439782, -0.514702, 0.0995866), Scale(1.01822, 1.01834, 0.966015)
INFO: Bone [DEF-shin.L] FINAL TRANSFORM:
INFO: mat4x4((1.031855, -0.053072, 0.096159, 0.000000), (-0.046771, -1.004331, -0.256292, 0.000000), (0.075104, 0.256573, -0.893119, 0.000000), (0.049137, -0.141487, -0.036473, 1.000000))
INFO: Bone: DEF-shin.L Scale: vec3(1.037684, 1.037399, 0.931498) Translation: vec3(0.049137, -0.141487, -0.036473) Skew: vec3(-0.033837, -0.022763, -0.018211)
INFO: Decomposed transform for DEF-shin.L: Translation(0.0491369, -0.141487, -0.036473), Scale(1.03768, 1.0374, 0.931498)
INFO: Bone [DEF-shin.L.001] FINAL TRANSFORM:
INFO: mat4x4((1.032685, -0.004064, 0.111291, 0.000000), (0.004015, -1.006755, -0.247612, 0.000000), (0.078095, 0.252496, -0.893810, 0.000000), (0.055949, -0.149326, -0.037605, 1.000000))
INFO: Bone: DEF-shin.L.001 Scale: vec3(1.038672, 1.036599, 0.931329) Translation: vec3(0.055949, -0.149326, -0.037605) Skew: vec3(-0.034105, -0.020522, -0.017944)
INFO: Decomposed transform for DEF-shin.L.001: Translation(0.0559486, -0.149326, -0.0376052), Scale(1.03867, 1.0366, 0.931329)
INFO: Bone [DEF-foot.L] FINAL TRANSFORM:
INFO: mat4x4((1.002788, -0.009432, 0.010940, 0.000000), (-0.018949, -1.034936, 0.026322, 0.000000), (-0.034892, 0.031919, -0.969170, 0.000000), (0.047460, -0.171459, 0.006494, 1.000000))
INFO: Bone: DEF-foot.L Scale: vec3(1.002892, 1.035406, 0.967607) Translation: vec3(0.047460, -0.171459, 0.006494) Skew: vec3(-0.058183, -0.047294, -0.008621)
INFO: Decomposed transform for DEF-foot.L: Translation(0.0474603, -0.171459, 0.00649389), Scale(1.00289, 1.03541, 0.967607)
INFO: Bone [DEF-toe.L] FINAL TRANSFORM:
INFO: mat4x4((1.002790, -0.009394, 0.010962, 0.000000), (-0.018916, -1.034932, 0.026185, 0.000000), (-0.034866, 0.032065, -0.969174, 0.000000), (0.047462, -0.171460, 0.006486, 1.000000))
INFO: Bone: DEF-toe.L Scale: vec3(1.002894, 1.035397, 0.967614) Translation: vec3(0.047462, -0.171460, 0.006486) Skew: vec3(-0.058204, -0.047288, -0.008629)
INFO: Decomposed transform for DEF-toe.L: Translation(0.0474619, -0.17146, 0.00648555), Scale(1.00289, 1.0354, 0.967614)
INFO: Bone [DEF-pelvis.R] FINAL TRANSFORM:
INFO: mat4x4((0.991563, -0.129599, -0.002596, 0.000000), (-0.129599, -0.990764, -0.039876, 0.000000), (0.002596, 0.039876, -0.999201, 0.000000), (-0.028971, 0.039125, -0.175994, 1.000000))
INFO: Bone: DEF-pelvis.R Scale: vec3(1.000000, 1.000000, 1.000000) Translation: vec3(-0.028971, 0.039125, -0.175994) Skew: vec3(-0.000000, 0.000000, -0.000000)
INFO: Decomposed transform for DEF-pelvis.R: Translation(-0.028971, 0.039125, -0.175994), Scale(1, 1, 1)
INFO: Bone [DEF-thigh.R] FINAL TRANSFORM:
INFO: mat4x4((0.994725, -0.152439, -0.155331, 0.000000), (-0.106901, -0.975841, 0.270953, 0.000000), (-0.171519, -0.231208, -0.918777, 0.000000), (-0.188904, -0.214832, -0.073700, 1.000000))
INFO: Bone: DEF-thigh.R Scale: vec3(1.018255, 1.018386, 0.962783) Translation: vec3(-0.188904, -0.214832, -0.073700) Skew: vec3(-0.005089, 0.007492, 0.000320)
INFO: Decomposed transform for DEF-thigh.R: Translation(-0.188904, -0.214832, -0.0737001), Scale(1.01826, 1.01839, 0.962783)
INFO: Bone [DEF-thigh.R.001] FINAL TRANSFORM:
INFO: mat4x4((0.997939, -0.113095, -0.167844, 0.000000), (-0.066891, -0.981856, 0.261902, 0.000000), (-0.173116, -0.228316, -0.919201, 0.000000), (-0.185002, -0.209579, -0.076311, 1.000000))
INFO: Bone: DEF-thigh.R.001 Scale: vec3(1.018255, 1.018386, 0.962783) Translation: vec3(-0.185002, -0.209579, -0.076311) Skew: vec3(-0.005089, 0.007492, 0.000320)
INFO: Decomposed transform for DEF-thigh.R.001: Translation(-0.185002, -0.209579, -0.0763107), Scale(1.01826, 1.01839, 0.962783)
INFO: Bone [DEF-shin.R] FINAL TRANSFORM:
INFO: mat4x4((1.006821, -0.236193, -0.088187, 0.000000), (-0.220630, -0.793423, -0.631804, 0.000000), (0.096067, 0.583971, -0.716276, 0.000000), (-0.070644, 0.188523, -0.065421, 1.000000))
INFO: Bone: DEF-shin.R Scale: vec3(1.037907, 1.037769, 0.928374) Translation: vec3(-0.070644, 0.188523, -0.065421) Skew: vec3(-0.033643, 0.022789, 0.019481)
INFO: Decomposed transform for DEF-shin.R: Translation(-0.070644, 0.188523, -0.0654213), Scale(1.03791, 1.03777, 0.928374)
INFO: Bone [DEF-shin.R.001] FINAL TRANSFORM:
INFO: mat4x4((1.025561, -0.141029, -0.003657, 0.000000), (-0.093520, -0.810983, -0.644603, 0.000000), (0.105224, 0.590547, -0.710266, 0.000000), (-0.050406, 0.200703, -0.054219, 1.000000))
INFO: Bone: DEF-shin.R.001 Scale: vec3(1.035219, 1.039975, 0.928811) Translation: vec3(-0.050406, 0.200703, -0.054219) Skew: vec3(-0.032563, 0.028317, 0.019338)
INFO: Decomposed transform for DEF-shin.R.001: Translation(-0.0504056, 0.200703, -0.0542194), Scale(1.03522, 1.03998, 0.928811)
INFO: Bone [DEF-foot.R] FINAL TRANSFORM:
INFO: mat4x4((0.998771, -0.003266, -0.004151, 0.000000), (0.001704, -1.006118, -0.006158, 0.000000), (0.014679, -0.010479, -0.995906, 0.000000), (-0.049700, 0.142852, 0.004708, 1.000000))
INFO: Bone: DEF-foot.R Scale: vec3(0.998785, 1.006126, 0.995754) Translation: vec3(-0.049700, 0.142852, 0.004708) Skew: vec3(0.016576, 0.018932, 0.004989)
INFO: Decomposed transform for DEF-foot.R: Translation(-0.0496996, 0.142852, 0.00470787), Scale(0.998785, 1.00613, 0.995754)
INFO: Bone [DEF-toe.R] FINAL TRANSFORM:
INFO: mat4x4((0.998771, -0.003292, -0.004167, 0.000000), (0.001681, -1.006120, -0.006340, 0.000000), (0.014663, -0.010295, -0.995905, 0.000000), (-0.049701, 0.142853, 0.004699, 1.000000))
INFO: Bone: DEF-toe.R Scale: vec3(0.998785, 1.006128, 0.995751) Translation: vec3(-0.049701, 0.142853, 0.004699) Skew: vec3(0.016571, 0.018932, 0.004993)
INFO: Decomposed transform for DEF-toe.R: Translation(-0.0497008, 0.142853, 0.00469879), Scale(0.998785, 1.00613, 0.995751)
INFO: DEBUG: Max Vertex Attributes: 32
INFO: Drawing mesh with VAO: 1
INFO: Drawing mesh with VAO: 2
INFO: DEBUG: Depth testing and blending enabled.
WARNING: DEBUG: animationTime = 0.272079
WARNING: DEBUG: Interpolating between keyframes 16 (time = 0.266667) and 17 (time = 0.283333)
WARNING: DEBUG: Lerp factor = 0.324740
INFO: DEBUG: After Storing Bone DEF-breast.L
INFO: DEBUG: After Storing Bone DEF-breast.R
INFO: DEBUG: After Storing Bone DEF-foot.L
INFO: DEBUG: After Storing Bone DEF-foot.R
INFO: DEBUG: After Storing Bone DEF-forearm.L
INFO: DEBUG: After Storing Bone DEF-forearm.L.001
INFO: DEBUG: After Storing Bone DEF-forearm.R
