INFO: ImGui initialized successfully.
INFO: DEBUG: Initializing shaders...
INFO: DEBUG: Bone shader compiled successfully.
INFO: Shaders initialized successfully.
INFO: PhysicsManager initialized successfully.
INFO: Entering SceneTest3 for animation system expansion testing.
INFO: Loading model from path: CharacterModelTPose w shorts.fbx
INFO: ASSIMP ROOT NODE TRANSFORM (scene->mRootNode->mTransformation):
INFO: mat4x4((1.000000, 0.000000, 0.000000, 0.000000), (0.000000, 1.000000, 0.000000, 0.000000), (0.000000, 0.000000, 1.000000, 0.000000), (0.000000, 0.000000, 0.000000, 1.000000))
WARNING: INFO: Root transform is IDENTITY matrix.
INFO: Global inverse transform set from root node transformation.
INFO: Debug: VAO Bone IDs bound to location 3.
INFO: Debug: VAO Bone Weights bound to location 4.
INFO: Explicitly logging vertex attribute configuration:
INFO: Position bound to location 0
INFO: Normal bound to location 1
INFO: TexCoords bound to location 2
INFO: BoneIDs bound to location 3 (int attribute)
INFO: Bone Weights bound to location 4 (GL_FLOAT)
INFO: Vertex data size: 6984
INFO: Indices count: 6984
INFO: Vertex[0] Position: vec3(0.061047, -0.101388, -0.485192)
INFO: Vertex[0] Normal: vec3(-0.999759, -0.019474, -0.010175)
INFO: Vertex[0] TexCoords: vec2(0.793786, 0.755578)
INFO: Vertex[0] BoneIDs: [23, 24, -1, -1]
INFO: Vertex[0] Weights: [0.898307, 0.101693, 0.000000, 0.000000]
INFO: Debug: VAO Bone IDs bound to location 3.
INFO: Debug: VAO Bone Weights bound to location 4.
INFO: Explicitly logging vertex attribute configuration:
INFO: Position bound to location 0
INFO: Normal bound to location 1
INFO: TexCoords bound to location 2
INFO: BoneIDs bound to location 3 (int attribute)
INFO: Bone Weights bound to location 4 (GL_FLOAT)
INFO: Vertex data size: 432
INFO: Indices count: 432
INFO: Vertex[0] Position: vec3(0.160886, -0.128936, -0.787475)
INFO: Vertex[0] Normal: vec3(0.985015, -0.064617, -0.159908)
INFO: Vertex[0] TexCoords: vec2(0.870803, 0.998961)
INFO: Vertex[0] BoneIDs: [22, -1, -1, -1]
INFO: Vertex[0] Weights: [1.000000, 0.000000, 0.000000, 0.000000]
INFO: ==== Explicit Bone Mapping BEGIN ====
INFO: Bone Mapping ID[2] maps to Bone Name[DEF-spine.002]
INFO: Bone Mapping ID[23] maps to Bone Name[DEF-thigh.L.001]
INFO: Bone Mapping ID[0] maps to Bone Name[DEF-spine]
INFO: Bone Mapping ID[1] maps to Bone Name[DEF-spine.001]
INFO: Bone Mapping ID[3] maps to Bone Name[DEF-spine.003]
INFO: Bone Mapping ID[4] maps to Bone Name[DEF-spine.004]
INFO: Bone Mapping ID[22] maps to Bone Name[DEF-thigh.L]
INFO: Bone Mapping ID[9] maps to Bone Name[DEF-upper_arm.L.001]
INFO: Bone Mapping ID[5] maps to Bone Name[DEF-spine.005]
INFO: Bone Mapping ID[32] maps to Bone Name[DEF-shin.R.001]
INFO: Bone Mapping ID[11] maps to Bone Name[DEF-forearm.L.001]
INFO: Bone Mapping ID[6] maps to Bone Name[DEF-spine.006]
INFO: Bone Mapping ID[7] maps to Bone Name[DEF-shoulder.L]
INFO: Bone Mapping ID[8] maps to Bone Name[DEF-upper_arm.L]
INFO: Bone Mapping ID[31] maps to Bone Name[DEF-shin.R]
INFO: Bone Mapping ID[10] maps to Bone Name[DEF-forearm.L]
INFO: Bone Mapping ID[12] maps to Bone Name[DEF-hand.L]
INFO: Bone Mapping ID[13] maps to Bone Name[DEF-shoulder.R]
INFO: Bone Mapping ID[14] maps to Bone Name[DEF-upper_arm.R]
INFO: Bone Mapping ID[15] maps to Bone Name[DEF-upper_arm.R.001]
INFO: Bone Mapping ID[24] maps to Bone Name[DEF-shin.L]
INFO: Bone Mapping ID[16] maps to Bone Name[DEF-forearm.R]
INFO: Bone Mapping ID[25] maps to Bone Name[DEF-shin.L.001]
INFO: Bone Mapping ID[17] maps to Bone Name[DEF-forearm.R.001]
INFO: Bone Mapping ID[18] maps to Bone Name[DEF-hand.R]
INFO: Bone Mapping ID[19] maps to Bone Name[DEF-breast.L]
INFO: Bone Mapping ID[20] maps to Bone Name[DEF-breast.R]
INFO: Bone Mapping ID[21] maps to Bone Name[DEF-pelvis.L]
INFO: Bone Mapping ID[26] maps to Bone Name[DEF-foot.L]
INFO: Bone Mapping ID[27] maps to Bone Name[DEF-toe.L]
INFO: Bone Mapping ID[28] maps to Bone Name[DEF-pelvis.R]
INFO: Bone Mapping ID[29] maps to Bone Name[DEF-thigh.R]
INFO: Bone Mapping ID[30] maps to Bone Name[DEF-thigh.R.001]
INFO: Bone Mapping ID[33] maps to Bone Name[DEF-foot.R]
INFO: Bone Mapping ID[34] maps to Bone Name[DEF-toe.R]
INFO: ==== EXPLICIT BONE MAPPING END ====
INFO: Processing node: RootNode with parent:
INFO: Processing node: Low poly man with parent:
INFO: Processing node: Low poly man.001 with parent:
INFO: Processing node: rig with parent:
INFO: Processing node: root with parent:
INFO: Captured local bind transform for bone [DEF-spine]: mat4x4((0.991563, -0.129599, -0.002596, 0.000000), (-0.034867, -0.285948, 0.957610, 0.000000), (-0.124848, -0.949441, -0.288054, 0.000000), (0.008438, 0.167290, 0.713263, 1.000000))
INFO: Processing node: DEF-spine with parent:
INFO: Bone [DEF-spine] parent set to:
INFO: Captured local bind transform for bone [DEF-spine.001]: mat4x4((1.000000, -0.000000, -0.000000, 0.000000), (0.000000, 0.991686, -0.128684, 0.000000), (0.000000, 0.128684, 0.991686, 0.000000), (-0.000000, 0.130866, 0.000000, 1.000000))
INFO: Processing node: DEF-spine.001 with parent: DEF-spine
INFO: Bone [DEF-spine.001] parent set to: DEF-spine
INFO: Captured local bind transform for bone [DEF-spine.002]: mat4x4((1.000000, -0.000000, 0.000000, 0.000000), (0.000000, 0.987999, -0.154463, 0.000000), (0.000000, 0.154463, 0.987999, 0.000000), (0.000000, 0.117469, -0.000000, 1.000000))
INFO: Processing node: DEF-spine.002 with parent: DEF-spine.001
INFO: Bone [DEF-spine.002] parent set to: DEF-spine.001
INFO: Captured local bind transform for bone [DEF-spine.003]: mat4x4((1.000000, -0.000000, 0.000000, 0.000000), (0.000000, 0.999995, 0.003255, 0.000000), (-0.000000, -0.003255, 0.999995, 0.000000), (-0.000000, 0.148635, -0.000000, 1.000000))
INFO: Processing node: DEF-spine.003 with parent: DEF-spine.002
INFO: Bone [DEF-spine.003] parent set to: DEF-spine.002
INFO: Captured local bind transform for bone [DEF-spine.004]: mat4x4((1.000000, -0.000000, -0.000000, 0.000000), (0.000000, 0.918604, 0.395179, 0.000000), (0.000000, -0.395179, 0.918604, 0.000000), (0.000000, 0.165563, 0.000000, 1.000000))
INFO: Processing node: DEF-spine.004 with parent: DEF-spine.003
INFO: Bone [DEF-spine.004] parent set to: DEF-spine.003
INFO: Captured local bind transform for bone [DEF-spine.005]: mat4x4((0.994113, -0.020461, -0.106394, 0.000000), (-0.000000, 0.982004, -0.188858, 0.000000), (0.108344, 0.187747, 0.976224, 0.000000), (0.000000, 0.056882, 0.000000, 1.000000))
INFO: Processing node: DEF-spine.005 with parent: DEF-spine.004
INFO: Bone [DEF-spine.005] parent set to: DEF-spine.004
INFO: Captured local bind transform for bone [DEF-spine.006]: mat4x4((0.991720, -0.083540, -0.097529, 0.000000), (0.092945, 0.991009, 0.096245, 0.000000), (0.088612, -0.104513, 0.990568, 0.000000), (0.000000, 0.053905, -0.000000, 1.000000))
INFO: Processing node: DEF-spine.006 with parent: DEF-spine.005
INFO: Bone [DEF-spine.006] parent set to: DEF-spine.005
INFO: Captured local bind transform for bone [DEF-shoulder.L]: mat4x4((0.451632, 0.328765, 0.829423, 0.000000), (0.892182, -0.159784, -0.422470, 0.000000), (-0.006365, 0.930797, -0.365482, 0.000000), (0.015733, -0.017133, 0.080605, 1.000000))
WARNING: ARM CHAIN NODE FOUND: DEF-shoulder.L  -> Parent: DEF-spine.004
INFO: Processing node: DEF-shoulder.L with parent: DEF-spine.004
INFO: Bone [DEF-shoulder.L] parent set to: DEF-spine.004
INFO: Captured local bind transform for bone [DEF-upper_arm.L]: mat4x4((-0.812804, -0.603833, 0.044965, 0.000000), (-0.308775, 0.352084, -0.853392, 0.000000), (0.513103, -0.726830, -0.485520, 0.000000), (0.004115, 0.189038, -0.016364, 1.000000))
WARNING: ARM CHAIN NODE FOUND: DEF-upper_arm.L  -> Parent: DEF-shoulder.L
INFO: Processing node: DEF-upper_arm.L with parent: DEF-shoulder.L
INFO: Bone [DEF-upper_arm.L] parent set to: DEF-shoulder.L
INFO: Captured local bind transform for bone [DEF-upper_arm.L.001]: mat4x4((0.991960, -0.000000, 0.126548, 0.000000), (-0.000000, 1.000000, 0.000001, 0.000000), (-0.126548, -0.000001, 0.991960, 0.000000), (0.000000, 0.129039, -0.000000, 1.000000))
WARNING: ARM CHAIN NODE FOUND: DEF-upper_arm.L.001  -> Parent: DEF-upper_arm.L
INFO: Processing node: DEF-upper_arm.L.001 with parent: DEF-upper_arm.L
INFO: Bone [DEF-upper_arm.L.001] parent set to: DEF-upper_arm.L
INFO: Captured local bind transform for bone [DEF-forearm.L]: mat4x4((0.990879, -0.000288, 0.139821, 0.000000), (-0.108211, 0.588616, 0.768080, 0.000000), (-0.086982, -0.818153, 0.614735, 0.000000), (-0.000000, 0.129039, 0.000000, 1.000000))
WARNING: ARM CHAIN NODE FOUND: DEF-forearm.L  -> Parent: DEF-upper_arm.L.001
INFO: Processing node: DEF-forearm.L with parent: DEF-upper_arm.L.001
INFO: Bone [DEF-forearm.L] parent set to: DEF-upper_arm.L.001
INFO: Captured local bind transform for bone [DEF-forearm.L.001]: mat4x4((0.986428, -0.000000, -0.164195, 0.000000), (0.000000, 1.000000, 0.000000, 0.000000), (0.164195, -0.000000, 0.986428, 0.000000), (-0.000000, 0.113552, -0.000000, 1.000000))
WARNING: ARM CHAIN NODE FOUND: DEF-forearm.L.001  -> Parent: DEF-forearm.L
INFO: Processing node: DEF-forearm.L.001 with parent: DEF-forearm.L
INFO: Bone [DEF-forearm.L.001] parent set to: DEF-forearm.L
INFO: Captured local bind transform for bone [DEF-hand.L]: mat4x4((0.961899, 0.109808, -0.189382, 0.000000), (-0.183365, 0.923022, -0.396146, 0.000000), (0.129490, 0.410037, 0.895450, 0.000000), (0.000000, 0.113552, 0.000000, 1.000000))
WARNING: ARM CHAIN NODE FOUND: DEF-hand.L  -> Parent: DEF-forearm.L.001
INFO: Processing node: DEF-hand.L with parent: DEF-forearm.L.001
INFO: Bone [DEF-hand.L] parent set to: DEF-forearm.L.001
INFO: Captured local bind transform for bone [DEF-shoulder.R]: mat4x4((0.451632, -0.328765, -0.829423, 0.000000), (-0.892182, -0.159784, -0.422470, 0.000000), (0.006365, 0.930797, -0.365482, 0.000000), (-0.015733, -0.017133, 0.080605, 1.000000))
INFO: Processing node: DEF-shoulder.R with parent: DEF-spine.004
INFO: Bone [DEF-shoulder.R] parent set to: DEF-spine.004
INFO: Captured local bind transform for bone [DEF-upper_arm.R]: mat4x4((-0.867792, 0.419622, 0.289394, 0.000000), (-0.289588, 0.051093, -0.942457, 0.000000), (-0.415554, -0.913292, 0.078175, 0.000000), (-0.004115, 0.189038, -0.016364, 1.000000))
INFO: Processing node: DEF-upper_arm.R with parent: DEF-shoulder.R
INFO: Bone [DEF-upper_arm.R] parent set to: DEF-shoulder.R
INFO: Captured local bind transform for bone [DEF-upper_arm.R.001]: mat4x4((0.985522, -0.000000, -0.169547, 0.000000), (0.000000, 1.000000, 0.000000, 0.000000), (0.169547, -0.000000, 0.985522, 0.000000), (-0.000000, 0.129039, 0.000000, 1.000000))
INFO: Processing node: DEF-upper_arm.R.001 with parent: DEF-upper_arm.R
INFO: Bone [DEF-upper_arm.R.001] parent set to: DEF-upper_arm.R
INFO: Captured local bind transform for bone [DEF-forearm.R]: mat4x4((0.984931, 0.000538, -0.174957, 0.000000), (0.086150, 0.862586, 0.487637, 0.000000), (0.152733, -0.500454, 0.858275, 0.000000), (0.000000, 0.129039, -0.000000, 1.000000))
INFO: Processing node: DEF-forearm.R with parent: DEF-upper_arm.R.001
INFO: Bone [DEF-forearm.R] parent set to: DEF-upper_arm.R.001
INFO: Captured local bind transform for bone [DEF-forearm.R.001]: mat4x4((0.971700, 0.000000, 0.236219, 0.000000), (-0.000000, 1.000000, -0.000000, 0.000000), (-0.236219, -0.000000, 0.971700, 0.000000), (-0.000000, 0.113552, 0.000000, 1.000000))
INFO: Processing node: DEF-forearm.R.001 with parent: DEF-forearm.R
INFO: Bone [DEF-forearm.R.001] parent set to: DEF-forearm.R
INFO: Captured local bind transform for bone [DEF-hand.R]: mat4x4((0.956695, 0.194144, 0.187505, 0.000000), (-0.061407, 0.838547, -0.554922, 0.000000), (-0.264272, 0.518017, 0.812023, 0.000000), (-0.000000, 0.113552, 0.000000, 1.000000))
INFO: Processing node: DEF-hand.R with parent: DEF-forearm.R.001
INFO: Bone [DEF-hand.R] parent set to: DEF-forearm.R.001
INFO: Captured local bind transform for bone [DEF-breast.L]: mat4x4((-1.000000, -0.000000, 0.000000, 0.000000), (0.000000, -0.028559, 0.999592, 0.000000), (-0.000000, 0.999592, 0.028559, 0.000000), (0.101791, -0.004196, -0.036759, 1.000000))
INFO: Processing node: DEF-breast.L with parent: DEF-spine.003
INFO: Bone [DEF-breast.L] parent set to: DEF-spine.003
INFO: Captured local bind transform for bone [DEF-breast.R]: mat4x4((-1.000000, -0.000000, 0.000000, 0.000000), (0.000000, -0.028559, 0.999592, 0.000000), (-0.000000, 0.999592, 0.028559, 0.000000), (-0.101791, -0.004196, -0.036759, 1.000000))
INFO: Processing node: DEF-breast.R with parent: DEF-spine.003
INFO: Bone [DEF-breast.R] parent set to: DEF-spine.003
INFO: Captured local bind transform for bone [DEF-pelvis.L]: mat4x4((-0.421772, -0.052533, 0.905179, 0.000000), (0.536322, 0.790490, 0.295778, 0.000000), (-0.731073, 0.610218, -0.305232, 0.000000), (0.000000, 0.000000, 0.000000, 1.000000))
INFO: Processing node: DEF-pelvis.L with parent: DEF-spine
INFO: Bone [DEF-pelvis.L] parent set to: DEF-spine
INFO: Captured local bind transform for bone [DEF-thigh.L]: mat4x4((-0.490568, 0.723941, -0.521300, 0.000000), (0.649933, -0.070500, -0.709523, 0.000000), (-0.570496, -0.711953, -0.451841, 0.000000), (-0.018545, 0.099911, -0.031250, 1.000000))
INFO: Processing node: DEF-thigh.L with parent: DEF-pelvis.L
INFO: Bone [DEF-thigh.L] parent set to: DEF-pelvis.L
INFO: Captured local bind transform for bone [DEF-thigh.L.001]: mat4x4((0.998778, -0.000001, -0.049415, 0.000000), (0.000001, 1.000000, 0.000000, 0.000000), (0.049415, -0.000000, 0.998778, 0.000000), (0.000000, 0.227874, 0.000000, 1.000000))
INFO: Processing node: DEF-thigh.L.001 with parent: DEF-thigh.L
INFO: Bone [DEF-thigh.L.001] parent set to: DEF-thigh.L
INFO: Captured local bind transform for bone [DEF-shin.L]: mat4x4((0.993788, 0.191559, 0.124473, 0.000000), (-0.189697, 0.483755, 0.770061, 0.000000), (0.097409, -0.880267, 0.576983, 0.000000), (-0.000000, 0.227873, 0.000000, 1.000000))
INFO: Processing node: DEF-shin.L with parent: DEF-thigh.L.001
INFO: Bone [DEF-shin.L] parent set to: DEF-thigh.L.001
INFO: Captured local bind transform for bone [DEF-shin.L.001]: mat4x4((0.998946, 0.000001, 0.045901, 0.000000), (-0.000001, 1.000000, -0.000000, 0.000000), (-0.045901, 0.000000, 0.998946, 0.000000), (0.000000, 0.198684, 0.000000, 1.000000))
INFO: Processing node: DEF-shin.L.001 with parent: DEF-shin.L
INFO: Bone [DEF-shin.L.001] parent set to: DEF-shin.L
INFO: Captured local bind transform for bone [DEF-foot.L]: mat4x4((0.951249, 0.151805, 0.094779, 0.000000), (0.058856, 0.220432, -0.943758, 0.000000), (-0.186162, 1.024401, 0.227658, 0.000000), (-0.000000, 0.198684, 0.000000, 1.000000))
INFO: Processing node: DEF-foot.L with parent: DEF-shin.L.001
INFO: Bone [DEF-foot.L] parent set to: DEF-shin.L.001
INFO: Captured local bind transform for bone [DEF-toe.L]: mat4x4((-1.000000, 0.000035, -0.000244, 0.000000), (0.000159, 0.848075, -0.529876, 0.000000), (0.000189, -0.529876, -0.848075, 0.000000), (0.000000, 0.111115, 0.000000, 1.000000))
INFO: Processing node: DEF-toe.L with parent: DEF-foot.L
INFO: Bone [DEF-toe.L] parent set to: DEF-foot.L
INFO: Captured local bind transform for bone [DEF-pelvis.R]: mat4x4((-0.421772, 0.052533, -0.905179, 0.000000), (-0.536322, 0.790490, 0.295778, 0.000000), (0.731073, 0.610218, -0.305232, 0.000000), (0.000000, 0.000000, 0.000000, 1.000000))
INFO: Processing node: DEF-pelvis.R with parent: DEF-spine
INFO: Bone [DEF-pelvis.R] parent set to: DEF-spine
INFO: Captured local bind transform for bone [DEF-thigh.R]: mat4x4((-0.428673, -0.750850, 0.539128, 0.000000), (-0.430557, -0.326667, -0.797297, 0.000000), (0.804358, -0.595825, -0.190250, 0.000000), (0.018545, 0.099911, -0.031250, 1.000000))
INFO: Processing node: DEF-thigh.R with parent: DEF-pelvis.R
INFO: Bone [DEF-thigh.R] parent set to: DEF-pelvis.R
INFO: Captured local bind transform for bone [DEF-thigh.R.001]: mat4x4((0.999056, 0.000001, 0.043441, 0.000000), (-0.000001, 1.000000, -0.000000, 0.000000), (-0.043441, -0.000000, 0.999056, 0.000000), (-0.000000, 0.227874, 0.000000, 1.000000))
INFO: Processing node: DEF-thigh.R.001 with parent: DEF-thigh.R
INFO: Bone [DEF-thigh.R.001] parent set to: DEF-thigh.R
INFO: Captured local bind transform for bone [DEF-shin.R]: mat4x4((0.992720, -0.188902, -0.135164, 0.000000), (0.194069, 0.462358, 0.779168, 0.000000), (-0.095031, -0.897351, 0.556157, 0.000000), (-0.000000, 0.227874, -0.000000, 1.000000))
INFO: Processing node: DEF-shin.R with parent: DEF-thigh.R.001
INFO: Bone [DEF-shin.R] parent set to: DEF-thigh.R.001
INFO: Captured local bind transform for bone [DEF-shin.R.001]: mat4x4((0.992819, 0.000000, 0.119623, 0.000000), (-0.000000, 1.000000, -0.000000, 0.000000), (-0.119623, 0.000000, 0.992819, 0.000000), (-0.000000, 0.198684, -0.000000, 1.000000))
INFO: Processing node: DEF-shin.R.001 with parent: DEF-shin.R
INFO: Bone [DEF-shin.R.001] parent set to: DEF-shin.R
INFO: Captured local bind transform for bone [DEF-foot.R]: mat4x4((0.964499, -0.002778, -0.011476, 0.000000), (-0.011835, -0.175134, -0.952202, 0.000000), (0.000729, 1.053840, -0.193837, 0.000000), (0.000000, 0.198684, -0.000000, 1.000000))
INFO: Processing node: DEF-foot.R with parent: DEF-shin.R.001
INFO: Bone [DEF-foot.R] parent set to: DEF-shin.R.001
INFO: Captured local bind transform for bone [DEF-toe.R]: mat4x4((-1.000000, -0.000034, 0.000244, 0.000000), (-0.000158, 0.848095, -0.529845, 0.000000), (-0.000189, -0.529845, -0.848095, 0.000000), (-0.000000, 0.111115, -0.000000, 1.000000))
INFO: Processing node: DEF-toe.R with parent: DEF-foot.R
INFO: Bone [DEF-toe.R] parent set to: DEF-foot.R
INFO: Bone hierarchy successfully built from scene graph.
INFO: Loaded 2 meshes.
INFO: INFO: Model loaded successfully.
INFO: DEBUG: Bounding Box Center: (0.000000, -0.082552, -0.878198)
INFO: DEBUG: Bounding Box Radius: 0.987355
INFO: DEBUG: Adjusted Camera Position: (0.000000, -0.082552, 5.081019)
INFO: Loaded clip 'animations/Idle.fbx' fps=60.000000
INFO: NOW PLAYING: Idle | keyframes = 61 | length = 1.000000 s
WARNING: POSE AT t=0 FOR DEF-spine:
mat4x4((1.000000, -0.000007, 0.000000, 0.000000), (-0.000002, -0.249642, 0.968338, 0.000000), (-0.000007, -0.968338, -0.249642, 0.000000), (0.000001, 0.164915, 0.883377, 1.000000))
WARNING: BIND POSE LOCAL FOR DEF-spine:
mat4x4((0.991563, -0.129599, -0.002596, 0.000000), (-0.034867, -0.285948, 0.957610, 0.000000), (-0.124848, -0.949441, -0.288054, 0.000000), (0.008438, 0.167290, 0.713263, 1.000000))
WARNING: POSE AT t=0 FOR DEF-thigh.L:
mat4x4((-0.326720, 0.641920, -0.693681, 0.000000), (0.316167, -0.617441, -0.720282, 0.000000), (-0.890670, -0.454649, -0.001224, 0.000000), (-0.018545, 0.099911, -0.031250, 1.000000))
WARNING: BIND POSE LOCAL FOR DEF-thigh.L:
mat4x4((-0.490568, 0.723941, -0.521300, 0.000000), (0.649933, -0.070500, -0.709523, 0.000000), (-0.570496, -0.711953, -0.451841, 0.000000), (-0.018545, 0.099911, -0.031250, 1.000000))
WARNING: POSE AT t=0 FOR DEF-upper_arm.L:
mat4x4((-0.840515, -0.391721, -0.374285, 0.000000), (0.149205, 0.496761, -0.854966, 0.000000), (0.520838, -0.774457, -0.359089, 0.000000), (0.004115, 0.189038, -0.016364, 1.000000))
WARNING: BIND POSE LOCAL FOR DEF-upper_arm.L:
mat4x4((-0.812804, -0.603833, 0.044965, 0.000000), (-0.308775, 0.352084, -0.853392, 0.000000), (0.513103, -0.726830, -0.485520, 0.000000), (0.004115, 0.189038, -0.016364, 1.000000))
WARNING: [MISMATCH] Bone 'DEF-spine' differs in frame 0
WARNING:   Bind  T: vec3(0.008438, 0.167290, 0.713263)
WARNING:   Frame0 T: vec3(0.000001, 0.164915, 0.883377)
WARNING:   Delta Translation: vec3(-0.008436, -0.002376, 0.170114)
WARNING: [MISMATCH] Bone 'DEF-spine.005' differs in frame 0
WARNING:   Bind  T: vec3(0.000000, 0.056882, 0.000000)
WARNING:   Frame0 T: vec3(-0.000000, 0.056882, 0.000000)
WARNING:   Delta Translation: vec3(-0.000000, -0.000000, 0.000000)
WARNING: [MISMATCH] Bone 'DEF-spine.006' differs in frame 0
WARNING:   Bind  T: vec3(0.000000, 0.053905, -0.000000)
WARNING:   Frame0 T: vec3(-0.000000, 0.053906, 0.000000)
WARNING:   Delta Translation: vec3(-0.000000, 0.000000, 0.000000)
WARNING: [MISMATCH] Bone 'DEF-upper_arm.L' differs in frame 0
WARNING:   Bind  T: vec3(0.004115, 0.189038, -0.016364)
WARNING:   Frame0 T: vec3(0.004115, 0.189038, -0.016364)
WARNING:   Delta Translation: vec3(-0.000000, -0.000000, -0.000000)
WARNING: [MISMATCH] Bone 'DEF-upper_arm.L.001' differs in frame 0
WARNING:   Bind  T: vec3(0.000000, 0.129039, -0.000000)
WARNING:   Frame0 T: vec3(0.000000, 0.129039, -0.000000)
WARNING:   Delta Translation: vec3(0.000000, -0.000000, 0.000000)
WARNING: [MISMATCH] Bone 'DEF-forearm.L' differs in frame 0
WARNING:   Bind  T: vec3(-0.000000, 0.129039, 0.000000)
WARNING:   Frame0 T: vec3(-0.000000, 0.129039, -0.000000)
WARNING:   Delta Translation: vec3(0.000000, 0.000000, -0.000000)
WARNING: [MISMATCH] Bone 'DEF-forearm.L.001' differs in frame 0
WARNING:   Bind  T: vec3(-0.000000, 0.113552, -0.000000)
WARNING:   Frame0 T: vec3(0.000000, 0.113552, 0.000000)
WARNING:   Delta Translation: vec3(0.000000, -0.000000, 0.000000)
WARNING: [MISMATCH] Bone 'DEF-hand.L' differs in frame 0
WARNING:   Bind  T: vec3(0.000000, 0.113552, 0.000000)
WARNING:   Frame0 T: vec3(-0.000000, 0.113552, -0.000000)
WARNING:   Delta Translation: vec3(-0.000000, 0.000000, -0.000000)
WARNING: [MISMATCH] Bone 'DEF-upper_arm.R' differs in frame 0
WARNING:   Bind  T: vec3(-0.004115, 0.189038, -0.016364)
WARNING:   Frame0 T: vec3(-0.004115, 0.189038, -0.016364)
WARNING:   Delta Translation: vec3(0.000000, -0.000000, 0.000000)
WARNING: [MISMATCH] Bone 'DEF-upper_arm.R.001' differs in frame 0
WARNING:   Bind  T: vec3(-0.000000, 0.129039, 0.000000)
WARNING:   Frame0 T: vec3(-0.000000, 0.129039, 0.000000)
WARNING:   Delta Translation: vec3(-0.000000, -0.000000, -0.000000)
WARNING: [MISMATCH] Bone 'DEF-forearm.R' differs in frame 0
WARNING:   Bind  T: vec3(0.000000, 0.129039, -0.000000)
WARNING:   Frame0 T: vec3(-0.000000, 0.129039, 0.000000)
WARNING:   Delta Translation: vec3(-0.000000, 0.000000, 0.000000)
WARNING: [MISMATCH] Bone 'DEF-forearm.R.001' differs in frame 0
WARNING:   Bind  T: vec3(-0.000000, 0.113552, 0.000000)
WARNING:   Frame0 T: vec3(-0.000000, 0.113552, 0.000000)
WARNING:   Delta Translation: vec3(-0.000000, 0.000000, -0.000000)
WARNING: [MISMATCH] Bone 'DEF-hand.R' differs in frame 0
WARNING:   Bind  T: vec3(-0.000000, 0.113552, 0.000000)
WARNING:   Frame0 T: vec3(-0.000000, 0.113552, -0.000000)
WARNING:   Delta Translation: vec3(-0.000000, 0.000000, -0.000000)
WARNING: [MISMATCH] Bone 'DEF-thigh.L' differs in frame 0
WARNING:   Bind  T: vec3(-0.018545, 0.099911, -0.031250)
WARNING:   Frame0 T: vec3(-0.018545, 0.099911, -0.031250)
WARNING:   Delta Translation: vec3(-0.000000, -0.000000, -0.000000)
WARNING: [MISMATCH] Bone 'DEF-thigh.L.001' differs in frame 0
WARNING:   Bind  T: vec3(0.000000, 0.227874, 0.000000)
WARNING:   Frame0 T: vec3(-0.000000, 0.227874, 0.000000)
WARNING:   Delta Translation: vec3(-0.000000, 0.000000, -0.000000)
WARNING: [MISMATCH] Bone 'DEF-shin.L' differs in frame 0
WARNING:   Bind  T: vec3(-0.000000, 0.227873, 0.000000)
WARNING:   Frame0 T: vec3(0.000000, 0.227873, -0.000000)
WARNING:   Delta Translation: vec3(0.000000, -0.000000, -0.000000)
WARNING: [MISMATCH] Bone 'DEF-shin.L.001' differs in frame 0
WARNING:   Bind  T: vec3(0.000000, 0.198684, 0.000000)
WARNING:   Frame0 T: vec3(0.000000, 0.198684, 0.000000)
WARNING:   Delta Translation: vec3(0.000000, 0.000000, 0.000000)
WARNING: [MISMATCH] Bone 'DEF-foot.L' differs in frame 0
WARNING:   Bind  T: vec3(-0.000000, 0.198684, 0.000000)
WARNING:   Frame0 T: vec3(0.000000, 0.198684, 0.000000)
WARNING:   Delta Translation: vec3(0.000000, -0.000000, 0.000000)
WARNING: [MISMATCH] Bone 'DEF-toe.L' differs in frame 0
WARNING:   Bind  T: vec3(0.000000, 0.111115, 0.000000)
WARNING:   Frame0 T: vec3(-0.000000, 0.111115, 0.000000)
WARNING:   Delta Translation: vec3(-0.000000, -0.000000, -0.000000)
WARNING: [MISMATCH] Bone 'DEF-thigh.R' differs in frame 0
WARNING:   Bind  T: vec3(0.018545, 0.099911, -0.031250)
WARNING:   Frame0 T: vec3(0.018545, 0.099911, -0.031250)
WARNING:   Delta Translation: vec3(-0.000000, 0.000000, -0.000000)
WARNING: [MISMATCH] Bone 'DEF-thigh.R.001' differs in frame 0
WARNING:   Bind  T: vec3(-0.000000, 0.227874, 0.000000)
WARNING:   Frame0 T: vec3(-0.000000, 0.227874, 0.000000)
WARNING:   Delta Translation: vec3(0.000000, 0.000000, -0.000000)
WARNING: [MISMATCH] Bone 'DEF-shin.R' differs in frame 0
WARNING:   Bind  T: vec3(-0.000000, 0.227874, -0.000000)
WARNING:   Frame0 T: vec3(0.000000, 0.227874, -0.000000)
WARNING:   Delta Translation: vec3(0.000000, -0.000000, -0.000000)
WARNING: [MISMATCH] Bone 'DEF-shin.R.001' differs in frame 0
WARNING:   Bind  T: vec3(-0.000000, 0.198684, -0.000000)
WARNING:   Frame0 T: vec3(-0.000000, 0.198684, 0.000000)
WARNING:   Delta Translation: vec3(0.000000, -0.000000, 0.000000)
WARNING: [MISMATCH] Bone 'DEF-foot.R' differs in frame 0
WARNING:   Bind  T: vec3(0.000000, 0.198684, -0.000000)
WARNING:   Frame0 T: vec3(-0.000000, 0.198684, -0.000000)
WARNING:   Delta Translation: vec3(-0.000000, -0.000000, 0.000000)
WARNING: [MISMATCH] Bone 'DEF-toe.R' differs in frame 0
WARNING:   Bind  T: vec3(-0.000000, 0.111115, -0.000000)
WARNING:   Frame0 T: vec3(-0.000000, 0.111115, 0.000000)
WARNING:   Delta Translation: vec3(0.000000, 0.000000, 0.000000)
INFO: Loaded clip 'animations/Stance1.fbx' fps=60.000000
WARNING: POSE AT t=0 FOR DEF-spine:
mat4x4((1.000000, -0.000007, 0.000000, 0.000000), (-0.000002, -0.249642, 0.968338, 0.000000), (-0.000007, -0.968338, -0.249642, 0.000000), (0.000001, 0.164915, 0.883377, 1.000000))
WARNING: BIND POSE LOCAL FOR DEF-spine:
mat4x4((0.991563, -0.129599, -0.002596, 0.000000), (-0.034867, -0.285948, 0.957610, 0.000000), (-0.124848, -0.949441, -0.288054, 0.000000), (0.008438, 0.167290, 0.713263, 1.000000))
WARNING: POSE AT t=0 FOR DEF-thigh.L:
mat4x4((-0.326721, 0.641923, -0.693678, 0.000000), (0.316174, -0.617435, -0.720285, 0.000000), (-0.890668, -0.454654, -0.001231, 0.000000), (-0.018545, 0.099911, -0.031250, 1.000000))
WARNING: BIND POSE LOCAL FOR DEF-thigh.L:
mat4x4((-0.490568, 0.723941, -0.521300, 0.000000), (0.649933, -0.070500, -0.709523, 0.000000), (-0.570496, -0.711953, -0.451841, 0.000000), (-0.018545, 0.099911, -0.031250, 1.000000))
WARNING: POSE AT t=0 FOR DEF-upper_arm.L:
mat4x4((-0.841354, -0.394464, -0.369488, 0.000000), (0.143204, 0.496496, -0.856145, 0.000000), (0.521168, -0.773233, -0.361240, 0.000000), (0.004115, 0.189038, -0.016364, 1.000000))
WARNING: BIND POSE LOCAL FOR DEF-upper_arm.L:
mat4x4((-0.812804, -0.603833, 0.044965, 0.000000), (-0.308775, 0.352084, -0.853392, 0.000000), (0.513103, -0.726830, -0.485520, 0.000000), (0.004115, 0.189038, -0.016364, 1.000000))
WARNING: [MISMATCH] Bone 'DEF-spine' differs in frame 0
WARNING:   Bind  T: vec3(0.008438, 0.167290, 0.713263)
WARNING:   Frame0 T: vec3(0.000001, 0.164915, 0.883377)
WARNING:   Delta Translation: vec3(-0.008436, -0.002376, 0.170114)
WARNING: [MISMATCH] Bone 'DEF-spine.005' differs in frame 0
WARNING:   Bind  T: vec3(0.000000, 0.056882, 0.000000)
WARNING:   Frame0 T: vec3(-0.000000, 0.056882, 0.000000)
WARNING:   Delta Translation: vec3(-0.000000, -0.000000, 0.000000)
WARNING: [MISMATCH] Bone 'DEF-spine.006' differs in frame 0
WARNING:   Bind  T: vec3(0.000000, 0.053905, -0.000000)
WARNING:   Frame0 T: vec3(-0.000000, 0.053906, 0.000000)
WARNING:   Delta Translation: vec3(-0.000000, 0.000000, 0.000000)
WARNING: [MISMATCH] Bone 'DEF-upper_arm.L' differs in frame 0
WARNING:   Bind  T: vec3(0.004115, 0.189038, -0.016364)
WARNING:   Frame0 T: vec3(0.004115, 0.189038, -0.016364)
WARNING:   Delta Translation: vec3(-0.000000, -0.000000, -0.000000)
WARNING: [MISMATCH] Bone 'DEF-upper_arm.L.001' differs in frame 0
WARNING:   Bind  T: vec3(0.000000, 0.129039, -0.000000)
WARNING:   Frame0 T: vec3(-0.000000, 0.129039, -0.000000)
WARNING:   Delta Translation: vec3(-0.000000, 0.000000, 0.000000)
WARNING: [MISMATCH] Bone 'DEF-forearm.L' differs in frame 0
WARNING:   Bind  T: vec3(-0.000000, 0.129039, 0.000000)
WARNING:   Frame0 T: vec3(0.000000, 0.129039, -0.000000)
WARNING:   Delta Translation: vec3(0.000000, 0.000000, -0.000000)
WARNING: [MISMATCH] Bone 'DEF-forearm.L.001' differs in frame 0
WARNING:   Bind  T: vec3(-0.000000, 0.113552, -0.000000)
WARNING:   Frame0 T: vec3(0.000000, 0.113552, -0.000000)
WARNING:   Delta Translation: vec3(0.000000, -0.000000, -0.000000)
WARNING: [MISMATCH] Bone 'DEF-hand.L' differs in frame 0
WARNING:   Bind  T: vec3(0.000000, 0.113552, 0.000000)
WARNING:   Frame0 T: vec3(-0.000000, 0.113551, 0.000000)
WARNING:   Delta Translation: vec3(-0.000000, -0.000000, 0.000000)
WARNING: [MISMATCH] Bone 'DEF-upper_arm.R' differs in frame 0
WARNING:   Bind  T: vec3(-0.004115, 0.189038, -0.016364)
WARNING:   Frame0 T: vec3(-0.004115, 0.189038, -0.016364)
WARNING:   Delta Translation: vec3(0.000000, -0.000000, 0.000000)
WARNING: [MISMATCH] Bone 'DEF-upper_arm.R.001' differs in frame 0
WARNING:   Bind  T: vec3(-0.000000, 0.129039, 0.000000)
WARNING:   Frame0 T: vec3(0.000000, 0.129039, 0.000000)
WARNING:   Delta Translation: vec3(0.000000, -0.000000, -0.000000)
WARNING: [MISMATCH] Bone 'DEF-forearm.R' differs in frame 0
WARNING:   Bind  T: vec3(0.000000, 0.129039, -0.000000)
WARNING:   Frame0 T: vec3(0.000000, 0.129039, -0.000000)
WARNING:   Delta Translation: vec3(0.000000, 0.000000, 0.000000)
WARNING: [MISMATCH] Bone 'DEF-forearm.R.001' differs in frame 0
WARNING:   Bind  T: vec3(-0.000000, 0.113552, 0.000000)
WARNING:   Frame0 T: vec3(-0.000000, 0.113552, 0.000000)
WARNING:   Delta Translation: vec3(-0.000000, 0.000000, -0.000000)
WARNING: [MISMATCH] Bone 'DEF-hand.R' differs in frame 0
WARNING:   Bind  T: vec3(-0.000000, 0.113552, 0.000000)
WARNING:   Frame0 T: vec3(-0.000000, 0.113552, -0.000000)
WARNING:   Delta Translation: vec3(-0.000000, -0.000000, -0.000000)
WARNING: [MISMATCH] Bone 'DEF-thigh.L' differs in frame 0
WARNING:   Bind  T: vec3(-0.018545, 0.099911, -0.031250)
WARNING:   Frame0 T: vec3(-0.018545, 0.099911, -0.031250)
WARNING:   Delta Translation: vec3(-0.000000, -0.000000, -0.000000)
WARNING: [MISMATCH] Bone 'DEF-thigh.L.001' differs in frame 0
WARNING:   Bind  T: vec3(0.000000, 0.227874, 0.000000)
WARNING:   Frame0 T: vec3(-0.000000, 0.227874, -0.000000)
WARNING:   Delta Translation: vec3(-0.000000, 0.000000, -0.000000)
WARNING: [MISMATCH] Bone 'DEF-shin.L' differs in frame 0
WARNING:   Bind  T: vec3(-0.000000, 0.227873, 0.000000)
WARNING:   Frame0 T: vec3(0.000000, 0.227873, 0.000000)
WARNING:   Delta Translation: vec3(0.000000, 0.000000, -0.000000)
WARNING: [MISMATCH] Bone 'DEF-shin.L.001' differs in frame 0
WARNING:   Bind  T: vec3(0.000000, 0.198684, 0.000000)
WARNING:   Frame0 T: vec3(-0.000000, 0.198684, -0.000000)
WARNING:   Delta Translation: vec3(-0.000000, 0.000000, -0.000000)
WARNING: [MISMATCH] Bone 'DEF-foot.L' differs in frame 0
WARNING:   Bind  T: vec3(-0.000000, 0.198684, 0.000000)
WARNING:   Frame0 T: vec3(-0.000000, 0.198684, 0.000000)
WARNING:   Delta Translation: vec3(0.000000, -0.000000, 0.000000)
WARNING: [MISMATCH] Bone 'DEF-toe.L' differs in frame 0
WARNING:   Bind  T: vec3(0.000000, 0.111115, 0.000000)
WARNING:   Frame0 T: vec3(-0.000000, 0.111115, -0.000000)
WARNING:   Delta Translation: vec3(-0.000000, 0.000000, -0.000000)
WARNING: [MISMATCH] Bone 'DEF-thigh.R' differs in frame 0
WARNING:   Bind  T: vec3(0.018545, 0.099911, -0.031250)
WARNING:   Frame0 T: vec3(0.018545, 0.099911, -0.031250)
WARNING:   Delta Translation: vec3(-0.000000, 0.000000, -0.000000)
WARNING: [MISMATCH] Bone 'DEF-thigh.R.001' differs in frame 0
WARNING:   Bind  T: vec3(-0.000000, 0.227874, 0.000000)
WARNING:   Frame0 T: vec3(-0.000000, 0.227874, -0.000000)
WARNING:   Delta Translation: vec3(0.000000, 0.000000, -0.000000)
WARNING: [MISMATCH] Bone 'DEF-shin.R' differs in frame 0
WARNING:   Bind  T: vec3(-0.000000, 0.227874, -0.000000)
WARNING:   Frame0 T: vec3(-0.000000, 0.227874, 0.000000)
WARNING:   Delta Translation: vec3(0.000000, -0.000000, 0.000000)
WARNING: [MISMATCH] Bone 'DEF-shin.R.001' differs in frame 0
WARNING:   Bind  T: vec3(-0.000000, 0.198684, -0.000000)
WARNING:   Frame0 T: vec3(0.000000, 0.198684, 0.000000)
WARNING:   Delta Translation: vec3(0.000000, -0.000000, 0.000000)
WARNING: [MISMATCH] Bone 'DEF-foot.R' differs in frame 0
WARNING:   Bind  T: vec3(0.000000, 0.198684, -0.000000)
WARNING:   Frame0 T: vec3(0.000000, 0.198684, 0.000000)
WARNING:   Delta Translation: vec3(-0.000000, -0.000000, 0.000000)
WARNING: [MISMATCH] Bone 'DEF-toe.R' differs in frame 0
WARNING:   Bind  T: vec3(-0.000000, 0.111115, -0.000000)
WARNING:   Frame0 T: vec3(-0.000000, 0.111115, -0.000000)
WARNING:   Delta Translation: vec3(0.000000, 0.000000, 0.000000)
INFO: Loaded clip 'animations/Jab_Head.fbx' fps=60.000000
WARNING: POSE AT t=0 FOR DEF-spine:
mat4x4((1.000000, 0.000008, -0.000001, 0.000000), (0.000003, -0.249646, 0.968337, 0.000000), (0.000008, -0.968337, -0.249646, 0.000000), (0.000008, 0.164915, 0.883372, 1.000000))
WARNING: BIND POSE LOCAL FOR DEF-spine:
mat4x4((0.991563, -0.129599, -0.002596, 0.000000), (-0.034867, -0.285948, 0.957610, 0.000000), (-0.124848, -0.949441, -0.288054, 0.000000), (0.008438, 0.167290, 0.713263, 1.000000))
WARNING: POSE AT t=0 FOR DEF-thigh.L:
mat4x4((-0.326722, 0.641922, -0.693679, 0.000000), (0.316619, -0.617209, -0.720283, 0.000000), (-0.890509, -0.454964, -0.001590, 0.000000), (-0.018545, 0.099911, -0.031250, 1.000000))
WARNING: BIND POSE LOCAL FOR DEF-thigh.L:
mat4x4((-0.490568, 0.723941, -0.521300, 0.000000), (0.649933, -0.070500, -0.709523, 0.000000), (-0.570496, -0.711953, -0.451841, 0.000000), (-0.018545, 0.099911, -0.031250, 1.000000))
WARNING: POSE AT t=0 FOR DEF-upper_arm.L:
mat4x4((-0.840552, -0.391826, -0.374092, 0.000000), (0.151119, 0.493543, -0.856492, 0.000000), (0.520226, -0.776458, -0.355636, 0.000000), (0.004115, 0.189038, -0.016364, 1.000000))
WARNING: BIND POSE LOCAL FOR DEF-upper_arm.L:
mat4x4((-0.812804, -0.603833, 0.044965, 0.000000), (-0.308775, 0.352084, -0.853392, 0.000000), (0.513103, -0.726830, -0.485520, 0.000000), (0.004115, 0.189038, -0.016364, 1.000000))
WARNING: [MISMATCH] Bone 'DEF-spine' differs in frame 0
WARNING:   Bind  T: vec3(0.008438, 0.167290, 0.713263)
WARNING:   Frame0 T: vec3(0.000008, 0.164915, 0.883372)
WARNING:   Delta Translation: vec3(-0.008430, -0.002375, 0.170109)
WARNING: [MISMATCH] Bone 'DEF-spine.005' differs in frame 0
WARNING:   Bind  T: vec3(0.000000, 0.056882, 0.000000)
WARNING:   Frame0 T: vec3(0.000000, 0.056882, 0.000000)
WARNING:   Delta Translation: vec3(-0.000000, -0.000000, 0.000000)
WARNING: [MISMATCH] Bone 'DEF-spine.006' differs in frame 0
WARNING:   Bind  T: vec3(0.000000, 0.053905, -0.000000)
WARNING:   Frame0 T: vec3(-0.000000, 0.053906, -0.000000)
WARNING:   Delta Translation: vec3(-0.000000, 0.000000, 0.000000)
WARNING: [MISMATCH] Bone 'DEF-upper_arm.L' differs in frame 0
WARNING:   Bind  T: vec3(0.004115, 0.189038, -0.016364)
WARNING:   Frame0 T: vec3(0.004115, 0.189038, -0.016364)
WARNING:   Delta Translation: vec3(-0.000000, -0.000000, -0.000000)
WARNING: [MISMATCH] Bone 'DEF-upper_arm.L.001' differs in frame 0
WARNING:   Bind  T: vec3(0.000000, 0.129039, -0.000000)
WARNING:   Frame0 T: vec3(-0.000000, 0.129039, -0.000000)
WARNING:   Delta Translation: vec3(-0.000000, -0.000000, 0.000000)
WARNING: [MISMATCH] Bone 'DEF-forearm.L' differs in frame 0
WARNING:   Bind  T: vec3(-0.000000, 0.129039, 0.000000)
WARNING:   Frame0 T: vec3(0.000000, 0.129039, -0.000000)
WARNING:   Delta Translation: vec3(0.000000, -0.000000, -0.000000)
WARNING: [MISMATCH] Bone 'DEF-forearm.L.001' differs in frame 0
WARNING:   Bind  T: vec3(-0.000000, 0.113552, -0.000000)
WARNING:   Frame0 T: vec3(0.000000, 0.113552, -0.000000)
WARNING:   Delta Translation: vec3(0.000000, -0.000000, -0.000000)
WARNING: [MISMATCH] Bone 'DEF-hand.L' differs in frame 0
WARNING:   Bind  T: vec3(0.000000, 0.113552, 0.000000)
WARNING:   Frame0 T: vec3(-0.000000, 0.113552, 0.000000)
WARNING:   Delta Translation: vec3(-0.000000, -0.000000, 0.000000)
WARNING: [MISMATCH] Bone 'DEF-upper_arm.R' differs in frame 0
WARNING:   Bind  T: vec3(-0.004115, 0.189038, -0.016364)
WARNING:   Frame0 T: vec3(-0.004115, 0.189038, -0.016364)
WARNING:   Delta Translation: vec3(0.000000, -0.000000, 0.000000)
WARNING: [MISMATCH] Bone 'DEF-upper_arm.R.001' differs in frame 0
WARNING:   Bind  T: vec3(-0.000000, 0.129039, 0.000000)
WARNING:   Frame0 T: vec3(-0.000000, 0.129039, -0.000000)
WARNING:   Delta Translation: vec3(-0.000000, -0.000000, -0.000000)
WARNING: [MISMATCH] Bone 'DEF-forearm.R' differs in frame 0
WARNING:   Bind  T: vec3(0.000000, 0.129039, -0.000000)
WARNING:   Frame0 T: vec3(-0.000000, 0.129039, 0.000000)
WARNING:   Delta Translation: vec3(-0.000000, 0.000000, 0.000000)
WARNING: [MISMATCH] Bone 'DEF-forearm.R.001' differs in frame 0
WARNING:   Bind  T: vec3(-0.000000, 0.113552, 0.000000)
WARNING:   Frame0 T: vec3(-0.000000, 0.113552, -0.000000)
WARNING:   Delta Translation: vec3(-0.000000, 0.000000, -0.000000)
WARNING: [MISMATCH] Bone 'DEF-hand.R' differs in frame 0
WARNING:   Bind  T: vec3(-0.000000, 0.113552, 0.000000)
WARNING:   Frame0 T: vec3(-0.000000, 0.113552, -0.000000)
WARNING:   Delta Translation: vec3(-0.000000, -0.000000, -0.000000)
WARNING: [MISMATCH] Bone 'DEF-thigh.L' differs in frame 0
WARNING:   Bind  T: vec3(-0.018545, 0.099911, -0.031250)
WARNING:   Frame0 T: vec3(-0.018545, 0.099911, -0.031250)
WARNING:   Delta Translation: vec3(-0.000000, 0.000000, -0.000000)
WARNING: [MISMATCH] Bone 'DEF-thigh.L.001' differs in frame 0
WARNING:   Bind  T: vec3(0.000000, 0.227874, 0.000000)
WARNING:   Frame0 T: vec3(-0.000000, 0.227874, -0.000000)
WARNING:   Delta Translation: vec3(-0.000000, 0.000000, -0.000000)
WARNING: [MISMATCH] Bone 'DEF-shin.L' differs in frame 0
WARNING:   Bind  T: vec3(-0.000000, 0.227873, 0.000000)
WARNING:   Frame0 T: vec3(-0.000000, 0.227873, 0.000000)
WARNING:   Delta Translation: vec3(-0.000000, 0.000000, -0.000000)
WARNING: [MISMATCH] Bone 'DEF-shin.L.001' differs in frame 0
WARNING:   Bind  T: vec3(0.000000, 0.198684, 0.000000)
WARNING:   Frame0 T: vec3(-0.000000, 0.198684, -0.000000)
WARNING:   Delta Translation: vec3(-0.000000, 0.000000, -0.000000)
WARNING: [MISMATCH] Bone 'DEF-foot.L' differs in frame 0
WARNING:   Bind  T: vec3(-0.000000, 0.198684, 0.000000)
WARNING:   Frame0 T: vec3(-0.000000, 0.198684, -0.000000)
WARNING:   Delta Translation: vec3(-0.000000, 0.000000, -0.000000)
WARNING: [MISMATCH] Bone 'DEF-toe.L' differs in frame 0
WARNING:   Bind  T: vec3(0.000000, 0.111115, 0.000000)
WARNING:   Frame0 T: vec3(-0.000000, 0.111115, -0.000000)
WARNING:   Delta Translation: vec3(-0.000000, 0.000000, -0.000000)
WARNING: [MISMATCH] Bone 'DEF-thigh.R' differs in frame 0
WARNING:   Bind  T: vec3(0.018545, 0.099911, -0.031250)
WARNING:   Frame0 T: vec3(0.018545, 0.099911, -0.031250)
WARNING:   Delta Translation: vec3(-0.000000, 0.000000, -0.000000)
WARNING: [MISMATCH] Bone 'DEF-thigh.R.001' differs in frame 0
WARNING:   Bind  T: vec3(-0.000000, 0.227874, 0.000000)
WARNING:   Frame0 T: vec3(-0.000000, 0.227874, 0.000000)
WARNING:   Delta Translation: vec3(-0.000000, 0.000000, 0.000000)
WARNING: [MISMATCH] Bone 'DEF-shin.R' differs in frame 0
WARNING:   Bind  T: vec3(-0.000000, 0.227874, -0.000000)
WARNING:   Frame0 T: vec3(-0.000000, 0.227874, 0.000000)
WARNING:   Delta Translation: vec3(-0.000000, -0.000000, 0.000000)
WARNING: [MISMATCH] Bone 'DEF-shin.R.001' differs in frame 0
WARNING:   Bind  T: vec3(-0.000000, 0.198684, -0.000000)
WARNING:   Frame0 T: vec3(-0.000000, 0.198684, -0.000000)
WARNING:   Delta Translation: vec3(0.000000, -0.000000, -0.000000)
WARNING: [MISMATCH] Bone 'DEF-foot.R' differs in frame 0
WARNING:   Bind  T: vec3(0.000000, 0.198684, -0.000000)
WARNING:   Frame0 T: vec3(0.000000, 0.198684, -0.000000)
WARNING:   Delta Translation: vec3(-0.000000, -0.000000, 0.000000)
WARNING: [MISMATCH] Bone 'DEF-toe.R' differs in frame 0
WARNING:   Bind  T: vec3(-0.000000, 0.111115, -0.000000)
