INFO: ImGui initialized successfully.
INFO: DEBUG: Initializing shaders...
INFO: DEBUG: Bone shader compiled successfully.
INFO: Shaders initialized successfully.
INFO: PhysicsManager initialized successfully.
INFO: Entering SceneTest3 for animation system expansion testing.
INFO: Loading model from path: CharacterModelTPose.fbx
INFO: ASSIMP ROOT NODE TRANSFORM (scene->mRootNode->mTransformation):
INFO: mat4x4((1.000000, 0.000000, 0.000000, 0.000000), (0.000000, 1.000000, 0.000000, 0.000000), (0.000000, 0.000000, 1.000000, 0.000000), (0.000000, 0.000000, 0.000000, 1.000000))
WARNING: INFO: Root transform is IDENTITY matrix.
INFO: Global inverse transform set from root node transformation.
INFO: Debug: VAO Bone IDs bound to location 3.
INFO: Debug: VAO Bone Weights bound to location 4.
INFO: Explicitly logging vertex attribute configuration:
INFO: Position bound to location 0
INFO: Normal bound to location 1
INFO: TexCoords bound to location 2
INFO: BoneIDs bound to location 3 (int attribute)
INFO: Bone Weights bound to location 4 (GL_FLOAT)
INFO: Vertex data size: 6984
INFO: Indices count: 6984
INFO: Vertex[0] Position: vec3(0.061047, 0.485192, -0.101388)
INFO: Vertex[0] Normal: vec3(-0.999759, 0.010175, -0.019474)
INFO: Vertex[0] TexCoords: vec2(0.793786, 0.755578)
INFO: Vertex[0] BoneIDs: [10, 11, -1, -1]
INFO: Vertex[0] Weights: [0.898307, 0.101693, 0.000000, 0.000000]
INFO: Debug: VAO Bone IDs bound to location 3.
INFO: Debug: VAO Bone Weights bound to location 4.
INFO: Explicitly logging vertex attribute configuration:
INFO: Position bound to location 0
INFO: Normal bound to location 1
INFO: TexCoords bound to location 2
INFO: BoneIDs bound to location 3 (int attribute)
INFO: Bone Weights bound to location 4 (GL_FLOAT)
INFO: Vertex data size: 432
INFO: Indices count: 432
INFO: Vertex[0] Position: vec3(0.160886, 0.787475, -0.128936)
INFO: Vertex[0] Normal: vec3(0.985015, 0.159908, -0.064617)
INFO: Vertex[0] TexCoords: vec2(0.870803, 0.998961)
INFO: Vertex[0] BoneIDs: [9, -1, -1, -1]
INFO: Vertex[0] Weights: [1.000000, 0.000000, 0.000000, 0.000000]
INFO: ==== Explicit Bone Mapping BEGIN ====
INFO: Bone Mapping ID[2] maps to Bone Name[DEF-spine.002]
INFO: Bone Mapping ID[10] maps to Bone Name[DEF-thigh.L.001]
INFO: Bone Mapping ID[0] maps to Bone Name[DEF-spine]
INFO: Bone Mapping ID[1] maps to Bone Name[DEF-spine.001]
INFO: Bone Mapping ID[3] maps to Bone Name[DEF-spine.003]
INFO: Bone Mapping ID[7] maps to Bone Name[DEF-pelvis.L]
INFO: Bone Mapping ID[4] maps to Bone Name[DEF-spine.004]
INFO: Bone Mapping ID[23] maps to Bone Name[DEF-upper_arm.L.001]
INFO: Bone Mapping ID[9] maps to Bone Name[DEF-thigh.L]
INFO: Bone Mapping ID[5] maps to Bone Name[DEF-spine.005]
INFO: Bone Mapping ID[25] maps to Bone Name[DEF-forearm.L.001]
INFO: Bone Mapping ID[18] maps to Bone Name[DEF-shin.R.001]
INFO: Bone Mapping ID[6] maps to Bone Name[DEF-spine.006]
INFO: Bone Mapping ID[8] maps to Bone Name[DEF-pelvis.R]
INFO: Bone Mapping ID[30] maps to Bone Name[DEF-forearm.R]
INFO: Bone Mapping ID[11] maps to Bone Name[DEF-shin.L]
INFO: Bone Mapping ID[31] maps to Bone Name[DEF-forearm.R.001]
INFO: Bone Mapping ID[12] maps to Bone Name[DEF-shin.L.001]
INFO: Bone Mapping ID[13] maps to Bone Name[DEF-foot.L]
INFO: Bone Mapping ID[14] maps to Bone Name[DEF-toe.L]
INFO: Bone Mapping ID[15] maps to Bone Name[DEF-thigh.R]
INFO: Bone Mapping ID[16] maps to Bone Name[DEF-thigh.R.001]
INFO: Bone Mapping ID[24] maps to Bone Name[DEF-forearm.L]
INFO: Bone Mapping ID[17] maps to Bone Name[DEF-shin.R]
INFO: Bone Mapping ID[19] maps to Bone Name[DEF-foot.R]
INFO: Bone Mapping ID[20] maps to Bone Name[DEF-toe.R]
INFO: Bone Mapping ID[21] maps to Bone Name[DEF-shoulder.L]
INFO: Bone Mapping ID[22] maps to Bone Name[DEF-upper_arm.L]
INFO: Bone Mapping ID[26] maps to Bone Name[DEF-hand.L]
INFO: Bone Mapping ID[27] maps to Bone Name[DEF-shoulder.R]
INFO: Bone Mapping ID[28] maps to Bone Name[DEF-upper_arm.R]
INFO: Bone Mapping ID[29] maps to Bone Name[DEF-upper_arm.R.001]
INFO: Bone Mapping ID[32] maps to Bone Name[DEF-hand.R]
INFO: Bone Mapping ID[33] maps to Bone Name[DEF-breast.L]
INFO: Bone Mapping ID[34] maps to Bone Name[DEF-breast.R]
INFO: ==== EXPLICIT BONE MAPPING END ====
INFO: Processing node: RootNode with parent:
INFO: Processing node: Low poly man with parent:
INFO: Processing node: Low poly man.001 with parent:
INFO: Processing node: rig with parent:
INFO: Processing node: root with parent:
INFO: Captured local bind transform for bone [DEF-spine]: mat4x4((1.000000, 0.000000, 0.000000, 0.000000), (-0.000000, -0.249639, 0.968339, 0.000000), (0.000000, -0.968339, -0.249639, 0.000000), (0.000000, 0.164914, 0.883387, 1.000000))
INFO: Processing node: DEF-spine with parent:
INFO: Bone [DEF-spine] parent set to:
INFO: Captured local bind transform for bone [DEF-spine.001]: mat4x4((1.000000, -0.000000, 0.000000, 0.000000), (0.000000, 0.991686, -0.128684, 0.000000), (0.000000, 0.128684, 0.991686, 0.000000), (0.000000, 0.130866, -0.000000, 1.000000))
INFO: Processing node: DEF-spine.001 with parent: DEF-spine
INFO: Bone [DEF-spine.001] parent set to: DEF-spine
INFO: Captured local bind transform for bone [DEF-spine.002]: mat4x4((1.000000, -0.000000, 0.000000, 0.000000), (0.000000, 0.987999, -0.154463, 0.000000), (0.000000, 0.154463, 0.987999, 0.000000), (0.000000, 0.117469, 0.000000, 1.000000))
INFO: Processing node: DEF-spine.002 with parent: DEF-spine.001
INFO: Bone [DEF-spine.002] parent set to: DEF-spine.001
INFO: Captured local bind transform for bone [DEF-spine.003]: mat4x4((1.000000, 0.000000, 0.000000, 0.000000), (-0.000000, 0.999995, 0.003254, 0.000000), (-0.000000, -0.003254, 0.999995, 0.000000), (-0.000000, 0.148635, -0.000000, 1.000000))
INFO: Processing node: DEF-spine.003 with parent: DEF-spine.002
INFO: Bone [DEF-spine.003] parent set to: DEF-spine.002
INFO: Captured local bind transform for bone [DEF-spine.004]: mat4x4((1.000000, 0.000000, 0.000000, 0.000000), (0.000000, 0.918604, 0.395180, 0.000000), (0.000000, -0.395180, 0.918604, 0.000000), (0.000000, 0.165563, -0.000000, 1.000000))
INFO: Processing node: DEF-spine.004 with parent: DEF-spine.003
INFO: Bone [DEF-spine.004] parent set to: DEF-spine.003
INFO: Captured local bind transform for bone [DEF-spine.005]: mat4x4((1.000000, 0.000000, 0.000000, 0.000000), (0.000000, 0.982004, -0.188860, 0.000000), (0.000000, 0.188860, 0.982004, 0.000000), (0.000000, 0.056882, -0.000000, 1.000000))
INFO: Processing node: DEF-spine.005 with parent: DEF-spine.004
INFO: Bone [DEF-spine.005] parent set to: DEF-spine.004
INFO: Captured local bind transform for bone [DEF-spine.006]: mat4x4((1.000000, 0.000000, 0.000000, 0.000000), (0.000000, 0.982436, -0.186599, 0.000000), (0.000000, 0.186599, 0.982436, 0.000000), (-0.000000, 0.053906, -0.000000, 1.000000))
INFO: Processing node: DEF-spine.006 with parent: DEF-spine.005
INFO: Bone [DEF-spine.006] parent set to: DEF-spine.005
INFO: Processing node: MCH-torso.parent with parent:
INFO: Processing node: torso with parent:
INFO: Processing node: MCH-spine.001 with parent:
INFO: Processing node: spine_fk.001 with parent:
INFO: Processing node: MCH-spine with parent:
INFO: Processing node: spine_fk with parent:
INFO: Processing node: tweak_spine with parent:
INFO: Processing node: ORG-spine with parent:
INFO: Processing node: ORG-pelvis.L with parent:
INFO: Captured local bind transform for bone [DEF-pelvis.L]: mat4x4((1.000000, 0.000000, 0.000000, 0.000000), (0.000000, 1.000000, 0.000000, 0.000000), (0.000000, 0.000000, 1.000000, 0.000000), (0.000000, 0.000000, 0.000000, 1.000000))
INFO: Processing node: DEF-pelvis.L with parent:
INFO: Bone [DEF-pelvis.L] parent set to:
INFO: Processing node: ORG-pelvis.R with parent:
INFO: Captured local bind transform for bone [DEF-pelvis.R]: mat4x4((1.000000, 0.000000, 0.000000, 0.000000), (0.000000, 1.000000, 0.000000, 0.000000), (0.000000, 0.000000, 1.000000, 0.000000), (0.000000, 0.000000, 0.000000, 1.000000))
INFO: Processing node: DEF-pelvis.R with parent:
INFO: Bone [DEF-pelvis.R] parent set to:
INFO: Captured local bind transform for bone [DEF-thigh.L]: mat4x4((0.989208, 0.101287, 0.105869, 0.000000), (0.066376, -0.953965, 0.292480, 0.000000), (0.130620, -0.282296, -0.950393, 0.000000), (0.084253, 0.060884, 0.022303, 1.000000))
INFO: Processing node: DEF-thigh.L with parent:
INFO: Bone [DEF-thigh.L] parent set to:
INFO: Captured local bind transform for bone [DEF-thigh.L.001]: mat4x4((1.000000, 0.000000, 0.000000, 0.000000), (0.000000, 1.000000, 0.000000, 0.000000), (0.000000, 0.000000, 1.000000, 0.000000), (0.000000, 0.227874, 0.000000, 1.000000))
INFO: Processing node: DEF-thigh.L.001 with parent: DEF-thigh.L
INFO: Bone [DEF-thigh.L.001] parent set to: DEF-thigh.L
INFO: Captured local bind transform for bone [DEF-shin.L]: mat4x4((1.000000, -0.000000, 0.000000, 0.000000), (0.000000, 0.994397, 0.105710, 0.000000), (-0.000000, -0.105710, 0.994397, 0.000000), (-0.000000, 0.227874, 0.000000, 1.000000))
INFO: Processing node: DEF-shin.L with parent: DEF-thigh.L.001
INFO: Bone [DEF-shin.L] parent set to: DEF-thigh.L.001
INFO: Captured local bind transform for bone [DEF-shin.L.001]: mat4x4((1.000000, 0.000000, 0.000000, 0.000000), (0.000000, 1.000000, 0.000000, 0.000000), (0.000000, 0.000000, 1.000000, 0.000000), (0.000000, 0.198684, -0.000000, 1.000000))
INFO: Processing node: DEF-shin.L.001 with parent: DEF-shin.L
INFO: Bone [DEF-shin.L.001] parent set to: DEF-shin.L
INFO: Captured local bind transform for bone [DEF-foot.L]: mat4x4((0.989239, 0.079600, 0.122758, 0.000000), (0.070401, 0.476545, -0.876327, 0.000000), (-0.128255, 0.875539, 0.465813, 0.000000), (-0.000000, 0.198684, 0.000000, 1.000000))
INFO: Processing node: DEF-foot.L with parent: DEF-shin.L.001
INFO: Bone [DEF-foot.L] parent set to: DEF-shin.L.001
INFO: Captured local bind transform for bone [DEF-toe.L]: mat4x4((-1.000000, -0.000001, -0.000244, 0.000000), (0.000129, 0.847998, -0.529999, 0.000000), (0.000207, -0.529999, -0.847998, 0.000000), (0.000000, 0.111115, 0.000000, 1.000000))
INFO: Processing node: DEF-toe.L with parent: DEF-foot.L
INFO: Bone [DEF-toe.L] parent set to: DEF-foot.L
INFO: Captured local bind transform for bone [DEF-thigh.R]: mat4x4((0.989208, -0.101287, -0.105869, 0.000000), (-0.066376, -0.953965, 0.292480, 0.000000), (-0.130620, -0.282296, -0.950393, 0.000000), (-0.084253, 0.060884, 0.022303, 1.000000))
INFO: Processing node: DEF-thigh.R with parent:
INFO: Bone [DEF-thigh.R] parent set to:
INFO: Captured local bind transform for bone [DEF-thigh.R.001]: mat4x4((1.000000, 0.000000, 0.000000, 0.000000), (0.000000, 1.000000, 0.000000, 0.000000), (0.000000, 0.000000, 1.000000, 0.000000), (0.000000, 0.227874, 0.000000, 1.000000))
INFO: Processing node: DEF-thigh.R.001 with parent: DEF-thigh.R
INFO: Bone [DEF-thigh.R.001] parent set to: DEF-thigh.R
INFO: Captured local bind transform for bone [DEF-shin.R]: mat4x4((1.000000, 0.000000, -0.000001, 0.000000), (-0.000000, 0.994397, 0.105710, 0.000000), (0.000001, -0.105710, 0.994397, 0.000000), (-0.000000, 0.227874, -0.000000, 1.000000))
INFO: Processing node: DEF-shin.R with parent: DEF-thigh.R.001
INFO: Bone [DEF-shin.R] parent set to: DEF-thigh.R.001
INFO: Captured local bind transform for bone [DEF-shin.R.001]: mat4x4((1.000000, 0.000000, 0.000000, 0.000000), (0.000000, 1.000000, 0.000000, 0.000000), (0.000000, 0.000000, 1.000000, 0.000000), (-0.000000, 0.198684, 0.000000, 1.000000))
INFO: Processing node: DEF-shin.R.001 with parent: DEF-shin.R
INFO: Bone [DEF-shin.R.001] parent set to: DEF-shin.R
INFO: Captured local bind transform for bone [DEF-foot.R]: mat4x4((0.989239, -0.079599, -0.122757, 0.000000), (-0.070400, 0.476545, -0.876327, 0.000000), (0.128255, 0.875539, 0.465813, 0.000000), (-0.000000, 0.198684, -0.000000, 1.000000))
INFO: Processing node: DEF-foot.R with parent: DEF-shin.R.001
INFO: Bone [DEF-foot.R] parent set to: DEF-shin.R.001
INFO: Captured local bind transform for bone [DEF-toe.R]: mat4x4((-1.000000, 0.000001, 0.000244, 0.000000), (-0.000129, 0.847999, -0.529999, 0.000000), (-0.000207, -0.529999, -0.847999, 0.000000), (-0.000000, 0.111115, 0.000000, 1.000000))
INFO: Processing node: DEF-toe.R with parent: DEF-foot.R
INFO: Bone [DEF-toe.R] parent set to: DEF-foot.R
INFO: Processing node: MCH-spine.002 with parent:
INFO: Processing node: spine_fk.002 with parent:
INFO: Processing node: MCH-spine.003 with parent:
INFO: Processing node: spine_fk.003 with parent:
INFO: Processing node: tweak_spine.003 with parent:
INFO: Processing node: ORG-spine.003 with parent:
INFO: Processing node: ORG-shoulder.L with parent:
INFO: Captured local bind transform for bone [DEF-shoulder.L]: mat4x4((1.000000, 0.000000, 0.000000, 0.000000), (0.000000, 1.000000, 0.000000, 0.000000), (0.000000, 0.000000, 1.000000, 0.000000), (0.000000, 0.000000, 0.000000, 1.000000))
WARNING: ARM CHAIN NODE FOUND: DEF-shoulder.L  -> Parent:
INFO: Processing node: DEF-shoulder.L with parent:
INFO: Bone [DEF-shoulder.L] parent set to:
INFO: Captured local bind transform for bone [DEF-upper_arm.L]: mat4x4((-0.840223, -0.390785, -0.375916, 0.000000), (0.159011, 0.485214, -0.859816, 0.000000), (0.518403, -0.782212, -0.345548, 0.000000), (0.004115, 0.189038, -0.016364, 1.000000))
WARNING: ARM CHAIN NODE FOUND: DEF-upper_arm.L  -> Parent:
INFO: Processing node: DEF-upper_arm.L with parent:
INFO: Bone [DEF-upper_arm.L] parent set to:
INFO: Captured local bind transform for bone [DEF-upper_arm.L.001]: mat4x4((1.000000, 0.000000, 0.000000, 0.000000), (0.000000, 1.000000, 0.000000, 0.000000), (0.000000, 0.000000, 1.000000, 0.000000), (0.000000, 0.129039, 0.000000, 1.000000))
WARNING: ARM CHAIN NODE FOUND: DEF-upper_arm.L.001  -> Parent: DEF-upper_arm.L
INFO: Processing node: DEF-upper_arm.L.001 with parent: DEF-upper_arm.L
INFO: Bone [DEF-upper_arm.L.001] parent set to: DEF-upper_arm.L
INFO: Captured local bind transform for bone [DEF-forearm.L]: mat4x4((1.000000, -0.000000, 0.000000, 0.000000), (0.000000, 0.965789, 0.259330, 0.000000), (-0.000000, -0.259330, 0.965789, 0.000000), (-0.000000, 0.129039, -0.000000, 1.000000))
WARNING: ARM CHAIN NODE FOUND: DEF-forearm.L  -> Parent: DEF-upper_arm.L.001
INFO: Processing node: DEF-forearm.L with parent: DEF-upper_arm.L.001
INFO: Bone [DEF-forearm.L] parent set to: DEF-upper_arm.L.001
INFO: Captured local bind transform for bone [DEF-forearm.L.001]: mat4x4((1.000000, 0.000000, 0.000000, 0.000000), (0.000000, 1.000000, 0.000000, 0.000000), (0.000000, 0.000000, 1.000000, 0.000000), (0.000000, 0.113552, 0.000000, 1.000000))
WARNING: ARM CHAIN NODE FOUND: DEF-forearm.L.001  -> Parent: DEF-forearm.L
INFO: Processing node: DEF-forearm.L.001 with parent: DEF-forearm.L
INFO: Bone [DEF-forearm.L.001] parent set to: DEF-forearm.L
INFO: Captured local bind transform for bone [DEF-hand.L]: mat4x4((0.997057, -0.076593, -0.003170, 0.000000), (0.076659, 0.996204, 0.041249, 0.000000), (-0.000001, -0.041370, 0.999144, 0.000000), (-0.000000, 0.113552, 0.000000, 1.000000))
WARNING: ARM CHAIN NODE FOUND: DEF-hand.L  -> Parent: DEF-forearm.L.001
INFO: Processing node: DEF-hand.L with parent: DEF-forearm.L.001
INFO: Bone [DEF-hand.L] parent set to: DEF-forearm.L.001
INFO: Processing node: ORG-shoulder.R with parent:
INFO: Captured local bind transform for bone [DEF-shoulder.R]: mat4x4((1.000000, 0.000000, 0.000000, 0.000000), (0.000000, 1.000000, 0.000000, 0.000000), (0.000000, 0.000000, 1.000000, 0.000000), (0.000000, 0.000000, 0.000000, 1.000000))
INFO: Processing node: DEF-shoulder.R with parent:
INFO: Bone [DEF-shoulder.R] parent set to:
INFO: Captured local bind transform for bone [DEF-upper_arm.R]: mat4x4((-0.840223, 0.390785, 0.375916, 0.000000), (-0.159011, 0.485214, -0.859816, 0.000000), (-0.518403, -0.782212, -0.345548, 0.000000), (-0.004115, 0.189038, -0.016364, 1.000000))
INFO: Processing node: DEF-upper_arm.R with parent:
INFO: Bone [DEF-upper_arm.R] parent set to:
INFO: Captured local bind transform for bone [DEF-upper_arm.R.001]: mat4x4((1.000000, 0.000000, 0.000000, 0.000000), (0.000000, 1.000000, 0.000000, 0.000000), (0.000000, 0.000000, 1.000000, 0.000000), (-0.000000, 0.129039, 0.000000, 1.000000))
INFO: Processing node: DEF-upper_arm.R.001 with parent: DEF-upper_arm.R
INFO: Bone [DEF-upper_arm.R.001] parent set to: DEF-upper_arm.R
INFO: Captured local bind transform for bone [DEF-forearm.R]: mat4x4((1.000000, 0.000000, -0.000000, 0.000000), (-0.000000, 0.965789, 0.259330, 0.000000), (0.000000, -0.259330, 0.965789, 0.000000), (0.000000, 0.129039, -0.000000, 1.000000))
INFO: Processing node: DEF-forearm.R with parent: DEF-upper_arm.R.001
INFO: Bone [DEF-forearm.R] parent set to: DEF-upper_arm.R.001
INFO: Captured local bind transform for bone [DEF-forearm.R.001]: mat4x4((1.000000, 0.000000, 0.000000, 0.000000), (0.000000, 1.000000, 0.000000, 0.000000), (0.000000, 0.000000, 1.000000, 0.000000), (-0.000000, 0.113552, 0.000000, 1.000000))
INFO: Processing node: DEF-forearm.R.001 with parent: DEF-forearm.R
INFO: Bone [DEF-forearm.R.001] parent set to: DEF-forearm.R
INFO: Captured local bind transform for bone [DEF-hand.R]: mat4x4((0.997057, 0.076593, 0.003171, 0.000000), (-0.076659, 0.996204, 0.041249, 0.000000), (0.000001, -0.041371, 0.999144, 0.000000), (0.000000, 0.113552, 0.000000, 1.000000))
INFO: Processing node: DEF-hand.R with parent: DEF-forearm.R.001
INFO: Bone [DEF-hand.R] parent set to: DEF-forearm.R.001
INFO: Processing node: ORG-breast.L with parent:
INFO: Captured local bind transform for bone [DEF-breast.L]: mat4x4((1.000000, 0.000000, 0.000000, 0.000000), (0.000000, 1.000000, 0.000000, 0.000000), (0.000000, 0.000000, 1.000000, 0.000000), (0.000000, 0.000000, 0.000000, 1.000000))
INFO: Processing node: DEF-breast.L with parent:
INFO: Bone [DEF-breast.L] parent set to:
INFO: Processing node: ORG-breast.R with parent:
INFO: Captured local bind transform for bone [DEF-breast.R]: mat4x4((1.000000, 0.000000, 0.000000, 0.000000), (0.000000, 1.000000, 0.000000, 0.000000), (0.000000, 0.000000, 1.000000, 0.000000), (0.000000, 0.000000, 0.000000, 1.000000))
INFO: Processing node: DEF-breast.R with parent:
INFO: Bone [DEF-breast.R] parent set to:
INFO: Bone hierarchy successfully built from scene graph.
INFO: Loaded 2 meshes.
INFO: INFO: Model loaded successfully.
INFO: DEBUG: Bounding Box Center: (-0.000000, 0.878198, -0.082552)
INFO: DEBUG: Bounding Box Radius: 0.987355
INFO: DEBUG: Adjusted Camera Position: (-0.000000, 0.878198, 5.876665)
INFO: Loaded clip 'animations/Idle.fbx' fps=60.000000
INFO: NOW PLAYING: Idle | keyframes = 61 | length = 1.000000 s
WARNING: POSE AT t=0 FOR DEF-spine:
mat4x4((1.000000, 0.000000, 0.000000, 0.000000), (0.000000, -0.249640, 0.968339, 0.000000), (0.000000, -0.968339, -0.249640, 0.000000), (-0.000000, 0.164915, 0.883387, 1.000000))
WARNING: BIND POSE LOCAL FOR DEF-spine:
mat4x4((1.000000, 0.000000, 0.000000, 0.000000), (-0.000000, -0.249639, 0.968339, 0.000000), (0.000000, -0.968339, -0.249639, 0.000000), (0.000000, 0.164914, 0.883387, 1.000000))
WARNING: POSE AT t=0 FOR DEF-thigh.L:
mat4x4((-0.326711, 0.641914, -0.693691, 0.000000), (0.286866, -0.631992, -0.719927, 0.000000), (-0.900538, -0.434204, 0.022335, 0.000000), (-0.018545, 0.099911, -0.031250, 1.000000))
WARNING: BIND POSE LOCAL FOR DEF-thigh.L:
mat4x4((0.989208, 0.101287, 0.105869, 0.000000), (0.066376, -0.953965, 0.292480, 0.000000), (0.130620, -0.282296, -0.950393, 0.000000), (0.084253, 0.060884, 0.022303, 1.000000))
WARNING: POSE AT t=0 FOR DEF-upper_arm.L:
mat4x4((-0.840223, -0.390785, -0.375917, 0.000000), (0.159011, 0.485214, -0.859816, 0.000000), (0.518403, -0.782211, -0.345549, 0.000000), (0.004115, 0.189038, -0.016364, 1.000000))
WARNING: BIND POSE LOCAL FOR DEF-upper_arm.L:
mat4x4((-0.840223, -0.390785, -0.375916, 0.000000), (0.159011, 0.485214, -0.859816, 0.000000), (0.518403, -0.782212, -0.345548, 0.000000), (0.004115, 0.189038, -0.016364, 1.000000))
WARNING: [WARN] Bone 'DEF-pelvis.L' differs between bind pose and first frame.
WARNING: [WARN] Bone 'DEF-pelvis.R' differs between bind pose and first frame.
WARNING: [WARN] Bone 'DEF-thigh.L' differs between bind pose and first frame.
WARNING: [WARN] Bone 'DEF-thigh.R' differs between bind pose and first frame.
WARNING: [WARN] Bone 'DEF-shoulder.L' differs between bind pose and first frame.
WARNING: [WARN] Bone 'DEF-shoulder.R' differs between bind pose and first frame.
INFO: Loaded clip 'animations/Stance1.fbx' fps=60.000000
WARNING: POSE AT t=0 FOR DEF-spine:
mat4x4((1.000000, 0.000000, 0.000000, 0.000000), (0.000000, -0.249640, 0.968339, 0.000000), (0.000000, -0.968339, -0.249640, 0.000000), (-0.000000, 0.164915, 0.883387, 1.000000))
WARNING: BIND POSE LOCAL FOR DEF-spine:
mat4x4((1.000000, 0.000000, 0.000000, 0.000000), (-0.000000, -0.249639, 0.968339, 0.000000), (0.000000, -0.968339, -0.249639, 0.000000), (0.000000, 0.164914, 0.883387, 1.000000))
WARNING: POSE AT t=0 FOR DEF-thigh.L:
mat4x4((-0.326711, 0.641914, -0.693691, 0.000000), (0.286866, -0.631992, -0.719927, 0.000000), (-0.900538, -0.434204, 0.022335, 0.000000), (-0.018545, 0.099911, -0.031250, 1.000000))
WARNING: BIND POSE LOCAL FOR DEF-thigh.L:
mat4x4((0.989208, 0.101287, 0.105869, 0.000000), (0.066376, -0.953965, 0.292480, 0.000000), (0.130620, -0.282296, -0.950393, 0.000000), (0.084253, 0.060884, 0.022303, 1.000000))
WARNING: POSE AT t=0 FOR DEF-upper_arm.L:
mat4x4((-0.840223, -0.390785, -0.375917, 0.000000), (0.159011, 0.485214, -0.859816, 0.000000), (0.518403, -0.782211, -0.345549, 0.000000), (0.004115, 0.189038, -0.016364, 1.000000))
WARNING: BIND POSE LOCAL FOR DEF-upper_arm.L:
mat4x4((-0.840223, -0.390785, -0.375916, 0.000000), (0.159011, 0.485214, -0.859816, 0.000000), (0.518403, -0.782212, -0.345548, 0.000000), (0.004115, 0.189038, -0.016364, 1.000000))
WARNING: [WARN] Bone 'DEF-pelvis.L' differs between bind pose and first frame.
WARNING: [WARN] Bone 'DEF-pelvis.R' differs between bind pose and first frame.
WARNING: [WARN] Bone 'DEF-thigh.L' differs between bind pose and first frame.
WARNING: [WARN] Bone 'DEF-thigh.R' differs between bind pose and first frame.
WARNING: [WARN] Bone 'DEF-shoulder.L' differs between bind pose and first frame.
WARNING: [WARN] Bone 'DEF-shoulder.R' differs between bind pose and first frame.
INFO: Loaded clip 'animations/Jab_Head.fbx' fps=60.000000
WARNING: POSE AT t=0 FOR DEF-spine:
mat4x4((1.000000, 0.000000, 0.000000, 0.000000), (0.000000, -0.249640, 0.968339, 0.000000), (0.000000, -0.968339, -0.249640, 0.000000), (-0.000000, 0.164915, 0.883387, 1.000000))
WARNING: BIND POSE LOCAL FOR DEF-spine:
mat4x4((1.000000, 0.000000, 0.000000, 0.000000), (-0.000000, -0.249639, 0.968339, 0.000000), (0.000000, -0.968339, -0.249639, 0.000000), (0.000000, 0.164914, 0.883387, 1.000000))
WARNING: POSE AT t=0 FOR DEF-thigh.L:
mat4x4((-0.326711, 0.641914, -0.693691, 0.000000), (0.286866, -0.631992, -0.719927, 0.000000), (-0.900538, -0.434204, 0.022335, 0.000000), (-0.018545, 0.099911, -0.031250, 1.000000))
WARNING: BIND POSE LOCAL FOR DEF-thigh.L:
mat4x4((0.989208, 0.101287, 0.105869, 0.000000), (0.066376, -0.953965, 0.292480, 0.000000), (0.130620, -0.282296, -0.950393, 0.000000), (0.084253, 0.060884, 0.022303, 1.000000))
WARNING: POSE AT t=0 FOR DEF-upper_arm.L:
mat4x4((-0.840223, -0.390785, -0.375917, 0.000000), (0.159011, 0.485214, -0.859816, 0.000000), (0.518403, -0.782211, -0.345549, 0.000000), (0.004115, 0.189038, -0.016364, 1.000000))
WARNING: BIND POSE LOCAL FOR DEF-upper_arm.L:
mat4x4((-0.840223, -0.390785, -0.375916, 0.000000), (0.159011, 0.485214, -0.859816, 0.000000), (0.518403, -0.782212, -0.345548, 0.000000), (0.004115, 0.189038, -0.016364, 1.000000))
WARNING: [WARN] Bone 'DEF-pelvis.L' differs between bind pose and first frame.
WARNING: [WARN] Bone 'DEF-pelvis.R' differs between bind pose and first frame.
WARNING: [WARN] Bone 'DEF-thigh.L' differs between bind pose and first frame.
WARNING: [WARN] Bone 'DEF-thigh.R' differs between bind pose and first frame.
WARNING: [WARN] Bone 'DEF-shoulder.L' differs between bind pose and first frame.
WARNING: [WARN] Bone 'DEF-shoulder.R' differs between bind pose and first frame.
WARNING: [WARN] DEF-pelvis.L differs from bind pose in first frame.
WARNING: [WARN] DEF-pelvis.R differs from bind pose in first frame.
WARNING: [WARN] DEF-thigh.L differs from bind pose in first frame.
WARNING: [WARN] DEF-thigh.R differs from bind pose in first frame.
WARNING: [WARN] DEF-shoulder.L differs from bind pose in first frame.
WARNING: [WARN] DEF-shoulder.R differs from bind pose in first frame.
INFO: INFO: Set current animation to Idle.
INFO: Bone [DEF-breast.L]
INFO: Bind (no scale):
mat4x4((-1.000000, -0.000000, -0.000000, 0.000000), (-0.000000, -0.000000, 1.000000, 0.000000), (-0.000000, 1.000000, 0.000000, -0.000000), (0.101791, 0.159154, -1.270002, 1.000000))
INFO: Pose (no scale):
mat4x4((1.000000, 0.000000, 0.000000, 0.000000), (0.000000, 1.000000, 0.000000, 0.000000), (0.000000, 0.000000, 1.000000, 0.000000), (0.000000, 0.000000, 0.000000, 1.000000))
INFO: Final:
mat4x4((-1.000000, -0.000000, -0.000000, 0.000000), (-0.000000, -0.000000, 1.000000, 0.000000), (-0.000000, 1.000000, 0.000000, 0.000000), (0.101791, 0.159154, -1.270002, 1.000000))
INFO: DEBUG: After Storing Bone DEF-breast.L
INFO: Bone [DEF-breast.R]
INFO: Bind (no scale):
mat4x4((-1.000000, -0.000000, -0.000000, 0.000000), (-0.000000, -0.000000, 1.000000, 0.000000), (-0.000000, 1.000000, 0.000000, -0.000000), (-0.101791, 0.159154, -1.270002, 1.000000))
INFO: Pose (no scale):
mat4x4((1.000000, 0.000000, 0.000000, 0.000000), (0.000000, 1.000000, 0.000000, 0.000000), (0.000000, 0.000000, 1.000000, 0.000000), (0.000000, 0.000000, 0.000000, 1.000000))
INFO: Final:
mat4x4((-1.000000, -0.000000, -0.000000, 0.000000), (-0.000000, -0.000000, 1.000000, 0.000000), (-0.000000, 1.000000, 0.000000, 0.000000), (-0.101791, 0.159154, -1.270002, 1.000000))
INFO: DEBUG: After Storing Bone DEF-breast.R
INFO: Bone [DEF-foot.L]
INFO: Bind (no scale):
mat4x4((1.000000, -0.000000, 0.000243, -0.000000), (0.000206, -0.529999, -0.847999, 0.000000), (0.000129, 0.847999, -0.529999, -0.000000), (-0.146219, 0.157585, 0.004202, 1.000000))
INFO: Pose (no scale):
mat4x4((-0.609246, -0.736924, 0.292865, 0.000000), (-0.735897, 0.387815, -0.555030, 0.000000), (0.295437, -0.553666, -0.778575, 0.000000), (-0.172159, -0.171944, -0.823875, 1.000000))
INFO: Final:
mat4x4((-0.609174, -0.737058, 0.292676, 0.000000), (0.139369, 0.263815, 0.954456, 0.000000), (-0.780699, 0.622213, -0.057984, 0.000000), (-0.197800, -0.005405, -0.957434, 1.000000))
INFO: DEBUG: After Storing Bone DEF-foot.L
INFO: Bone [DEF-foot.R]
INFO: Bind (no scale):
mat4x4((1.000000, 0.000000, -0.000243, -0.000000), (-0.000206, -0.529998, -0.847998, 0.000000), (-0.000129, 0.847999, -0.529998, -0.000000), (0.146219, 0.157584, 0.004202, 1.000000))
INFO: Pose (no scale):
mat4x4((-0.609246, 0.736924, -0.292863, 0.000000), (0.735895, 0.387816, -0.555031, 0.000000), (-0.295438, -0.553665, -0.778575, 0.000000), (0.172157, -0.171944, -0.823876, 1.000000))
INFO: Final:
mat4x4((-0.609174, 0.737058, -0.292674, 0.000000), (-0.139367, 0.263813, 0.954456, 0.000000), (0.780698, 0.622214, -0.057984, 0.000000), (0.197798, -0.005404, -0.957434, 1.000000))
INFO: DEBUG: After Storing Bone DEF-foot.R
INFO: Bone [DEF-forearm.L]
INFO: Bind (no scale):
mat4x4((-0.725730, 0.373039, -0.578064, -0.000000), (-0.378511, -0.918135, -0.117294, 0.000000), (-0.574496, 0.133680, 0.807517, -0.000000), (0.576958, 0.967126, 0.449913, 1.000000))
INFO: Pose (no scale):
mat4x4((-0.840180, -0.390861, -0.375934, 0.000000), (0.288044, 0.265711, -0.920015, 0.000000), (0.459488, -0.881263, -0.110660, 0.000000), (0.045141, 0.314272, -0.238259, 1.000000))
INFO: Final:
mat4x4((0.451581, 0.892207, -0.006406, 0.000000), (-0.000341, 0.007353, 0.999973, 0.000000), (0.892230, -0.451567, 0.003625, 0.000000), (0.045696, -0.050755, -1.394715, 1.000000))
INFO: DEBUG: After Storing Bone DEF-forearm.L
INFO: Bone [DEF-forearm.L.001]
INFO: Bind (no scale):
mat4x4((-0.725729, 0.373039, -0.578065, -0.000000), (-0.378511, -0.918135, -0.117294, 0.000000), (-0.574497, 0.133680, 0.807517, -0.000000), (0.576959, 0.853574, 0.449914, 1.000000))
INFO: Pose (no scale):
mat4x4((-0.840199, -0.390824, -0.375929, 0.000000), (0.288044, 0.265711, -0.920016, 0.000000), (0.459453, -0.881280, -0.110676, 0.000000), (0.077849, 0.344444, -0.342728, 1.000000))
INFO: Final:
mat4x4((0.451615, 0.892190, -0.006401, 0.000000), (-0.000329, 0.007341, 0.999973, 0.000000), (0.892213, -0.451601, 0.003609, 0.000000), (0.045669, -0.050742, -1.394720, 1.000000))
INFO: DEBUG: After Storing Bone DEF-forearm.L.001
INFO: Bone [DEF-forearm.R]
INFO: Bind (no scale):
mat4x4((-0.725730, -0.373039, 0.578064, -0.000000), (0.378511, -0.918135, -0.117294, 0.000000), (0.574496, 0.133680, 0.807517, -0.000000), (-0.576958, 0.967126, 0.449913, 1.000000))
INFO: Pose (no scale):
mat4x4((-0.840069, 0.391053, 0.375983, 0.000000), (-0.288083, 0.265689, -0.920010, 0.000000), (-0.459667, -0.881185, -0.110542, 0.000000), (-0.045128, 0.314275, -0.238260, 1.000000))
INFO: Final:
mat4x4((0.451412, -0.892293, 0.006437, 0.000000), (0.000440, 0.007437, 0.999973, 0.000000), (-0.892316, -0.451397, 0.003750, 0.000000), (-0.045867, -0.050848, -1.394686, 1.000000))
INFO: DEBUG: After Storing Bone DEF-forearm.R
INFO: Bone [DEF-forearm.R.001]
INFO: Bind (no scale):
mat4x4((-0.725729, -0.373039, 0.578065, -0.000000), (0.378511, -0.918135, -0.117294, 0.000000), (0.574497, 0.133680, 0.807517, -0.000000), (-0.576959, 0.853574, 0.449914, 1.000000))
INFO: Pose (no scale):
mat4x4((-0.840138, 0.390920, 0.375967, 0.000000), (-0.288083, 0.265689, -0.920010, 0.000000), (-0.459540, -0.881244, -0.110599, 0.000000), (-0.077841, 0.344445, -0.342728, 1.000000))
INFO: Final:
mat4x4((0.451535, -0.892231, 0.006416, 0.000000), (0.000399, 0.007394, 0.999973, 0.000000), (-0.892254, -0.451520, 0.003694, 0.000000), (-0.045769, -0.050799, -1.394702, 1.000000))
INFO: DEBUG: After Storing Bone DEF-forearm.R.001
INFO: Bone [DEF-hand.L]
INFO: Bind (no scale):
mat4x4((-0.750333, 0.292145, -0.593002, -0.000000), (-0.306702, -0.948504, -0.079209, 0.000000), (-0.585605, 0.122442, 0.801296, -0.000000), (0.517153, 0.800001, 0.418913, 1.000000))
INFO: Pose (no scale):
mat4x4((-0.861266, -0.407201, -0.303988, 0.000000), (0.241446, 0.198453, -0.949906, 0.000000), (0.447130, -0.891518, -0.072603, 0.000000), (0.110556, 0.374616, -0.447197, 1.000000))
INFO: Final:
mat4x4((0.451625, 0.892185, -0.006364, 0.000000), (-0.000277, 0.007273, 0.999973, 0.000000), (0.892208, -0.451611, 0.003532, 0.000000), (0.045615, -0.050675, -1.394745, 1.000000))
INFO: DEBUG: After Storing Bone DEF-hand.L
INFO: Bone [DEF-hand.R]
INFO: Bind (no scale):
mat4x4((-0.750333, -0.292145, 0.593002, -0.000000), (0.306702, -0.948504, -0.079210, 0.000000), (0.585605, 0.122442, 0.801296, -0.000000), (-0.517154, 0.800001, 0.418913, 1.000000))
INFO: Pose (no scale):
mat4x4((-0.861266, 0.407208, 0.303980, 0.000000), (-0.241438, 0.198451, -0.949908, 0.000000), (-0.447135, -0.891515, -0.072605, 0.000000), (-0.110552, 0.374615, -0.447197, 1.000000))
INFO: Final:
mat4x4((0.451620, -0.892189, 0.006370, 0.000000), (0.000270, 0.007277, 0.999974, 0.000000), (-0.892212, -0.451605, 0.003527, 0.000000), (-0.045606, -0.050680, -1.394743, 1.000000))
INFO: DEBUG: After Storing Bone DEF-hand.R
INFO: Bone [DEF-pelvis.L]
INFO: Bind (no scale):
mat4x4((-0.421772, 0.536322, -0.731072, 0.000000), (-0.276838, 0.691624, 0.667096, 0.000000), (0.863405, 0.483751, -0.143234, -0.000000), (0.386943, -0.531194, -0.612925, 1.000000))
INFO: Pose (no scale):
mat4x4((1.000000, 0.000000, 0.000000, 0.000000), (-0.000000, 1.000000, 0.000000, 0.000000), (-0.000000, -0.000000, 1.000000, 0.000000), (-0.000000, 0.000000, -0.000000, 1.000000))
INFO: Final:
mat4x4((-0.421772, 0.536322, -0.731072, 0.000000), (-0.276838, 0.691624, 0.667096, 0.000000), (0.863405, 0.483751, -0.143234, 0.000000), (0.386943, -0.531194, -0.612925, 1.000000))
INFO: DEBUG: After Storing Bone DEF-pelvis.L
INFO: Bone [DEF-pelvis.R]
INFO: Bind (no scale):
mat4x4((-0.421772, -0.536322, 0.731072, -0.000000), (0.276838, 0.691624, 0.667096, -0.000000), (-0.863405, 0.483751, -0.143234, -0.000000), (-0.386943, -0.531194, -0.612925, 1.000000))
INFO: Pose (no scale):
mat4x4((1.000000, 0.000000, 0.000000, 0.000000), (-0.000000, 1.000000, 0.000000, 0.000000), (-0.000000, -0.000000, 1.000000, 0.000000), (0.000000, 0.000000, 0.000000, 1.000000))
INFO: Final:
mat4x4((-0.421772, -0.536322, 0.731072, 0.000000), (0.276837, 0.691624, 0.667096, 0.000000), (-0.863405, 0.483751, -0.143234, 0.000000), (-0.386943, -0.531194, -0.612925, 1.000000))
INFO: DEBUG: After Storing Bone DEF-pelvis.R
INFO: Bone [DEF-shin.L]
INFO: Bind (no scale):
mat4x4((0.989208, 0.079812, 0.122871, -0.000000), (0.071651, -0.995008, 0.069469, 0.000000), (0.127802, -0.059915, -0.989989, -0.000000), (-0.134090, 0.464504, -0.154088, 1.000000))
INFO: Pose (no scale):
mat4x4((-0.692388, -0.630681, 0.350497, 0.000000), (-0.140380, -0.358741, -0.922824, 0.000000), (0.707743, -0.688151, 0.159848, 0.000000), (-0.116375, -0.029394, -0.457179, 1.000000))
INFO: Final:
mat4x4((-0.609159, -0.737060, 0.292703, 0.000000), (0.139235, 0.263956, 0.954435, 0.000000), (-0.780735, 0.622154, -0.058162, 0.000000), (-0.197794, -0.005427, -0.957463, 1.000000))
INFO: DEBUG: After Storing Bone DEF-shin.L
INFO: Bone [DEF-shin.L.001]
INFO: Bind (no scale):
mat4x4((0.989208, 0.079812, 0.122871, -0.000000), (0.071651, -0.995008, 0.069469, 0.000000), (0.127802, -0.059915, -0.989989, -0.000000), (-0.134090, 0.265820, -0.154088, 1.000000))
INFO: Pose (no scale):
mat4x4((-0.692386, -0.630682, 0.350498, 0.000000), (-0.140380, -0.358741, -0.922824, 0.000000), (0.707744, -0.688150, 0.159847, 0.000000), (-0.144266, -0.100671, -0.640529, 1.000000))
INFO: Final:
mat4x4((-0.609157, -0.737062, 0.292703, 0.000000), (0.139235, 0.263956, 0.954435, 0.000000), (-0.780736, 0.622152, -0.058161, 0.000000), (-0.197795, -0.005427, -0.957463, 1.000000))
INFO: DEBUG: After Storing Bone DEF-shin.L.001
INFO: Bone [DEF-shin.R]
INFO: Bind (no scale):
mat4x4((0.989208, -0.079812, -0.122871, -0.000000), (-0.071651, -0.995008, 0.069469, 0.000000), (-0.127802, -0.059915, -0.989989, -0.000000), (0.134090, 0.464504, -0.154088, 1.000000))
INFO: Pose (no scale):
mat4x4((-0.692379, 0.630690, -0.350497, 0.000000), (0.140378, -0.358740, -0.922825, 0.000000), (-0.707751, -0.688143, 0.159844, 0.000000), (0.116374, -0.029394, -0.457179, 1.000000))
INFO: Final:
mat4x4((-0.609149, 0.737068, -0.292702, 0.000000), (-0.139234, 0.263955, 0.954436, 0.000000), (0.780742, 0.622145, -0.058158, -0.000000), (0.197795, -0.005426, -0.957463, 1.000000))
INFO: DEBUG: After Storing Bone DEF-shin.R
INFO: Bone [DEF-shin.R.001]
INFO: Bind (no scale):
mat4x4((0.989208, -0.079812, -0.122871, -0.000000), (-0.071651, -0.995008, 0.069469, 0.000000), (-0.127802, -0.059915, -0.989988, -0.000000), (0.134090, 0.265820, -0.154088, 1.000000))
INFO: Pose (no scale):
mat4x4((-0.692382, 0.630688, -0.350496, 0.000000), (0.140378, -0.358740, -0.922825, 0.000000), (-0.707749, -0.688146, 0.159846, 0.000000), (0.144265, -0.100670, -0.640529, 1.000000))
INFO: Final:
mat4x4((-0.609152, 0.737066, -0.292701, 0.000000), (-0.139234, 0.263955, 0.954436, 0.000000), (0.780740, 0.622148, -0.058160, -0.000000), (0.197794, -0.005427, -0.957463, 1.000000))
INFO: DEBUG: After Storing Bone DEF-shin.R.001
INFO: Bone [DEF-shoulder.L]
INFO: Bind (no scale):
mat4x4((0.451632, 0.892182, -0.006365, -0.000000), (-0.000286, 0.007279, 0.999974, 0.000000), (0.892205, -0.451618, 0.003542, -0.000000), (0.045624, -0.050680, -1.394747, 1.000000))
INFO: Pose (no scale):
mat4x4((1.000000, -0.000000, -0.000000, 0.000000), (0.000000, 1.000000, -0.000000, 0.000000), (0.000000, 0.000000, 1.000000, 0.000000), (-0.000000, 0.000000, -0.000000, 1.000000))
INFO: Final:
mat4x4((0.451632, 0.892182, -0.006365, 0.000000), (-0.000286, 0.007279, 0.999974, 0.000000), (0.892205, -0.451618, 0.003542, 0.000000), (0.045624, -0.050680, -1.394747, 1.000000))
INFO: DEBUG: After Storing Bone DEF-shoulder.L
INFO: Bone [DEF-shoulder.R]
INFO: Bind (no scale):
mat4x4((0.451632, -0.892182, 0.006365, -0.000000), (0.000286, 0.007279, 0.999974, -0.000000), (-0.892205, -0.451618, 0.003542, -0.000000), (-0.045624, -0.050680, -1.394747, 1.000000))
INFO: Pose (no scale):
mat4x4((1.000000, 0.000000, 0.000000, 0.000000), (-0.000000, 1.000000, -0.000000, 0.000000), (-0.000000, 0.000000, 1.000000, 0.000000), (0.000000, 0.000000, -0.000000, 1.000000))
INFO: Final:
mat4x4((0.451632, -0.892182, 0.006365, 0.000000), (0.000286, 0.007279, 0.999974, 0.000000), (-0.892205, -0.451618, 0.003542, 0.000000), (-0.045624, -0.050680, -1.394747, 1.000000))
INFO: DEBUG: After Storing Bone DEF-shoulder.R
INFO: Bone [DEF-spine]
INFO: Bind (no scale):
mat4x4((1.000000, 0.000000, 0.000000, -0.000000), (0.000000, 0.968339, -0.249639, 0.000000), (-0.000000, 0.249639, 0.968339, -0.000000), (-0.000000, -0.814249, 0.380221, 1.000000))
INFO: Pose (no scale):
mat4x4((1.000000, 0.000000, 0.000000, 0.000000), (0.000000, -0.249639, 0.968339, 0.000000), (0.000000, -0.968339, -0.249639, 0.000000), (0.000000, 0.164914, 0.883386, 1.000000))
INFO: Final:
mat4x4((1.000000, 0.000000, -0.000000, 0.000000), (0.000000, -0.000000, 1.000000, 0.000000), (0.000000, -1.000000, -0.000000, 0.000000), (-0.000000, -0.000000, -0.000001, 1.000000))
INFO: DEBUG: After Storing Bone DEF-spine
INFO: Bone [DEF-spine.001]
INFO: Bind (no scale):
mat4x4((1.000000, 0.000000, 0.000000, -0.000000), (0.000000, 0.992412, -0.122954, 0.000000), (-0.000000, 0.122954, 0.992412, -0.000000), (-0.000000, -0.986185, 0.255439, 1.000000))
INFO: Pose (no scale):
mat4x4((1.000000, 0.000000, 0.000000, 0.000000), (-0.000000, -0.122954, 0.992412, 0.000000), (0.000000, -0.992412, -0.122954, 0.000000), (0.000000, 0.132245, 1.010109, 1.000000))
INFO: Final:
mat4x4((1.000000, 0.000000, 0.000000, 0.000000), (-0.000000, 0.000000, 1.000000, 0.000000), (0.000000, -1.000000, 0.000000, 0.000000), (0.000000, -0.000000, -0.000001, 1.000000))
INFO: DEBUG: After Storing Bone DEF-spine.001
INFO: Bone [DEF-spine.002]
INFO: Bind (no scale):
mat4x4((1.000000, 0.000000, 0.000000, -0.000000), (-0.000000, 0.999494, 0.031812, 0.000000), (-0.000000, -0.031812, 0.999494, -0.000000), (-0.000000, -1.129865, 0.081900, 1.000000))
INFO: Pose (no scale):
mat4x4((1.000000, 0.000000, -0.000000, 0.000000), (-0.000000, 0.031814, 0.999494, 0.000000), (0.000000, -0.999494, 0.031814, 0.000000), (-0.000000, 0.117802, 1.126686, 1.000000))
INFO: Final:
mat4x4((1.000000, 0.000000, 0.000000, 0.000000), (-0.000000, 0.000001, 1.000000, 0.000000), (0.000000, -1.000000, 0.000001, 0.000000), (0.000000, -0.000001, -0.000000, 1.000000))
INFO: DEBUG: After Storing Bone DEF-spine.002
INFO: Bone [DEF-spine.003]
INFO: Bind (no scale):
mat4x4((1.000000, 0.000000, 0.000000, -0.000000), (-0.000000, 0.999592, 0.028560, 0.000000), (-0.000000, -0.028560, 0.999592, -0.000000), (0.000000, -1.278226, 0.086060, 1.000000))
INFO: Pose (no scale):
mat4x4((1.000000, 0.000000, 0.000000, 0.000000), (-0.000000, 0.028561, 0.999592, 0.000000), (0.000000, -0.999592, 0.028561, 0.000000), (-0.000000, 0.122530, 1.275246, 1.000000))
INFO: Final:
mat4x4((1.000000, 0.000000, 0.000000, 0.000000), (-0.000000, 0.000001, 1.000000, 0.000000), (0.000000, -1.000000, 0.000001, 0.000000), (0.000000, -0.000002, -0.000000, 1.000000))
INFO: DEBUG: After Storing Bone DEF-spine.003
INFO: Bone [DEF-spine.004]
INFO: Bind (no scale):
mat4x4((1.000000, 0.000000, -0.000000, -0.000000), (-0.000000, 0.929515, -0.368784, 0.000000), (0.000000, 0.368784, 0.929515, -0.000000), (0.000000, -1.292261, 0.649611, 1.000000))
INFO: Pose (no scale):
mat4x4((1.000000, 0.000000, 0.000000, 0.000000), (0.000000, -0.368784, 0.929515, 0.000000), (0.000000, -0.929515, -0.368784, 0.000000), (-0.000000, 0.127259, 1.440742, 1.000000))
INFO: Final:
