INFO: Bone [DEF-forearm.L] FINAL TRANSFORM:
INFO: mat4x4((-0.215358, 0.979146, -0.022636, 0.000000), (-0.240940, -0.031438, -0.959376, 0.000000), (-0.943215, -0.287944, 0.205849, 0.000000), (0.735130, 0.063225, 1.402274, 1.000000))
INFO: Bone: DEF-forearm.L Scale: vec3(1.002805, 0.988746, 1.003083) Translation: vec3(0.735130, 0.063225, 1.402274) Skew: vec3(0.042729, -0.082981, 0.043188)
INFO: Decomposed transform for DEF-forearm.L: Translation(0.73513, 0.0632252, 1.40227), Scale(1.00281, 0.988746, 1.00308)
INFO: Bone [DEF-forearm.L.001] FINAL TRANSFORM:
INFO: mat4x4((-0.204493, 0.981677, -0.009404, 0.000000), (0.360743, 0.156828, -0.930849, 0.000000), (-0.895892, -0.235764, -0.339097, 0.000000), (-0.159266, -0.223373, 1.311634, 1.000000))
INFO: Bone: DEF-forearm.L.001 Scale: vec3(1.002794, 1.006650, 0.984660) Translation: vec3(-0.159266, -0.223373, 1.311634) Skew: vec3(-0.040887, -0.045625, 0.088105)
INFO: Decomposed transform for DEF-forearm.L.001: Translation(-0.159266, -0.223373, 1.31163), Scale(1.00279, 1.00665, 0.98466)
INFO: Bone [DEF-hand.L] FINAL TRANSFORM:
INFO: mat4x4((0.316662, 0.938464, -0.140713, 0.000000), (0.698291, -0.144292, -0.716292, 0.000000), (-0.699960, 0.060263, -0.695795, 0.000000), (-0.989180, 0.264252, 1.054403, 1.000000))
INFO: Bone: DEF-hand.L Scale: vec3(1.000395, 0.993353, 0.986414) Translation: vec3(-0.989180, 0.264252, 1.054403) Skew: vec3(0.013719, -0.068087, 0.187675)
INFO: Decomposed transform for DEF-hand.L: Translation(-0.98918, 0.264252, 1.0544), Scale(1.00039, 0.993353, 0.986414)
INFO: Bone [DEF-shoulder.R] FINAL TRANSFORM:
INFO: mat4x4((0.810506, -0.052435, -0.596906, 0.000000), (-0.043816, 1.008456, -0.104701, 0.000000), (0.578247, -0.021221, 0.786987, 0.000000), (0.089000, -0.925925, 0.199803, 1.000000))
INFO: Bone: DEF-shoulder.R Scale: vec3(1.007952, 1.014498, 0.968486) Translation: vec3(0.089000, -0.925925, 0.199803) Skew: vec3(-0.131431, 0.000029, -0.025323)
INFO: Decomposed transform for DEF-shoulder.R: Translation(0.0889997, -0.925925, 0.199803), Scale(1.00795, 1.0145, 0.968486)
INFO: Bone [DEF-upper_arm.R] FINAL TRANSFORM:
INFO: mat4x4((0.332241, 0.660789, -0.677888, 0.000000), (-0.227698, 0.538880, 0.803863, 0.000000), (0.917545, -0.155460, 0.372764, 0.000000), (0.274221, -0.124060, -1.272045, 1.000000))
INFO: Bone: DEF-upper_arm.R Scale: vec3(1.003274, 0.958609, 1.001212) Translation: vec3(0.274221, -0.124060, -1.272045) Skew: vec3(-0.006601, -0.050347, -0.275013)
INFO: Decomposed transform for DEF-upper_arm.R: Translation(0.274221, -0.12406, -1.27204), Scale(1.00327, 0.958609, 1.00121)
INFO: Bone [DEF-upper_arm.R.001] FINAL TRANSFORM:
INFO: mat4x4((0.335376, 0.675599, -0.647933, 0.000000), (0.649575, 0.137124, 0.759554, 0.000000), (0.660696, -0.529645, -0.525885, 0.000000), (-1.045364, 0.460418, -1.272213, 1.000000))
INFO: Bone: DEF-upper_arm.R.001 Scale: vec3(0.994348, 0.992120, 0.975334) Translation: vec3(-1.045364, 0.460418, -1.272213) Skew: vec3(-0.005502, 0.210856, -0.184131)
INFO: Decomposed transform for DEF-upper_arm.R.001: Translation(-1.04536, 0.460418, -1.27221), Scale(0.994348, 0.99212, 0.975334)
INFO: Bone [DEF-forearm.R] FINAL TRANSFORM:
INFO: mat4x4((-0.421754, -0.894999, -0.122385, 0.000000), (-0.333466, 0.111011, -0.926063, 0.000000), (0.861239, -0.350917, -0.400164, 0.000000), (0.107069, -0.165478, 1.467842, 1.000000))
INFO: Bone: DEF-forearm.R Scale: vec3(0.996934, 0.978295, 1.011406) Translation: vec3(0.107069, -0.165478, 1.467842) Skew: vec3(0.044930, -0.000185, 0.158538)
INFO: Decomposed transform for DEF-forearm.R: Translation(0.107069, -0.165478, 1.46784), Scale(0.996934, 0.978295, 1.01141)
INFO: Bone [DEF-forearm.R.001] FINAL TRANSFORM:
INFO: mat4x4((-0.421754, -0.894999, -0.122385, 0.000000), (-0.333466, 0.111011, -0.926063, 0.000000), (0.861239, -0.350917, -0.400164, 0.000000), (0.116621, -0.146633, 1.470643, 1.000000))
INFO: Bone: DEF-forearm.R.001 Scale: vec3(0.996934, 0.978295, 1.011406) Translation: vec3(0.116621, -0.146633, 1.470643) Skew: vec3(0.044930, -0.000185, 0.158538)
INFO: Decomposed transform for DEF-forearm.R.001: Translation(0.116621, -0.146633, 1.47064), Scale(0.996934, 0.978295, 1.01141)
INFO: Bone [DEF-hand.R] FINAL TRANSFORM:
INFO: mat4x4((-0.485186, -0.633850, 0.624669, 0.000000), (-0.849016, 0.235799, -0.320735, 0.000000), (-0.196074, -0.742252, -0.709884, 0.000000), (0.771803, -0.165474, 1.055832, 1.000000))
INFO: Bone: DEF-hand.R Scale: vec3(1.013599, 0.935705, 1.013697) Translation: vec3(0.771803, -0.165474, 1.055832) Skew: vec3(0.223238, 0.118899, 0.065493)
INFO: Decomposed transform for DEF-hand.R: Translation(0.771803, -0.165474, 1.05583), Scale(1.0136, 0.935705, 1.0137)
INFO: Bone [DEF-breast.L] FINAL TRANSFORM:
INFO: mat4x4((0.805257, -0.035581, -0.591857, 0.000000), (-0.046356, 0.988721, -0.142413, 0.000000), (0.593107, -0.050459, 0.803541, 0.000000), (0.097267, -0.878951, 0.241661, 1.000000))
INFO: Bone: DEF-breast.L Scale: vec3(1.000000, 0.999931, 0.981412) Translation: vec3(0.097267, -0.878951, 0.241661) Skew: vec3(-0.195512, 0.003890, 0.011781)
INFO: Decomposed transform for DEF-breast.L: Translation(0.0972667, -0.878951, 0.241661), Scale(1, 0.999931, 0.981412)
INFO: Bone [DEF-breast.R] FINAL TRANSFORM:
INFO: mat4x4((0.805257, -0.035581, -0.591857, 0.000000), (-0.046356, 0.988721, -0.142413, 0.000000), (0.593107, -0.050460, 0.803541, 0.000000), (0.080671, -0.878218, 0.253859, 1.000000))
INFO: Bone: DEF-breast.R Scale: vec3(1.000000, 0.999931, 0.981412) Translation: vec3(0.080671, -0.878218, 0.253859) Skew: vec3(-0.195512, 0.003890, 0.011781)
INFO: Decomposed transform for DEF-breast.R: Translation(0.0806711, -0.878218, 0.253859), Scale(1, 0.999931, 0.981412)
INFO: Bone [DEF-pelvis.L] FINAL TRANSFORM:
INFO: mat4x4((0.999920, -0.005672, 0.011344, 0.000000), (0.007529, 0.985245, -0.170986, 0.000000), (-0.010206, 0.171058, 0.985208, 0.000000), (-0.010782, -0.888172, 0.250188, 1.000000))
INFO: Bone: DEF-pelvis.L Scale: vec3(1.000000, 1.000000, 1.000000) Translation: vec3(-0.010782, -0.888172, 0.250188) Skew: vec3(0.000000, 0.000000, 0.000000)
INFO: Decomposed transform for DEF-pelvis.L: Translation(-0.0107822, -0.888172, 0.250188), Scale(1, 1, 1)
INFO: Bone [DEF-thigh.L] FINAL TRANSFORM:
INFO: mat4x4((0.999920, -0.005672, 0.011344, 0.000000), (0.007529, 0.985245, -0.170986, 0.000000), (-0.010206, 0.171059, 0.985209, 0.000000), (-0.010782, -0.888172, 0.250188, 1.000000))
INFO: Bone: DEF-thigh.L Scale: vec3(1.000000, 1.000000, 1.000001) Translation: vec3(-0.010782, -0.888172, 0.250188) Skew: vec3(0.000001, 0.000000, 0.000000)
INFO: Decomposed transform for DEF-thigh.L: Translation(-0.0107822, -0.888172, 0.250188), Scale(1, 1, 1)
INFO: Bone [DEF-thigh.L.001] FINAL TRANSFORM:
INFO: mat4x4((0.999920, -0.005671, 0.011348, 0.000000), (0.007528, 0.985245, -0.170986, 0.000000), (-0.010211, 0.171059, 0.985209, 0.000000), (-0.010782, -0.888172, 0.250188, 1.000000))
INFO: Bone: DEF-thigh.L.001 Scale: vec3(1.000000, 1.000001, 1.000001) Translation: vec3(-0.010782, -0.888172, 0.250188) Skew: vec3(0.000001, 0.000000, 0.000000)
INFO: Decomposed transform for DEF-thigh.L.001: Translation(-0.0107822, -0.888172, 0.250188), Scale(1, 1, 1)
INFO: Bone [DEF-shin.L] FINAL TRANSFORM:
INFO: mat4x4((0.999920, -0.005671, 0.011348, 0.000000), (0.007528, 0.985245, -0.170986, 0.000000), (-0.010211, 0.171059, 0.985209, 0.000000), (-0.010782, -0.888172, 0.250188, 1.000000))
INFO: Bone: DEF-shin.L Scale: vec3(1.000000, 1.000001, 1.000001) Translation: vec3(-0.010782, -0.888172, 0.250188) Skew: vec3(0.000001, 0.000000, 0.000000)
INFO: Decomposed transform for DEF-shin.L: Translation(-0.0107822, -0.888172, 0.250188), Scale(1, 1, 1)
INFO: Bone [DEF-shin.L.001] FINAL TRANSFORM:
INFO: mat4x4((0.999920, -0.005671, 0.011347, 0.000000), (0.007528, 0.985245, -0.170986, 0.000000), (-0.010210, 0.171059, 0.985209, 0.000000), (-0.010782, -0.888172, 0.250188, 1.000000))
INFO: Bone: DEF-shin.L.001 Scale: vec3(1.000000, 1.000001, 1.000001) Translation: vec3(-0.010782, -0.888172, 0.250188) Skew: vec3(0.000001, 0.000000, 0.000000)
INFO: Decomposed transform for DEF-shin.L.001: Translation(-0.0107821, -0.888172, 0.250188), Scale(1, 1, 1)
INFO: Bone [DEF-foot.L] FINAL TRANSFORM:
INFO: mat4x4((0.999920, -0.005671, 0.011347, 0.000000), (0.007528, 0.985245, -0.170986, 0.000000), (-0.010210, 0.171059, 0.985209, 0.000000), (-0.010782, -0.888172, 0.250188, 1.000000))
INFO: Bone: DEF-foot.L Scale: vec3(1.000000, 1.000001, 1.000001) Translation: vec3(-0.010782, -0.888172, 0.250188) Skew: vec3(0.000001, 0.000000, 0.000000)
INFO: Decomposed transform for DEF-foot.L: Translation(-0.0107821, -0.888172, 0.250188), Scale(1, 1, 1)
INFO: Bone [DEF-toe.L] FINAL TRANSFORM:
INFO: mat4x4((0.999920, -0.005671, 0.011347, 0.000000), (0.007528, 0.985245, -0.170986, 0.000000), (-0.010210, 0.171059, 0.985209, 0.000000), (-0.010782, -0.888172, 0.250188, 1.000000))
INFO: Bone: DEF-toe.L Scale: vec3(1.000000, 1.000001, 1.000001) Translation: vec3(-0.010782, -0.888172, 0.250188) Skew: vec3(0.000001, 0.000000, 0.000000)
INFO: Decomposed transform for DEF-toe.L: Translation(-0.0107821, -0.888172, 0.250188), Scale(1, 1, 1)
INFO: Bone [DEF-pelvis.R] FINAL TRANSFORM:
INFO: mat4x4((0.999920, -0.005672, 0.011344, 0.000000), (0.007529, 0.985245, -0.170987, 0.000000), (-0.010206, 0.171058, 0.985208, 0.000000), (-0.010782, -0.888171, 0.250188, 1.000000))
INFO: Bone: DEF-pelvis.R Scale: vec3(1.000000, 1.000000, 1.000000) Translation: vec3(-0.010782, -0.888171, 0.250188) Skew: vec3(0.000000, -0.000000, -0.000000)
INFO: Decomposed transform for DEF-pelvis.R: Translation(-0.0107821, -0.888171, 0.250188), Scale(1, 1, 1)
INFO: Bone [DEF-thigh.R] FINAL TRANSFORM:
INFO: mat4x4((0.999920, -0.005672, 0.011344, 0.000000), (0.007529, 0.985244, -0.170987, 0.000000), (-0.010206, 0.171058, 0.985208, 0.000000), (-0.010782, -0.888171, 0.250189, 1.000000))
INFO: Bone: DEF-thigh.R Scale: vec3(1.000000, 1.000000, 0.999999) Translation: vec3(-0.010782, -0.888171, 0.250189) Skew: vec3(-0.000000, 0.000001, 0.000000)
INFO: Decomposed transform for DEF-thigh.R: Translation(-0.0107821, -0.888171, 0.250189), Scale(1, 1, 0.999999)
INFO: Bone [DEF-thigh.R.001] FINAL TRANSFORM:
INFO: mat4x4((0.999920, -0.005673, 0.011340, 0.000000), (0.007529, 0.985245, -0.170987, 0.000000), (-0.010202, 0.171058, 0.985208, 0.000000), (-0.010782, -0.888171, 0.250188, 1.000000))
INFO: Bone: DEF-thigh.R.001 Scale: vec3(1.000000, 1.000000, 0.999999) Translation: vec3(-0.010782, -0.888171, 0.250188) Skew: vec3(-0.000000, 0.000001, 0.000000)
INFO: Decomposed transform for DEF-thigh.R.001: Translation(-0.0107821, -0.888171, 0.250188), Scale(1, 1, 0.999999)
INFO: Bone [DEF-shin.R] FINAL TRANSFORM:
INFO: mat4x4((0.999920, -0.005673, 0.011340, 0.000000), (0.007529, 0.985245, -0.170987, 0.000000), (-0.010202, 0.171058, 0.985208, 0.000000), (-0.010782, -0.888171, 0.250188, 1.000000))
INFO: Bone: DEF-shin.R Scale: vec3(1.000000, 1.000000, 1.000000) Translation: vec3(-0.010782, -0.888171, 0.250188) Skew: vec3(-0.000000, 0.000000, 0.000000)
INFO: Decomposed transform for DEF-shin.R: Translation(-0.0107821, -0.888171, 0.250188), Scale(1, 1, 1)
INFO: Bone [DEF-shin.R.001] FINAL TRANSFORM:
INFO: mat4x4((0.999920, -0.005673, 0.011340, 0.000000), (0.007529, 0.985245, -0.170987, 0.000000), (-0.010202, 0.171058, 0.985208, 0.000000), (-0.010782, -0.888171, 0.250188, 1.000000))
INFO: Bone: DEF-shin.R.001 Scale: vec3(1.000000, 1.000000, 1.000000) Translation: vec3(-0.010782, -0.888171, 0.250188) Skew: vec3(-0.000000, 0.000000, 0.000000)
INFO: Decomposed transform for DEF-shin.R.001: Translation(-0.0107821, -0.888171, 0.250188), Scale(1, 1, 1)
INFO: Bone [DEF-foot.R] FINAL TRANSFORM:
INFO: mat4x4((0.999920, -0.005673, 0.011339, 0.000000), (0.007529, 0.985244, -0.170987, 0.000000), (-0.010202, 0.171058, 0.985208, 0.000000), (-0.010782, -0.888171, 0.250188, 1.000000))
INFO: Bone: DEF-foot.R Scale: vec3(1.000000, 1.000000, 0.999999) Translation: vec3(-0.010782, -0.888171, 0.250188) Skew: vec3(-0.000000, 0.000000, 0.000000)
INFO: Decomposed transform for DEF-foot.R: Translation(-0.0107821, -0.888171, 0.250188), Scale(1, 1, 0.999999)
INFO: Bone [DEF-toe.R] FINAL TRANSFORM:
INFO: mat4x4((0.999920, -0.005673, 0.011339, 0.000000), (0.007529, 0.985244, -0.170987, 0.000000), (-0.010202, 0.171058, 0.985208, 0.000000), (-0.010782, -0.888171, 0.250188, 1.000000))
INFO: Bone: DEF-toe.R Scale: vec3(1.000000, 1.000000, 1.000000) Translation: vec3(-0.010782, -0.888171, 0.250188) Skew: vec3(-0.000000, 0.000000, -0.000000)
INFO: Decomposed transform for DEF-toe.R: Translation(-0.0107821, -0.888171, 0.250188), Scale(1, 1, 1)
INFO: DEBUG: Max Vertex Attributes: 32
INFO: Drawing mesh with VAO: 1
INFO: DEBUG: Depth testing and blending enabled.
WARNING: WARN  tick jump 48.415936 -> 49.994965  (Delta 1.579029)
INFO: INFO: Interpolating keyframes at animation time: 49.994965
INFO: INFO: Keyframe count: 60
INFO: Interpolating Keyframes
INFO: Bone Transform Interpolation at factor: 0.994965
INFO: INFO: Interpolated bone: DEF-chin with factor: 0.994965
INFO: Interpolating Keyframes
INFO: Bone Transform Interpolation at factor: 0.994965
INFO: INFO: Interpolated bone: DEF-chin.001 with factor: 0.994965
INFO: Interpolating Keyframes
INFO: Bone Transform Interpolation at factor: 0.994965
INFO: INFO: Interpolated bone: DEF-forearm.L with factor: 0.994965
WARNING: ANIM FINAL MATRIX: DEF-forearm.L @ time 49.994965
WARNING: mat4x4((-0.829337, 0.398426, 0.376874, 0.000000), (-0.538163, -0.762018, -0.378670, 0.000000), (0.136603, -0.517966, 0.848191, 0.000000), (-0.000000, 0.129911, -0.000000, 1.000000))
INFO: Interpolating Keyframes
INFO: Bone Transform Interpolation at factor: 0.994965
INFO: INFO: Interpolated bone: DEF-forearm.L.001 with factor: 0.994965
INFO: Interpolating Keyframes
INFO: Bone Transform Interpolation at factor: 0.994965
INFO: INFO: Interpolated bone: DEF-forearm.R with factor: 0.994965
INFO: Interpolating Keyframes
INFO: Bone Transform Interpolation at factor: 0.994965
INFO: INFO: Interpolated bone: DEF-hand.L with factor: 0.994965
INFO: Interpolating Keyframes
INFO: Bone Transform Interpolation at factor: 0.994965
INFO: INFO: Interpolated bone: DEF-hand.R with factor: 0.994965
INFO: Interpolating Keyframes
INFO: Bone Transform Interpolation at factor: 0.994965
INFO: INFO: Interpolated bone: DEF-lid.B.L.003 with factor: 0.994965
INFO: Interpolating Keyframes
INFO: Bone Transform Interpolation at factor: 0.994965
INFO: INFO: Interpolated bone: DEF-lid.B.R.003 with factor: 0.994965
INFO: Interpolating Keyframes
INFO: Bone Transform Interpolation at factor: 0.994965
INFO: INFO: Interpolated bone: DEF-lip.B.L.001 with factor: 0.994965
INFO: Interpolating Keyframes
INFO: Bone Transform Interpolation at factor: 0.994965
INFO: INFO: Interpolated bone: DEF-nose.001 with factor: 0.994965
INFO: Interpolating Keyframes
INFO: Bone Transform Interpolation at factor: 0.994965
INFO: INFO: Interpolated bone: DEF-nose.002 with factor: 0.994965
INFO: Interpolating Keyframes
INFO: Bone Transform Interpolation at factor: 0.994965
INFO: INFO: Interpolated bone: DEF-nose.003 with factor: 0.994965
INFO: Interpolating Keyframes
INFO: Bone Transform Interpolation at factor: 0.994965
INFO: INFO: Interpolated bone: DEF-nose.004 with factor: 0.994965
INFO: Interpolating Keyframes
INFO: Bone Transform Interpolation at factor: 0.994965
INFO: INFO: Interpolated bone: DEF-spine.002 with factor: 0.994965
INFO: Interpolating Keyframes
INFO: Bone Transform Interpolation at factor: 0.994965
INFO: INFO: Interpolated bone: DEF-spine.003 with factor: 0.994965
INFO: Interpolating Keyframes
INFO: Bone Transform Interpolation at factor: 0.994965
INFO: INFO: Interpolated bone: DEF-spine.004 with factor: 0.994965
INFO: Interpolating Keyframes
INFO: Bone Transform Interpolation at factor: 0.994965
INFO: INFO: Interpolated bone: DEF-spine.006 with factor: 0.994965
INFO: Interpolating Keyframes
INFO: Bone Transform Interpolation at factor: 0.994965
INFO: INFO: Interpolated bone: DEF-tongue with factor: 0.994965
INFO: Interpolating Keyframes
INFO: Bone Transform Interpolation at factor: 0.994965
INFO: INFO: Interpolated bone: DEF-tongue.001 with factor: 0.994965
INFO: Interpolating Keyframes
INFO: Bone Transform Interpolation at factor: 0.994965
INFO: INFO: Interpolated bone: DEF-tongue.002 with factor: 0.994965
INFO: Interpolating Keyframes
INFO: Bone Transform Interpolation at factor: 0.994965
INFO: INFO: Interpolated bone: DEF-upper_arm.L with factor: 0.994965
WARNING: ANIM FINAL MATRIX: DEF-upper_arm.L @ time 49.994965
WARNING: mat4x4((-1.092926, -0.043011, 0.515009, 0.000000), (-0.375744, 0.233142, -0.777913, 0.000000), (-0.075310, -0.907527, -0.235611, 0.000000), (-0.009337, 0.144933, -0.036640, 1.000000))
INFO: Interpolating Keyframes
INFO: Bone Transform Interpolation at factor: 0.994965
INFO: INFO: Interpolated bone: DEF-upper_arm.L.001 with factor: 0.994965
INFO: Interpolating Keyframes
INFO: Bone Transform Interpolation at factor: 0.994965
INFO: INFO: Interpolated bone: DEF-upper_arm.R with factor: 0.994965
INFO: Interpolating Keyframes
INFO: Bone Transform Interpolation at factor: 0.994965
INFO: INFO: Interpolated bone: DEF-upper_arm.R.001 with factor: 0.994965
INFO: DEBUG: After Storing Bone DEF-breast.L
INFO: DEBUG: After Storing Bone DEF-breast.R
INFO: DEBUG: After Storing Bone DEF-chin
INFO: DEBUG: After Storing Bone DEF-chin.001
INFO: DEBUG: After Storing Bone DEF-foot.L
INFO: DEBUG: After Storing Bone DEF-foot.R
INFO: DEBUG: After Storing Bone DEF-forearm.L
INFO: DEBUG: After Storing Bone DEF-forearm.L.001
INFO: DEBUG: After Storing Bone DEF-forearm.R
INFO: DEBUG: After Storing Bone DEF-forearm.R.001
INFO: DEBUG: After Storing Bone DEF-hand.L
INFO: DEBUG: After Storing Bone DEF-hand.R
INFO: DEBUG: After Storing Bone DEF-lid.B.L.003
INFO: DEBUG: After Storing Bone DEF-lid.B.R.003
INFO: DEBUG: After Storing Bone DEF-lip.B.L.001
INFO: DEBUG: After Storing Bone DEF-nose.001
INFO: DEBUG: After Storing Bone DEF-nose.002
INFO: DEBUG: After Storing Bone DEF-nose.003
INFO: DEBUG: After Storing Bone DEF-nose.004
INFO: DEBUG: After Storing Bone DEF-pelvis.L
INFO: DEBUG: After Storing Bone DEF-pelvis.R
INFO: DEBUG: After Storing Bone DEF-shin.L
INFO: DEBUG: After Storing Bone DEF-shin.L.001
INFO: DEBUG: After Storing Bone DEF-shin.R
INFO: DEBUG: After Storing Bone DEF-shin.R.001
INFO: DEBUG: After Storing Bone DEF-shoulder.L
INFO: DEBUG: After Storing Bone DEF-shoulder.R
INFO: DEBUG: After Storing Bone DEF-spine.001
INFO: DEBUG: After Storing Bone DEF-spine.002
INFO: DEBUG: After Storing Bone DEF-spine.003
INFO: DEBUG: After Storing Bone DEF-spine.004
INFO: DEBUG: After Storing Bone DEF-spine.005
INFO: DEBUG: After Storing Bone DEF-spine.006
INFO: DEBUG: After Storing Bone DEF-thigh.L
INFO: DEBUG: After Storing Bone DEF-thigh.L.001
INFO: DEBUG: After Storing Bone DEF-thigh.R
INFO: DEBUG: After Storing Bone DEF-thigh.R.001
INFO: DEBUG: After Storing Bone DEF-toe.L
INFO: DEBUG: After Storing Bone DEF-toe.R
INFO: DEBUG: After Storing Bone DEF-tongue
INFO: DEBUG: After Storing Bone DEF-tongue.001
INFO: DEBUG: After Storing Bone DEF-tongue.002
INFO: DEBUG: After Storing Bone DEF-upper_arm.L
INFO: DEBUG: After Storing Bone DEF-upper_arm.L.001
INFO: DEBUG: After Storing Bone DEF-upper_arm.R
INFO: DEBUG: After Storing Bone DEF-upper_arm.R.001
INFO: DEBUG: Max Vertex Attributes: 32
INFO: Bone [DEF-spine.001] FINAL TRANSFORM:
INFO: mat4x4((0.999919, -0.005672, 0.011344, 0.000000), (0.007529, 0.985245, -0.170987, 0.000000), (-0.010206, 0.171058, 0.985208, 0.000000), (-0.010782, -0.888171, 0.250188, 1.000000))
INFO: Bone: DEF-spine.001 Scale: vec3(1.000000, 1.000000, 1.000000) Translation: vec3(-0.010782, -0.888171, 0.250188) Skew: vec3(0.000000, -0.000000, -0.000000)
INFO: Decomposed transform for DEF-spine.001: Translation(-0.0107821, -0.888171, 0.250188), Scale(1, 1, 1)
INFO: Bone [DEF-spine.002] FINAL TRANSFORM:
INFO: mat4x4((0.989709, 0.063140, -0.128413, 0.000000), (-0.074915, 0.993208, -0.089032, 0.000000), (0.121919, 0.097736, 0.987716, 0.000000), (0.096890, -0.901487, 0.149598, 1.000000))
INFO: Bone: DEF-spine.002 Scale: vec3(1.000000, 1.000000, 1.000000) Translation: vec3(0.096890, -0.901487, 0.149598) Skew: vec3(-0.000000, -0.000000, 0.000000)
INFO: Decomposed transform for DEF-spine.002: Translation(0.0968902, -0.901487, 0.149598), Scale(1, 1, 1)
INFO: Bone [DEF-spine.003] FINAL TRANSFORM:
INFO: mat4x4((0.953874, 0.019577, -0.299568, 0.000000), (0.005451, 0.996577, 0.082487, 0.000000), (0.300157, -0.080316, 0.950502, 0.000000), (-0.005253, -0.915157, -0.089530, 1.000000))
INFO: Bone: DEF-spine.003 Scale: vec3(1.000000, 1.000000, 1.000000) Translation: vec3(-0.005253, -0.915157, -0.089530) Skew: vec3(-0.000000, -0.000000, -0.000000)
INFO: Decomposed transform for DEF-spine.003: Translation(-0.00525304, -0.915157, -0.0895299), Scale(1, 1, 1)
INFO: Bone [DEF-spine.004] FINAL TRANSFORM:
INFO: mat4x4((0.803961, -0.041133, -0.593257, 0.000000), (0.011462, 0.998491, -0.053696, 0.000000), (0.594571, 0.036370, 0.803220, 0.000000), (0.001978, -0.911562, 0.114308, 1.000000))
INFO: Bone: DEF-spine.004 Scale: vec3(0.999999, 1.000000, 1.000000) Translation: vec3(0.001978, -0.911562, 0.114308) Skew: vec3(-0.000000, -0.000000, -0.000000)
INFO: Decomposed transform for DEF-spine.004: Translation(0.00197801, -0.911562, 0.114308), Scale(0.999999, 1, 1)
INFO: Bone [DEF-spine.005] FINAL TRANSFORM:
INFO: mat4x4((0.805486, -0.034936, -0.591671, 0.000000), (0.015270, 1.001285, -0.062408, 0.000000), (0.595045, 0.032928, 0.798771, 0.000000), (-0.006253, -0.925626, 0.125572, 1.000000))
INFO: Bone: DEF-spine.005 Scale: vec3(1.000051, 1.003243, 0.996546) Translation: vec3(-0.006253, -0.925626, 0.125572) Skew: vec3(-0.007873, 0.005559, 0.014196)
INFO: Decomposed transform for DEF-spine.005: Translation(-0.0062526, -0.925626, 0.125572), Scale(1.00005, 1.00324, 0.996546)
INFO: Bone [DEF-spine.006] FINAL TRANSFORM:
INFO: mat4x4((0.883775, -0.159695, -0.439818, 0.000000), (0.030737, 0.924900, -0.378967, 0.000000), (0.477570, 0.083302, 0.874636, 0.000000), (-0.036245, -0.810867, 0.659043, 1.000000))
INFO: Bone: DEF-spine.006 Scale: vec3(1.000000, 0.998935, 0.970201) Translation: vec3(-0.036245, -0.810867, 0.659043) Skew: vec3(-0.248506, 0.024820, 0.046189)
INFO: Decomposed transform for DEF-spine.006: Translation(-0.036245, -0.810867, 0.659043), Scale(1, 0.998935, 0.970201)
INFO: Bone [DEF-shoulder.L] FINAL TRANSFORM:
INFO: mat4x4((0.813251, -0.019502, -0.599223, 0.000000), (-0.009402, 1.004475, -0.129864, 0.000000), (0.581715, -0.021409, 0.783837, 0.000000), (0.039432, -0.919836, 0.236049, 1.000000))
INFO: Bone: DEF-shoulder.L Scale: vec3(1.010360, 1.011640, 0.967982) Translation: vec3(0.039432, -0.919836, 0.236049) Skew: vec3(-0.131688, 0.003890, 0.049487)
INFO: Decomposed transform for DEF-shoulder.L: Translation(0.0394316, -0.919836, 0.236049), Scale(1.01036, 1.01164, 0.967982)
INFO: Bone [DEF-upper_arm.L] FINAL TRANSFORM:
INFO: mat4x4((0.867519, -0.478269, 0.156600, 0.000000), (0.632782, 0.786245, -0.136238, 0.000000), (-0.048646, 0.105491, 0.971338, 0.000000), (-0.949838, -0.505349, 0.161373, 1.000000))
INFO: Bone: DEF-upper_arm.L Scale: vec3(1.002923, 1.007131, 0.972442) Translation: vec3(-0.949838, -0.505349, 0.161373) Skew: vec3(-0.091011, 0.060963, 0.150067)
INFO: Decomposed transform for DEF-upper_arm.L: Translation(-0.949838, -0.505349, 0.161373), Scale(1.00292, 1.00713, 0.972442)
INFO: Bone [DEF-upper_arm.L.001] FINAL TRANSFORM:
INFO: mat4x4((0.854857, -0.494228, 0.155765, 0.000000), (0.508763, 0.706767, 0.509453, 0.000000), (-0.409078, -0.362945, 0.826874, 0.000000), (-0.792239, -0.414334, -0.811348, 1.000000))
INFO: Bone: DEF-upper_arm.L.001 Scale: vec3(0.999652, 0.995323, 0.989809) Translation: vec3(-0.792239, -0.414334, -0.811348) Skew: vec3(-0.037081, -0.041970, 0.165804)
INFO: Decomposed transform for DEF-upper_arm.L.001: Translation(-0.792239, -0.414334, -0.811348), Scale(0.999652, 0.995323, 0.989809)
INFO: Bone [DEF-forearm.L] FINAL TRANSFORM:
INFO: mat4x4((-0.215517, 0.979106, -0.022610, 0.000000), (-0.240342, -0.031519, -0.959533, 0.000000), (-0.943299, -0.288049, 0.205304, 0.000000), (0.734321, 0.063338, 1.402520, 1.000000))
INFO: Bone: DEF-forearm.L Scale: vec3(1.002800, 0.988763, 1.003089) Translation: vec3(0.734321, 0.063338, 1.402520) Skew: vec3(0.042681, -0.082886, 0.042997)
INFO: Decomposed transform for DEF-forearm.L: Translation(0.734321, 0.063338, 1.40252), Scale(1.0028, 0.988763, 1.00309)
INFO: Bone [DEF-forearm.L.001] FINAL TRANSFORM:
INFO: mat4x4((-0.204664, 0.981638, -0.009377, 0.000000), (0.360993, 0.156732, -0.930736, 0.000000), (-0.895746, -0.235933, -0.339465, 0.000000), (-0.159533, -0.223240, 1.311492, 1.000000))
INFO: Bone: DEF-forearm.L.001 Scale: vec3(1.002790, 1.006642, 0.984697) Translation: vec3(-0.159533, -0.223240, 1.311492) Skew: vec3(-0.040764, -0.045664, 0.087869)
INFO: Decomposed transform for DEF-forearm.L.001: Translation(-0.159533, -0.22324, 1.31149), Scale(1.00279, 1.00664, 0.984697)
INFO: Bone [DEF-hand.L] FINAL TRANSFORM:
INFO: mat4x4((0.316741, 0.938521, -0.140322, 0.000000), (0.698333, -0.144327, -0.716182, 0.000000), (-0.699807, 0.060381, -0.695969, 0.000000), (-0.989302, 0.264256, 1.054036, 1.000000))
INFO: Bone: DEF-hand.L Scale: vec3(1.000419, 0.993359, 0.986424) Translation: vec3(-0.989302, 0.264256, 1.054036) Skew: vec3(0.013835, -0.068227, 0.187399)
INFO: Decomposed transform for DEF-hand.L: Translation(-0.989302, 0.264256, 1.05404), Scale(1.00042, 0.993359, 0.986424)
INFO: Bone [DEF-shoulder.R] FINAL TRANSFORM:
INFO: mat4x4((0.810512, -0.052597, -0.596884, 0.000000), (-0.043735, 1.008443, -0.104868, 0.000000), (0.578233, -0.021137, 0.786999, 0.000000), (0.088904, -0.925896, 0.199996, 1.000000))
INFO: Bone: DEF-shoulder.R Scale: vec3(1.007952, 1.014498, 0.968486) Translation: vec3(0.088904, -0.925896, 0.199996) Skew: vec3(-0.131431, 0.000029, -0.025323)
INFO: Decomposed transform for DEF-shoulder.R: Translation(0.088904, -0.925896, 0.199996), Scale(1.00795, 1.0145, 0.968486)
INFO: Bone [DEF-upper_arm.R] FINAL TRANSFORM:
INFO: mat4x4((0.331966, 0.661010, -0.677815, 0.000000), (-0.228293, 0.538768, 0.803833, 0.000000), (0.917474, -0.155111, 0.372930, 0.000000), (0.275075, -0.123797, -1.272031, 1.000000))
INFO: Bone: DEF-upper_arm.R Scale: vec3(1.003280, 0.958661, 1.001144) Translation: vec3(0.275075, -0.123797, -1.272031) Skew: vec3(-0.006857, -0.050514, -0.275009)
INFO: Decomposed transform for DEF-upper_arm.R: Translation(0.275075, -0.123797, -1.27203), Scale(1.00328, 0.958661, 1.00114)
INFO: Bone [DEF-upper_arm.R.001] FINAL TRANSFORM:
INFO: mat4x4((0.335087, 0.675820, -0.647857, 0.000000), (0.649439, 0.137226, 0.759624, 0.000000), (0.660993, -0.529338, -0.525857, 0.000000), (-1.045176, 0.460359, -1.272352, 1.000000))
INFO: Bone: DEF-upper_arm.R.001 Scale: vec3(0.994351, 0.992076, 0.975366) Translation: vec3(-1.045176, 0.460359, -1.272352) Skew: vec3(-0.005411, 0.210787, -0.184262)
INFO: Decomposed transform for DEF-upper_arm.R.001: Translation(-1.04518, 0.460359, -1.27235), Scale(0.994351, 0.992076, 0.975366)
INFO: Bone [DEF-forearm.R] FINAL TRANSFORM:
INFO: mat4x4((-0.421256, -0.895232, -0.122460, 0.000000), (-0.333338, 0.111038, -0.926069, 0.000000), (0.861389, -0.350583, -0.400202, 0.000000), (0.107192, -0.165621, 1.467748, 1.000000))
INFO: Bone: DEF-forearm.R Scale: vec3(0.996942, 0.978292, 1.011428) Translation: vec3(0.107192, -0.165621, 1.467748) Skew: vec3(0.045027, -0.000004, 0.158333)
INFO: Decomposed transform for DEF-forearm.R: Translation(0.107192, -0.165621, 1.46775), Scale(0.996942, 0.978292, 1.01143)
INFO: Bone [DEF-forearm.R.001] FINAL TRANSFORM:
INFO: mat4x4((-0.421256, -0.895232, -0.122460, 0.000000), (-0.333338, 0.111038, -0.926069, 0.000000), (0.861388, -0.350583, -0.400202, 0.000000), (0.116729, -0.146777, 1.470551, 1.000000))
INFO: Bone: DEF-forearm.R.001 Scale: vec3(0.996942, 0.978292, 1.011428) Translation: vec3(0.116729, -0.146777, 1.470551) Skew: vec3(0.045027, -0.000004, 0.158333)
INFO: Decomposed transform for DEF-forearm.R.001: Translation(0.116729, -0.146777, 1.47055), Scale(0.996942, 0.978292, 1.01143)
INFO: Bone [DEF-hand.R] FINAL TRANSFORM:
INFO: mat4x4((-0.485266, -0.633930, 0.624510, 0.000000), (-0.848961, 0.236053, -0.320956, 0.000000), (-0.195759, -0.742186, -0.709936, 0.000000), (0.771629, -0.165873, 1.056002, 1.000000))
INFO: Bone: DEF-hand.R Scale: vec3(1.013589, 0.935810, 1.013693) Translation: vec3(0.771629, -0.165873, 1.056002) Skew: vec3(0.222952, 0.118862, 0.065249)
INFO: Decomposed transform for DEF-hand.R: Translation(0.771629, -0.165873, 1.056), Scale(1.01359, 0.93581, 1.01369)
INFO: Bone [DEF-breast.L] FINAL TRANSFORM:
INFO: mat4x4((0.805264, -0.035742, -0.591838, 0.000000), (-0.046276, 0.988701, -0.142577, 0.000000), (0.593090, -0.050374, 0.803559, 0.000000), (0.097174, -0.878917, 0.241847, 1.000000))
INFO: Bone: DEF-breast.L Scale: vec3(1.000000, 0.999930, 0.981412) Translation: vec3(0.097174, -0.878917, 0.241847) Skew: vec3(-0.195512, 0.003889, 0.011781)
INFO: Decomposed transform for DEF-breast.L: Translation(0.097174, -0.878917, 0.241847), Scale(1, 0.99993, 0.981412)
INFO: Bone [DEF-breast.R] FINAL TRANSFORM:
INFO: mat4x4((0.805264, -0.035742, -0.591838, 0.000000), (-0.046276, 0.988701, -0.142577, 0.000000), (0.593090, -0.050374, 0.803559, 0.000000), (0.080578, -0.878180, 0.254044, 1.000000))
INFO: Bone: DEF-breast.R Scale: vec3(1.000000, 0.999931, 0.981412) Translation: vec3(0.080578, -0.878180, 0.254044) Skew: vec3(-0.195512, 0.003889, 0.011781)
INFO: Decomposed transform for DEF-breast.R: Translation(0.0805782, -0.87818, 0.254044), Scale(1, 0.999931, 0.981412)
INFO: Bone [DEF-pelvis.L] FINAL TRANSFORM:
INFO: mat4x4((0.999920, -0.005672, 0.011344, 0.000000), (0.007529, 0.985245, -0.170986, 0.000000), (-0.010206, 0.171058, 0.985208, 0.000000), (-0.010782, -0.888172, 0.250188, 1.000000))
INFO: Bone: DEF-pelvis.L Scale: vec3(1.000000, 1.000000, 1.000000) Translation: vec3(-0.010782, -0.888172, 0.250188) Skew: vec3(0.000000, 0.000000, 0.000000)
INFO: Decomposed transform for DEF-pelvis.L: Translation(-0.0107822, -0.888172, 0.250188), Scale(1, 1, 1)
INFO: Bone [DEF-thigh.L] FINAL TRANSFORM:
INFO: mat4x4((0.999920, -0.005672, 0.011344, 0.000000), (0.007529, 0.985245, -0.170986, 0.000000), (-0.010206, 0.171059, 0.985209, 0.000000), (-0.010782, -0.888172, 0.250188, 1.000000))
INFO: Bone: DEF-thigh.L Scale: vec3(1.000000, 1.000000, 1.000001) Translation: vec3(-0.010782, -0.888172, 0.250188) Skew: vec3(0.000001, 0.000000, 0.000000)
INFO: Decomposed transform for DEF-thigh.L: Translation(-0.0107822, -0.888172, 0.250188), Scale(1, 1, 1)
INFO: Bone [DEF-thigh.L.001] FINAL TRANSFORM:
INFO: mat4x4((0.999920, -0.005671, 0.011348, 0.000000), (0.007528, 0.985245, -0.170986, 0.000000), (-0.010211, 0.171059, 0.985209, 0.000000), (-0.010782, -0.888172, 0.250188, 1.000000))
INFO: Bone: DEF-thigh.L.001 Scale: vec3(1.000000, 1.000001, 1.000001) Translation: vec3(-0.010782, -0.888172, 0.250188) Skew: vec3(0.000001, 0.000000, 0.000000)
INFO: Decomposed transform for DEF-thigh.L.001: Translation(-0.0107822, -0.888172, 0.250188), Scale(1, 1, 1)
INFO: Bone [DEF-shin.L] FINAL TRANSFORM:
INFO: mat4x4((0.999920, -0.005671, 0.011348, 0.000000), (0.007528, 0.985245, -0.170986, 0.000000), (-0.010211, 0.171059, 0.985209, 0.000000), (-0.010782, -0.888172, 0.250188, 1.000000))
INFO: Bone: DEF-shin.L Scale: vec3(1.000000, 1.000001, 1.000001) Translation: vec3(-0.010782, -0.888172, 0.250188) Skew: vec3(0.000001, 0.000000, 0.000000)
INFO: Decomposed transform for DEF-shin.L: Translation(-0.0107822, -0.888172, 0.250188), Scale(1, 1, 1)
INFO: Bone [DEF-shin.L.001] FINAL TRANSFORM:
INFO: mat4x4((0.999920, -0.005671, 0.011347, 0.000000), (0.007528, 0.985245, -0.170986, 0.000000), (-0.010210, 0.171059, 0.985209, 0.000000), (-0.010782, -0.888172, 0.250188, 1.000000))
INFO: Bone: DEF-shin.L.001 Scale: vec3(1.000000, 1.000001, 1.000001) Translation: vec3(-0.010782, -0.888172, 0.250188) Skew: vec3(0.000001, 0.000000, 0.000000)
INFO: Decomposed transform for DEF-shin.L.001: Translation(-0.0107821, -0.888172, 0.250188), Scale(1, 1, 1)
INFO: Bone [DEF-foot.L] FINAL TRANSFORM:
INFO: mat4x4((0.999920, -0.005671, 0.011347, 0.000000), (0.007528, 0.985245, -0.170986, 0.000000), (-0.010210, 0.171059, 0.985209, 0.000000), (-0.010782, -0.888172, 0.250188, 1.000000))
INFO: Bone: DEF-foot.L Scale: vec3(1.000000, 1.000001, 1.000001) Translation: vec3(-0.010782, -0.888172, 0.250188) Skew: vec3(0.000001, 0.000000, 0.000000)
INFO: Decomposed transform for DEF-foot.L: Translation(-0.0107821, -0.888172, 0.250188), Scale(1, 1, 1)
INFO: Bone [DEF-toe.L] FINAL TRANSFORM:
INFO: mat4x4((0.999920, -0.005671, 0.011347, 0.000000), (0.007528, 0.985245, -0.170986, 0.000000), (-0.010210, 0.171059, 0.985209, 0.000000), (-0.010782, -0.888172, 0.250188, 1.000000))
INFO: Bone: DEF-toe.L Scale: vec3(1.000000, 1.000001, 1.000001) Translation: vec3(-0.010782, -0.888172, 0.250188) Skew: vec3(0.000001, 0.000000, 0.000000)
INFO: Decomposed transform for DEF-toe.L: Translation(-0.0107821, -0.888172, 0.250188), Scale(1, 1, 1)
INFO: Bone [DEF-pelvis.R] FINAL TRANSFORM:
INFO: mat4x4((0.999920, -0.005672, 0.011344, 0.000000), (0.007529, 0.985245, -0.170987, 0.000000), (-0.010206, 0.171058, 0.985208, 0.000000), (-0.010782, -0.888171, 0.250188, 1.000000))
INFO: Bone: DEF-pelvis.R Scale: vec3(1.000000, 1.000000, 1.000000) Translation: vec3(-0.010782, -0.888171, 0.250188) Skew: vec3(0.000000, -0.000000, -0.000000)
INFO: Decomposed transform for DEF-pelvis.R: Translation(-0.0107821, -0.888171, 0.250188), Scale(1, 1, 1)
INFO: Bone [DEF-thigh.R] FINAL TRANSFORM:
INFO: mat4x4((0.999920, -0.005672, 0.011344, 0.000000), (0.007529, 0.985244, -0.170987, 0.000000), (-0.010206, 0.171058, 0.985208, 0.000000), (-0.010782, -0.888171, 0.250189, 1.000000))
INFO: Bone: DEF-thigh.R Scale: vec3(1.000000, 1.000000, 0.999999) Translation: vec3(-0.010782, -0.888171, 0.250189) Skew: vec3(-0.000000, 0.000001, 0.000000)
INFO: Decomposed transform for DEF-thigh.R: Translation(-0.0107821, -0.888171, 0.250189), Scale(1, 1, 0.999999)
INFO: Bone [DEF-thigh.R.001] FINAL TRANSFORM:
INFO: mat4x4((0.999920, -0.005673, 0.011340, 0.000000), (0.007529, 0.985245, -0.170987, 0.000000), (-0.010202, 0.171058, 0.985208, 0.000000), (-0.010782, -0.888171, 0.250188, 1.000000))
INFO: Bone: DEF-thigh.R.001 Scale: vec3(1.000000, 1.000000, 0.999999) Translation: vec3(-0.010782, -0.888171, 0.250188) Skew: vec3(-0.000000, 0.000001, 0.000000)
INFO: Decomposed transform for DEF-thigh.R.001: Translation(-0.0107821, -0.888171, 0.250188), Scale(1, 1, 0.999999)
INFO: Bone [DEF-shin.R] FINAL TRANSFORM:
INFO: mat4x4((0.999920, -0.005673, 0.011340, 0.000000), (0.007529, 0.985245, -0.170987, 0.000000), (-0.010202, 0.171058, 0.985208, 0.000000), (-0.010782, -0.888171, 0.250188, 1.000000))
INFO: Bone: DEF-shin.R Scale: vec3(1.000000, 1.000000, 1.000000) Translation: vec3(-0.010782, -0.888171, 0.250188) Skew: vec3(-0.000000, 0.000000, 0.000000)
INFO: Decomposed transform for DEF-shin.R: Translation(-0.0107821, -0.888171, 0.250188), Scale(1, 1, 1)
INFO: Bone [DEF-shin.R.001] FINAL TRANSFORM:
INFO: mat4x4((0.999920, -0.005673, 0.011340, 0.000000), (0.007529, 0.985245, -0.170987, 0.000000), (-0.010202, 0.171058, 0.985208, 0.000000), (-0.010782, -0.888171, 0.250188, 1.000000))
INFO: Bone: DEF-shin.R.001 Scale: vec3(1.000000, 1.000000, 1.000000) Translation: vec3(-0.010782, -0.888171, 0.250188) Skew: vec3(-0.000000, 0.000000, 0.000000)
INFO: Decomposed transform for DEF-shin.R.001: Translation(-0.0107821, -0.888171, 0.250188), Scale(1, 1, 1)
INFO: Bone [DEF-foot.R] FINAL TRANSFORM:
INFO: mat4x4((0.999920, -0.005673, 0.011339, 0.000000), (0.007529, 0.985244, -0.170987, 0.000000), (-0.010202, 0.171058, 0.985208, 0.000000), (-0.010782, -0.888171, 0.250188, 1.000000))
INFO: Bone: DEF-foot.R Scale: vec3(1.000000, 1.000000, 0.999999) Translation: vec3(-0.010782, -0.888171, 0.250188) Skew: vec3(-0.000000, 0.000000, 0.000000)
INFO: Decomposed transform for DEF-foot.R: Translation(-0.0107821, -0.888171, 0.250188), Scale(1, 1, 0.999999)
INFO: Bone [DEF-toe.R] FINAL TRANSFORM:
INFO: mat4x4((0.999920, -0.005673, 0.011339, 0.000000), (0.007529, 0.985244, -0.170987, 0.000000), (-0.010202, 0.171058, 0.985208, 0.000000), (-0.010782, -0.888171, 0.250188, 1.000000))
INFO: Bone: DEF-toe.R Scale: vec3(1.000000, 1.000000, 1.000000) Translation: vec3(-0.010782, -0.888171, 0.250188) Skew: vec3(-0.000000, 0.000000, -0.000000)
INFO: Decomposed transform for DEF-toe.R: Translation(-0.0107821, -0.888171, 0.250188), Scale(1, 1, 1)
INFO: DEBUG: Max Vertex Attributes: 32
INFO: Drawing mesh with VAO: 1
INFO: DEBUG: Depth testing and blending enabled.
WARNING: WARN  tick jump 49.994965 -> 51.589413  (Delta 1.594448)
INFO: INFO: Interpolating keyframes at animation time: 51.589413
INFO: INFO: Keyframe count: 60
INFO: Interpolating Keyframes
INFO: Bone Transform Interpolation at factor: 0.589413
INFO: INFO: Interpolated bone: DEF-chin with factor: 0.589413
INFO: Interpolating Keyframes
INFO: Bone Transform Interpolation at factor: 0.589413
INFO: INFO: Interpolated bone: DEF-chin.001 with factor: 0.589413
INFO: Interpolating Keyframes
INFO: Bone Transform Interpolation at factor: 0.589413
INFO: INFO: Interpolated bone: DEF-forearm.L with factor: 0.589413
WARNING: ANIM FINAL MATRIX: DEF-forearm.L @ time 51.589413
WARNING: mat4x4((-0.829374, 0.398444, 0.376774, 0.000000), (-0.538129, -0.762002, -0.378729, 0.000000), (0.136491, -0.517966, 0.848209, 0.000000), (-0.000000, 0.129911, -0.000000, 1.000000))
INFO: Interpolating Keyframes
INFO: Bone Transform Interpolation at factor: 0.589413
INFO: INFO: Interpolated bone: DEF-forearm.L.001 with factor: 0.589413
INFO: Interpolating Keyframes
INFO: Bone Transform Interpolation at factor: 0.589413
INFO: INFO: Interpolated bone: DEF-forearm.R with factor: 0.589413
INFO: Interpolating Keyframes
INFO: Bone Transform Interpolation at factor: 0.589413
INFO: INFO: Interpolated bone: DEF-hand.L with factor: 0.589413
INFO: Interpolating Keyframes
INFO: Bone Transform Interpolation at factor: 0.589413
INFO: INFO: Interpolated bone: DEF-hand.R with factor: 0.589413
INFO: Interpolating Keyframes
INFO: Bone Transform Interpolation at factor: 0.589413
INFO: INFO: Interpolated bone: DEF-lid.B.L.003 with factor: 0.589413
INFO: Interpolating Keyframes
INFO: Bone Transform Interpolation at factor: 0.589413
INFO: INFO: Interpolated bone: DEF-lid.B.R.003 with factor: 0.589413
INFO: Interpolating Keyframes
INFO: Bone Transform Interpolation at factor: 0.589413
INFO: INFO: Interpolated bone: DEF-lip.B.L.001 with factor: 0.589413
INFO: Interpolating Keyframes
INFO: Bone Transform Interpolation at factor: 0.589413
INFO: INFO: Interpolated bone: DEF-nose.001 with factor: 0.589413
INFO: Interpolating Keyframes
INFO: Bone Transform Interpolation at factor: 0.589413
INFO: INFO: Interpolated bone: DEF-nose.002 with factor: 0.589413
INFO: Interpolating Keyframes
INFO: Bone Transform Interpolation at factor: 0.589413
INFO: INFO: Interpolated bone: DEF-nose.003 with factor: 0.589413
INFO: Interpolating Keyframes
INFO: Bone Transform Interpolation at factor: 0.589413
INFO: INFO: Interpolated bone: DEF-nose.004 with factor: 0.589413
INFO: Interpolating Keyframes
INFO: Bone Transform Interpolation at factor: 0.589413
INFO: INFO: Interpolated bone: DEF-spine.002 with factor: 0.589413
INFO: Interpolating Keyframes
INFO: Bone Transform Interpolation at factor: 0.589413
INFO: INFO: Interpolated bone: DEF-spine.003 with factor: 0.589413
INFO: Interpolating Keyframes
INFO: Bone Transform Interpolation at factor: 0.589413
INFO: INFO: Interpolated bone: DEF-spine.004 with factor: 0.589413
INFO: Interpolating Keyframes
INFO: Bone Transform Interpolation at factor: 0.589413
INFO: INFO: Interpolated bone: DEF-spine.006 with factor: 0.589413
INFO: Interpolating Keyframes
INFO: Bone Transform Interpolation at factor: 0.589413
INFO: INFO: Interpolated bone: DEF-tongue with factor: 0.589413
INFO: Interpolating Keyframes
