INFO: ImGui initialized successfully.
INFO: DEBUG: Initializing shaders...
INFO: DEBUG: Bone shader compiled successfully.
INFO: Shaders initialized successfully.
INFO: PhysicsManager initialized successfully.
INFO: Entering SceneTest2.
INFO: Loading model from path: Character Template F2.fbx
INFO: Debug: Processing 56 bones.
INFO: Debug: VAO Bone IDs bound to location 3.
INFO: Debug: VAO Bone Weights bound to location 4.
INFO: Loaded 1 meshes.
INFO: INFO: Model loaded successfully.
INFO: DEBUG: Bounding Box Center: (0.000000, 0.951575, -0.027487)
INFO: DEBUG: Bounding Box Radius: 1.240418
INFO: DEBUG: Adjusted Camera Position: (0.000000, 0.951575, 7.459095)
INFO: INFO: Attempting to load animation: rig.001|Idle from file: Character Template F2.fbx
INFO: Loading animation from: Character Template F2.fbx
INFO: INFO: Successfully found animations in file.
INFO: DEBUG: Animation Duration: 120.000000
INFO: INFO: Checking for missing bones in animation...
INFO: INFO: Successfully loaded animation: rig.001|Idle
INFO: Switched to animation: rig.001|Idle
INFO: INFO: Set current animation to rig.001|Idle.
INFO: DEBUG: Depth testing and blending enabled.
INFO: Debug: Animation time updated to: 0.758105
INFO: DEBUG: Keyframe 0.000000 - Bone DEF-breast.L Transform:
INFO: 1.000000 0.000000 0.000000 0.000000
INFO: 0.000000 1.000000 -0.000000 0.000000
INFO: 0.000000 0.000000 1.000000 0.000000
INFO: -0.000000 0.000000 0.000000 1.000000
INFO: DEBUG: Keyframe 0.000000 - Bone DEF-shoulder.L Transform:
INFO: 1.000000 -0.000000 0.000000 0.000000
INFO: 0.000000 1.000000 0.000000 0.000000
INFO: -0.000000 -0.000000 1.000000 0.000000
INFO: 0.000000 -0.000000 -0.000000 1.000000
INFO: DEBUG: After Storing Bone DEF-breast.L
INFO: DEBUG: Final Bone Transform - DEF-breast.L
INFO: 1.000000 0.000000 0.000000 0.000000
INFO: 0.000000 1.000000 -0.000000 0.000000
INFO: 0.000000 0.000000 1.000000 0.000000
INFO: -0.000000 0.000000 0.000000 1.000000
INFO: DEBUG: After Storing Bone DEF-breast.R
INFO: DEBUG: After Storing Bone DEF-foot.L
INFO: DEBUG: After Storing Bone DEF-foot.R
INFO: DEBUG: After Storing Bone DEF-forearm.L
INFO: DEBUG: After Storing Bone DEF-forearm.L.001
INFO: DEBUG: After Storing Bone DEF-forearm.R
INFO: DEBUG: After Storing Bone DEF-forearm.R.001
INFO: DEBUG: After Storing Bone DEF-hand.L
INFO: DEBUG: After Storing Bone DEF-hand.R
INFO: DEBUG: After Storing Bone DEF-pelvis.L
INFO: DEBUG: After Storing Bone DEF-pelvis.R
INFO: DEBUG: After Storing Bone DEF-shin.L
INFO: DEBUG: After Storing Bone DEF-shin.L.001
INFO: DEBUG: After Storing Bone DEF-shin.R
INFO: DEBUG: After Storing Bone DEF-shin.R.001
INFO: DEBUG: After Storing Bone DEF-shoulder.L
INFO: DEBUG: Final Bone Transform - DEF-shoulder.L
INFO: 1.000000 -0.000000 0.000000 0.000000
INFO: 0.000000 1.000000 0.000000 0.000000
INFO: -0.000000 -0.000000 1.000000 0.000000
INFO: 0.000000 -0.000000 -0.000000 1.000000
INFO: DEBUG: After Storing Bone DEF-shoulder.R
INFO: DEBUG: Forcing DEF-spine to move!
INFO: DEBUG: After Storing Bone DEF-spine
INFO: DEBUG: After Storing Bone DEF-spine.001
INFO: DEBUG: After Storing Bone DEF-spine.002
INFO: DEBUG: After Storing Bone DEF-spine.003
INFO: DEBUG: After Storing Bone DEF-spine.004
INFO: DEBUG: After Storing Bone DEF-spine.005
INFO: DEBUG: After Storing Bone DEF-spine.006
INFO: DEBUG: After Storing Bone DEF-thigh.L
INFO: DEBUG: After Storing Bone DEF-thigh.L.001
INFO: DEBUG: After Storing Bone DEF-thigh.R
INFO: DEBUG: After Storing Bone DEF-thigh.R.001
INFO: DEBUG: After Storing Bone DEF-toe.L
INFO: DEBUG: After Storing Bone DEF-toe.R
INFO: DEBUG: After Storing Bone DEF-upper_arm.L
INFO: DEBUG: After Storing Bone DEF-upper_arm.L.001
INFO: DEBUG: After Storing Bone DEF-upper_arm.R
INFO: DEBUG: After Storing Bone DEF-upper_arm.R.001
INFO: DEBUG: After Storing Bone MCH-spine
INFO: DEBUG: After Storing Bone MCH-spine.001
INFO: DEBUG: After Storing Bone MCH-spine.002
INFO: DEBUG: After Storing Bone MCH-spine.003
INFO: DEBUG: After Storing Bone MCH-torso.parent
INFO: DEBUG: After Storing Bone ORG-breast.L
INFO: DEBUG: After Storing Bone ORG-breast.R
INFO: DEBUG: After Storing Bone ORG-pelvis.L
INFO: DEBUG: After Storing Bone ORG-pelvis.R
INFO: DEBUG: After Storing Bone ORG-shoulder.L
INFO: DEBUG: After Storing Bone ORG-shoulder.R
INFO: DEBUG: After Storing Bone ORG-spine
INFO: DEBUG: After Storing Bone ORG-spine.003
INFO: DEBUG: After Storing Bone rig.001
INFO: DEBUG: After Storing Bone root
INFO: DEBUG: After Storing Bone spine_fk
INFO: DEBUG: After Storing Bone spine_fk.001
INFO: DEBUG: After Storing Bone spine_fk.002
INFO: DEBUG: After Storing Bone spine_fk.003
INFO: DEBUG: After Storing Bone torso
INFO: DEBUG: After Storing Bone tweak_spine
INFO: DEBUG: After Storing Bone tweak_spine.003
INFO: DEBUG: Max Vertex Attributes: 32
INFO: DEBUG: Entering Model::Draw()
INFO: DEBUG: Bounding Box Center: (0.000000, 0.951575, -0.027487)
INFO: DEBUG: Bounding Box Radius: 1.240418
INFO: DEBUG: Model Bounding Box Center: (0.000000, 0.951575, -0.027487)
INFO: DEBUG: Model Bounding Box Radius: 1.240418
INFO: DEBUG: Sending Bone Transform to Shader - root
INFO: 1.000000 0.000000 0.000000 0.000000
INFO: 0.000000 -0.000000 -1.000000 0.000000
INFO: -0.000000 1.000000 -0.000000 0.000000
INFO: 0.000000 0.000000 0.000000 1.000000
INFO: DEBUG: Sending Bone Transform to Shader - DEF-spine
INFO: 1.000000 0.000000 0.000000 0.000000
INFO: 0.000000 1.000000 0.000000 0.000000
INFO: 0.000000 0.000000 1.000000 0.000000
INFO: 0.000000 5.000000 0.000000 1.000000
INFO: DEBUG: Sending Bone Transform to Shader - DEF-spine.001
INFO: 1.000000 -0.000000 -0.000000 0.000000
INFO: 0.000000 0.976260 0.216603 0.000000
INFO: 0.000000 -0.216603 0.976260 0.000000
INFO: 0.000000 0.131534 0.000000 1.000000
INFO: DEBUG: Sending Bone Transform to Shader - DEF-spine.002
INFO: 1.000000 -0.000000 0.000000 0.000000
INFO: 0.000000 0.928406 -0.371568 0.000000
INFO: -0.000000 0.371568 0.928406 0.000000
INFO: 0.000000 0.134855 -0.000000 1.000000
INFO: DEBUG: Sending Bone Transform to Shader - DEF-spine.003
INFO: 1.000000 0.000000 0.000000 0.000000
INFO: -0.000000 0.994060 0.108830 0.000000
INFO: -0.000000 -0.108830 0.994060 0.000000
INFO: -0.000000 0.160799 -0.000000 1.000000
INFO: DEBUG: Sending Bone Transform to Shader - DEF-spine.004
INFO: 1.000000 -0.000000 0.000000 0.000000
INFO: 0.000000 0.954523 0.298137 0.000000
INFO: -0.000000 -0.298137 0.954523 0.000000
INFO: -0.000000 0.166303 0.000000 1.000000
INFO: DEBUG: Sending Bone Transform to Shader - DEF-spine.005
INFO: 1.000000 -0.000000 -0.000000 0.000000
INFO: 0.000000 0.998264 0.058890 0.000000
INFO: 0.000000 -0.058890 0.998264 0.000000
INFO: 0.000000 0.067271 0.000000 1.000000
INFO: DEBUG: Sending Bone Transform to Shader - DEF-spine.006
INFO: 1.000000 0.000000 -0.000000 0.000000
INFO: -0.000000 0.964770 -0.263094 0.000000
INFO: -0.000000 0.263094 0.964770 0.000000
INFO: -0.000000 0.058392 0.000000 1.000000
INFO: DEBUG: Sending Bone Transform to Shader - MCH-torso.parent
INFO: 1.000000 0.000000 0.000000 0.000000
INFO: 0.000000 1.000000 0.000000 0.000000
INFO: 0.000000 0.000000 1.000000 0.000000
INFO: -0.001236 0.102212 1.037471 1.000000
INFO: DEBUG: Sending Bone Transform to Shader - torso
INFO: 1.000000 0.000000 0.000000 0.000000
INFO: 0.000000 1.000000 0.000000 0.000000
INFO: 0.000000 -0.000000 1.000000 0.000000
INFO: -0.000000 0.000000 -0.086113 1.000000
INFO: DEBUG: Sending Bone Transform to Shader - MCH-spine.001
INFO: 1.000000 0.000000 -0.000000 0.000000
INFO: 0.000000 1.000000 0.000000 0.000000
INFO: 0.000000 -0.000000 1.000000 0.000000
INFO: 0.000000 -0.038255 0.195872 1.000000
INFO: DEBUG: Sending Bone Transform to Shader - spine_fk.001
INFO: 1.000000 0.000000 -0.000000 0.000000
INFO: 0.000000 -0.261193 0.965287 0.000000
INFO: 0.000000 -0.965287 -0.261193 0.000000
INFO: -0.000000 0.000000 -0.000000 1.000000
INFO: DEBUG: Sending Bone Transform to Shader - MCH-spine
INFO: 1.000000 0.000000 0.000000 0.000000
INFO: 0.000000 -0.261193 -0.965287 0.000000
INFO: -0.000000 0.965287 -0.261193 0.000000
INFO: 0.000000 -0.134855 -0.000000 1.000000
INFO: DEBUG: Sending Bone Transform to Shader - spine_fk
INFO: 1.000000 0.000000 -0.000000 0.000000
INFO: 0.000000 -0.046097 0.998937 0.000000
INFO: -0.000000 -0.998937 -0.046097 0.000000
INFO: -0.000000 -0.000000 0.000000 1.000000
INFO: DEBUG: Sending Bone Transform to Shader - tweak_spine
INFO: 1.000000 0.000000 0.000000 0.000000
INFO: 0.000000 1.000000 0.000000 0.000000
INFO: 0.000000 -0.000000 1.000000 0.000000
INFO: 0.000000 -0.131534 -0.000000 1.000000
INFO: DEBUG: Sending Bone Transform to Shader - ORG-spine
INFO: 1.000000 0.000000 0.000000 0.000000
INFO: 0.000000 1.000000 -0.000000 0.000000
INFO: 0.000000 0.000000 1.000000 0.000000
INFO: -0.000000 -0.000000 -0.000000 1.000000
INFO: DEBUG: Sending Bone Transform to Shader - ORG-pelvis.L
INFO: -0.421772 -0.236743 0.875249 0.000000
INFO: 0.536322 0.713188 0.451355 0.000000
INFO: -0.731072 0.659784 -0.173833 0.000000
INFO: 0.000000 0.000372 0.008063 1.000000
INFO: DEBUG: Sending Bone Transform to Shader - DEF-pelvis.L
INFO: 1.000000 0.000000 -0.000001 0.000000
INFO: -0.000000 1.000000 0.000000 0.000000
INFO: 0.000001 -0.000000 1.000000 0.000000
INFO: 0.000000 -0.000000 -0.000000 1.000000
INFO: DEBUG: Sending Bone Transform to Shader - ORG-pelvis.R
INFO: -0.421772 0.236743 -0.875249 0.000000
INFO: -0.536322 0.713188 0.451355 0.000000
INFO: 0.731072 0.659784 -0.173833 0.000000
INFO: 0.000000 0.000372 0.008063 1.000000
INFO: DEBUG: Sending Bone Transform to Shader - DEF-pelvis.R
INFO: 1.000000 -0.000000 0.000001 0.000000
INFO: 0.000000 1.000000 0.000000 0.000000
INFO: -0.000001 -0.000000 1.000000 0.000000
INFO: -0.000000 -0.000000 -0.000000 1.000000
INFO: DEBUG: Sending Bone Transform to Shader - DEF-thigh.L
INFO: 0.940539 0.004367 -0.339657 0.000000
INFO: 0.111841 -0.948146 0.297506 0.000000
INFO: -0.320745 -0.317804 -0.892257 0.000000
INFO: 0.110406 0.062947 0.043522 1.000000
INFO: DEBUG: Sending Bone Transform to Shader - DEF-thigh.L.001
INFO: 0.999993 0.000000 0.003783 0.000000
INFO: -0.000000 1.000000 -0.000000 0.000000
INFO: -0.003783 0.000000 0.999993 0.000000
INFO: -0.000000 0.248097 -0.000000 1.000000
INFO: DEBUG: Sending Bone Transform to Shader - DEF-shin.L
INFO: 0.999001 0.044632 -0.002076 0.000000
INFO: -0.033534 0.779672 0.625290 0.000000
INFO: 0.029527 -0.624596 0.780390 0.000000
INFO: -0.000000 0.248097 -0.000000 1.000000
INFO: DEBUG: Sending Bone Transform to Shader - DEF-shin.L.001
INFO: 0.999851 -0.000000 0.017270 0.000000
INFO: 0.000000 1.000000 0.000000 0.000000
INFO: -0.017270 -0.000000 0.999851 0.000000
INFO: -0.000000 0.225344 0.000000 1.000000
INFO: DEBUG: Sending Bone Transform to Shader - DEF-foot.L
INFO: 0.999917 0.006980 0.010831 0.000000
INFO: 0.011935 -0.184820 -0.982700 0.000000
INFO: -0.004857 0.982748 -0.184888 0.000000
INFO: -0.000000 0.225344 0.000000 1.000000
INFO: DEBUG: Sending Bone Transform to Shader - DEF-toe.L
INFO: -0.933633 -0.346554 0.090718 0.000000
INFO: -0.357777 0.914803 -0.187434 0.000000
INFO: -0.018033 -0.207452 -0.978079 0.000000
INFO: -0.000000 0.127349 0.000000 1.000000
INFO: DEBUG: Sending Bone Transform to Shader - DEF-thigh.R
INFO: 0.941130 0.000444 0.338045 0.000000
INFO: -0.106427 -0.948758 0.297544 0.000000
INFO: 0.320855 -0.316005 -0.892856 0.000000
INFO: -0.107938 0.062792 0.043526 1.000000
INFO: DEBUG: Sending Bone Transform to Shader - DEF-thigh.R.001
INFO: 0.999945 -0.000000 0.010463 0.000000
INFO: 0.000000 1.000000 -0.000000 0.000000
INFO: -0.010463 0.000000 0.999945 0.000000
INFO: 0.000000 0.248097 -0.000000 1.000000
INFO: DEBUG: Sending Bone Transform to Shader - DEF-shin.R
INFO: 0.998729 -0.049610 0.008888 0.000000
INFO: 0.033342 0.782597 0.621635 0.000000
INFO: -0.037795 -0.620549 0.783256 0.000000
INFO: -0.000000 0.248097 -0.000000 1.000000
INFO: DEBUG: Sending Bone Transform to Shader - DEF-shin.R.001
INFO: 0.999583 0.000000 -0.028861 0.000000
INFO: -0.000000 1.000000 0.000000 0.000000
INFO: 0.028861 -0.000000 0.999583 0.000000
INFO: -0.000000 0.225344 0.000000 1.000000
INFO: DEBUG: Sending Bone Transform to Shader - DEF-foot.R
INFO: 0.999183 -0.014810 -0.037604 0.000000
INFO: -0.039704 -0.185906 -0.981765 0.000000
INFO: 0.007549 0.982456 -0.186342 0.000000
INFO: -0.000000 0.225344 0.000000 1.000000
INFO: DEBUG: Sending Bone Transform to Shader - DEF-toe.R
INFO: -0.928207 0.361234 -0.089122 0.000000
INFO: 0.371779 0.909895 -0.184044 0.000000
INFO: 0.014608 -0.203965 -0.978869 0.000000
INFO: 0.000000 0.127349 -0.000000 1.000000
INFO: DEBUG: Sending Bone Transform to Shader - MCH-spine.002
INFO: 1.000000 0.000000 -0.000000 0.000000
INFO: 0.000000 1.000000 0.000000 0.000000
INFO: 0.000000 -0.000000 1.000000 0.000000
INFO: 0.000000 -0.038255 0.195872 1.000000
INFO: DEBUG: Sending Bone Transform to Shader - spine_fk.002
INFO: 1.000000 0.000000 -0.000000 0.000000
INFO: 0.000000 0.115948 0.993255 0.000000
INFO: 0.000000 -0.993255 0.115948 0.000000
INFO: -0.000000 0.000000 -0.000000 1.000000
INFO: DEBUG: Sending Bone Transform to Shader - MCH-spine.003
INFO: 1.000000 0.000000 0.000000 0.000000
INFO: 0.000000 0.115948 -0.993255 0.000000
INFO: -0.000000 0.993255 0.115948 0.000000
INFO: 0.000000 0.160799 0.000000 1.000000
INFO: DEBUG: Sending Bone Transform to Shader - spine_fk.003
INFO: 1.000000 0.000000 0.000000 0.000000
INFO: 0.000000 0.007269 0.999974 0.000000
INFO: 0.000000 -0.999974 0.007269 0.000000
INFO: -0.000000 0.000000 0.000000 1.000000
INFO: DEBUG: Sending Bone Transform to Shader - tweak_spine.003
INFO: 1.000000 0.000000 0.000000 0.000000
INFO: 0.000000 1.000000 -0.000000 0.000000
INFO: 0.000000 0.000000 1.000000 0.000000
INFO: -0.000000 -0.000000 0.000000 1.000000
INFO: DEBUG: Sending Bone Transform to Shader - ORG-spine.003
INFO: 1.000000 0.000000 0.000000 0.000000
INFO: 0.000000 1.000000 0.000000 0.000000
INFO: 0.000000 -0.000000 1.000000 0.000000
INFO: -0.000000 0.000000 -0.000000 1.000000
INFO: DEBUG: Sending Bone Transform to Shader - ORG-shoulder.L
INFO: -0.334502 -0.040669 0.941517 0.000000
INFO: 0.939382 0.065438 0.336570 0.000000
INFO: -0.075299 0.997028 0.016314 0.000000
INFO: 0.016914 0.129204 -0.049088 1.000000
INFO: DEBUG: Sending Bone Transform to Shader - DEF-shoulder.L
INFO: 1.000000 -0.000000 0.000000 0.000000
INFO: 0.000000 1.000000 0.000000 0.000000
INFO: -0.000000 -0.000000 1.000000 0.000000
INFO: 0.000000 -0.000000 -0.000000 1.000000
INFO: DEBUG: Sending Bone Transform to Shader - DEF-upper_arm.L
INFO: 0.658934 -0.751033 -0.041896 0.000000
INFO: -0.080328 -0.014879 -0.996657 0.000000
INFO: 0.747899 0.660097 -0.070134 0.000000
INFO: 0.001113 0.192009 0.023868 1.000000
INFO: DEBUG: Sending Bone Transform to Shader - DEF-upper_arm.L.001
INFO: 0.978646 0.000000 -0.205551 0.000000
INFO: -0.000000 1.000000 0.000000 0.000000
INFO: 0.205551 -0.000000 0.978646 0.000000
INFO: 0.000000 0.127096 -0.000000 1.000000
INFO: DEBUG: Sending Bone Transform to Shader - DEF-forearm.L
INFO: 0.977817 0.014846 -0.208934 0.000000
INFO: 0.080064 0.895248 0.438315 0.000000
INFO: 0.193555 -0.445320 0.874200 0.000000
INFO: 0.000000 0.127096 0.000000 1.000000
INFO: DEBUG: Sending Bone Transform to Shader - DEF-forearm.L.001
INFO: 0.990437 0.000000 0.137964 0.000000
INFO: -0.000000 1.000000 0.000000 0.000000
INFO: -0.137964 -0.000000 0.990437 0.000000
INFO: -0.000000 0.112189 0.000000 1.000000
INFO: DEBUG: Sending Bone Transform to Shader - DEF-hand.L
INFO: 0.988859 -0.060923 0.135817 0.000000
INFO: 0.052377 0.996468 0.065636 0.000000
INFO: -0.139337 -0.057791 0.988557 0.000000
INFO: -0.000000 0.112189 -0.000000 1.000000
INFO: DEBUG: Sending Bone Transform to Shader - ORG-shoulder.R
INFO: -0.339870 0.042851 -0.939496 0.000000
INFO: -0.937303 0.066515 0.342110 0.000000