mat4x4((0.998164, -0.003959, -0.009189, 0.000000), (0.005515, -0.859968, -0.531641, 0.000000), (0.014706, 0.525034, -0.842479, 0.000000), (-0.197116, 0.275894, 0.092371, 1.000000))
WARNING:   Global No Scale:
mat4x4((0.999996, -0.000010, 0.002981, 0.000000), (0.001566, -0.850309, -0.528337, 0.000000), (0.002536, 0.528339, -0.850305, 0.000000), (-0.197116, 0.275894, 0.092371, 1.000000))
WARNING:   Final Skin Matrix:
mat4x4((0.998160, -0.004086, -0.008984, 0.000000), (-0.003246, -1.007518, -0.004317, 0.000000), (0.015599, -0.010555, -0.996192, 0.000000), (-0.050235, 0.142004, 0.003708, 1.000000))
INFO: DEBUG: After Storing Bone DEF-foot.R
WARNING: Bone: DEF-forearm.L
WARNING:   Global With Scale:
mat4x4((-0.946295, 0.358760, -0.068455, 0.000000), (-0.080444, -0.382196, -0.891188, 0.000000), (-0.358730, -0.876616, 0.365033, 0.000000), (0.254342, 0.214014, 0.992772, 1.000000))
WARNING:   Global No Scale:
mat4x4((-0.926881, 0.359786, -0.069464, 0.000000), (-0.079418, -0.380637, -0.918730, 0.000000), (-0.357721, -0.849074, 0.386006, 0.000000), (0.254342, 0.214014, 0.992772, 1.000000))
WARNING:   Final Skin Matrix:
mat4x4((0.864115, 0.103804, -0.493781, 0.000000), (0.243208, -0.965080, 0.214963, 0.000000), (-0.474119, -0.317934, -0.801326, 0.000000), (-0.530828, -0.343030, 0.255619, 1.000000))
INFO: DEBUG: After Storing Bone DEF-forearm.L
WARNING: Bone: DEF-forearm.L.001
WARNING:   Global With Scale:
mat4x4((-0.873758, 0.499078, -0.128004, 0.000000), (-0.080444, -0.382196, -0.891188, 0.000000), (-0.510596, -0.805037, 0.348641, 0.000000), (0.245207, 0.170615, 0.891576, 1.000000))
WARNING:   Global No Scale:
mat4x4((-0.854625, 0.497703, -0.130595, 0.000000), (-0.081819, -0.380584, -0.919157, 0.000000), (-0.508005, -0.777068, 0.369385, 0.000000), (0.245207, 0.170615, 0.891576, 1.000000))
WARNING:   Final Skin Matrix:
mat4x4((0.899260, -0.039406, -0.441088, 0.000000), (0.078902, -0.987892, 0.235937, 0.000000), (-0.464476, -0.256427, -0.825788, 0.000000), (-0.557304, -0.229868, 0.213886, 1.000000))
INFO: DEBUG: After Storing Bone DEF-forearm.L.001
WARNING: Bone: DEF-forearm.R
WARNING:   Global With Scale:
mat4x4((-0.960665, -0.171687, 0.244535, 0.000000), (-0.082850, -0.626003, -0.765063, 0.000000), (0.284130, -0.767891, 0.577120, 0.000000), (-0.228920, 0.102531, 0.964166, 1.000000))
WARNING:   Global No Scale:
mat4x4((-0.953276, -0.172496, 0.242810, 0.000000), (-0.083659, -0.626063, -0.773899, 0.000000), (0.285855, -0.759055, 0.584448, 0.000000), (-0.228920, 0.102531, 0.964166, 1.000000))
WARNING:   Final Skin Matrix:
mat4x4((0.892335, -0.085769, 0.441544, 0.000000), (-0.333534, -0.802403, 0.504245, 0.000000), (0.320881, -0.599839, -0.727298, 0.000000), (0.373051, -0.749321, 0.342821, 1.000000))
INFO: DEBUG: After Storing Bone DEF-forearm.R
WARNING: Bone: DEF-forearm.R.001
WARNING:   Global With Scale:
mat4x4((-0.866575, -0.347919, 0.373728, 0.000000), (-0.082850, -0.626004, -0.765062, 0.000000), (0.502648, -0.705751, 0.503183, 0.000000), (-0.238328, 0.031447, 0.877292, 1.000000))
WARNING:   Global No Scale:
mat4x4((-0.858940, -0.347669, 0.373118, 0.000000), (-0.082600, -0.626068, -0.774178, 0.000000), (0.503258, -0.696635, 0.510754, 0.000000), (-0.238328, 0.031447, 0.877292, 1.000000))
WARNING:   Final Skin Matrix:
mat4x4((0.950368, 0.078049, 0.305046, 0.000000), (-0.103023, -0.853468, 0.518761, 0.000000), (0.310899, -0.525846, -0.784870, 0.000000), (0.417080, -0.619686, 0.235018, 1.000000))
INFO: DEBUG: After Storing Bone DEF-forearm.R.001
WARNING: Bone: DEF-hand.L
WARNING:   Global With Scale:
mat4x4((-0.750224, 0.590164, -0.293431, 0.000000), (0.298588, -0.122978, -0.933957, 0.000000), (-0.601676, -0.813826, -0.077293, 0.000000), (0.236073, 0.127216, 0.790380, 1.000000))
WARNING:   Global No Scale:
mat4x4((-0.748428, 0.581347, -0.305672, 0.000000), (0.289772, -0.121022, -0.946554, 0.000000), (-0.589434, -0.801229, -0.073540, 0.000000), (0.236073, 0.127216, 0.790380, 1.000000))
WARNING:   Final Skin Matrix:
mat4x4((1.006944, 0.003854, -0.006845, 0.000000), (-0.006225, -1.012775, -0.004455, 0.000000), (0.005458, -0.000103, -0.981980, 0.000000), (-0.165088, -0.006883, -0.140914, 1.000000))
INFO: DEBUG: After Storing Bone DEF-hand.L
WARNING: Bone: DEF-hand.R
WARNING:   Global With Scale:
mat4x4((-0.755091, -0.590176, 0.306023, 0.000000), (-0.288057, -0.119271, -0.937280, 0.000000), (0.597772, -0.805283, -0.077737, 0.000000), (-0.247735, -0.039637, 0.790418, 1.000000))
WARNING:   Global No Scale:
mat4x4((-0.743376, -0.589359, 0.305384, 0.000000), (-0.287240, -0.125640, -0.947272, 0.000000), (0.598411, -0.795291, -0.072391, 0.000000), (-0.247735, -0.039637, 0.790418, 1.000000))
WARNING:   Final Skin Matrix:
mat4x4((1.005204, 0.000138, -0.001896, 0.000000), (0.001537, -1.005483, 0.002157, 0.000000), (0.005715, 0.004093, -0.989029, 0.000000), (0.162731, -0.167185, -0.150232, 1.000000))
INFO: DEBUG: After Storing Bone DEF-hand.R
WARNING: Bone: DEF-pelvis.L
WARNING:   Global With Scale:
mat4x4((-0.529392, -0.789730, -0.309952, 0.000000), (0.467307, -0.576370, 0.670389, 0.000000), (-0.708073, 0.210056, 0.674173, 0.000000), (0.014794, 0.167290, 0.713263, 1.000000))
WARNING:   Global No Scale:
mat4x4((-0.529392, -0.789730, -0.309951, 0.000000), (0.467308, -0.576370, 0.670389, 0.000000), (-0.708073, 0.210056, 0.674173, 0.000000), (0.014794, 0.167290, 0.713263, 1.000000))
WARNING:   Final Skin Matrix:
mat4x4((0.991562, -0.129600, -0.002596, 0.000000), (-0.129600, -0.990764, -0.039877, 0.000000), (0.002596, 0.039877, -0.999201, 0.000000), (-0.004285, 0.039126, -0.175994, 1.000000))
INFO: DEBUG: After Storing Bone DEF-pelvis.L
WARNING: Bone: DEF-pelvis.R
WARNING:   Global With Scale:
mat4x4((-0.307036, 0.899054, 0.312141, 0.000000), (-0.596286, -0.437356, 0.673173, 0.000000), (0.741735, 0.020563, 0.670378, 0.000000), (0.014794, 0.167290, 0.713263, 1.000000))
WARNING:   Global No Scale:
mat4x4((-0.307036, 0.899053, 0.312141, 0.000000), (-0.596287, -0.437356, 0.673173, 0.000000), (0.741736, 0.020563, 0.670377, 0.000000), (0.014794, 0.167290, 0.713263, 1.000000))
WARNING:   Final Skin Matrix:
mat4x4((0.991563, -0.129599, -0.002596, 0.000000), (-0.129599, -0.990765, -0.039877, 0.000000), (0.002597, 0.039877, -0.999202, 0.000000), (-0.004285, 0.039125, -0.175994, 1.000000))
INFO: DEBUG: After Storing Bone DEF-pelvis.R
WARNING: Bone: DEF-shin.L
WARNING:   Global With Scale:
mat4x4((1.012084, -0.194007, 0.111900, 0.000000), (0.147845, 0.324517, -0.862116, 0.000000), (0.165480, 0.966345, 0.339627, 0.000000), (0.156188, -0.163921, 0.433287, 1.000000))
WARNING:   Global No Scale:
mat4x4((0.977630, -0.189230, 0.089991, 0.000000), (0.152623, 0.353543, -0.917653, 0.000000), (0.143571, 0.910809, 0.374840, 0.000000), (0.156188, -0.163921, 0.433287, 1.000000))
WARNING:   Final Skin Matrix:
mat4x4((1.033294, -0.047289, 0.083611, 0.000000), (-0.043347, -1.000907, -0.270274, 0.000000), (0.063094, 0.269668, -0.889423, 0.000000), (0.063652, -0.136067, -0.034506, 1.000000))
INFO: DEBUG: After Storing Bone DEF-shin.L
WARNING: Bone: DEF-shin.L.001
WARNING:   Global With Scale:
mat4x4((1.018449, -0.150784, 0.126912, 0.000000), (0.147844, 0.324517, -0.862117, 0.000000), (0.120249, 0.974025, 0.334307, 0.000000), (0.185563, -0.099444, 0.261999, 1.000000))
WARNING:   Global No Scale:
mat4x4((0.983337, -0.147030, 0.105735, 0.000000), (0.151599, 0.353709, -0.917699, 0.000000), (0.099072, 0.918443, 0.370355, 0.000000), (0.185563, -0.099444, 0.261999, 1.000000))
WARNING:   Final Skin Matrix:
mat4x4((1.034033, -0.003589, 0.097807, 0.000000), (0.002244, -1.002987, -0.263089, 0.000000), (0.065779, 0.266037, -0.890129, 0.000000), (0.069768, -0.143046, -0.035699, 1.000000))
INFO: DEBUG: After Storing Bone DEF-shin.L.001
WARNING: Bone: DEF-shin.R
WARNING:   Global With Scale:
mat4x4((1.028954, -0.085165, -0.092534, 0.000000), (0.001552, 0.640591, -0.675991, 0.000000), (0.107492, 0.782044, 0.674336, 0.000000), (-0.197733, 0.021343, 0.360988, 1.000000))
WARNING:   Global No Scale:
mat4x4((0.992893, -0.086967, -0.081108, 0.000000), (-0.000250, 0.681002, -0.731611, 0.000000), (0.118919, 0.726424, 0.676143, 0.000000), (-0.197733, 0.021343, 0.360988, 1.000000))
WARNING:   Final Skin Matrix:
mat4x4((1.004521, -0.231454, -0.120432, 0.000000), (-0.237999, -0.801714, -0.615259, 0.000000), (0.067804, 0.576964, -0.726092, 0.000000), (-0.075600, 0.186979, -0.069327, 1.000000))
INFO: DEBUG: After Storing Bone DEF-shin.R
WARNING: Bone: DEF-shin.R.001
WARNING:   Global With Scale:
mat4x4((1.034451, 0.007618, -0.012397, 0.000000), (0.001553, 0.640591, -0.675991, 0.000000), (-0.014553, 0.786631, 0.680543, 0.000000), (-0.197425, 0.148619, 0.226679, 1.000000))
WARNING:   Global No Scale:
mat4x4((0.999994, 0.003503, -0.000244, 0.000000), (-0.002563, 0.681233, -0.731313, 0.000000), (-0.002400, 0.731309, 0.681238, 0.000000), (-0.197425, 0.148619, 0.226679, 1.000000))
WARNING:   Final Skin Matrix:
mat4x4((1.024954, -0.140235, -0.041921, 0.000000), (-0.117878, -0.818111, -0.631644, 0.000000), (0.076676, 0.583294, -0.720781, 0.000000), (-0.056058, 0.198714, -0.059537, 1.000000))
INFO: DEBUG: After Storing Bone DEF-shin.R.001
WARNING: Bone: DEF-shoulder.L
WARNING:   Global With Scale:
mat4x4((0.332192, -0.942484, -0.037037, 0.000000), (0.943165, 0.331530, 0.022966, 0.000000), (-0.009366, -0.042561, 0.999050, 0.000000), (0.015295, 0.039566, 1.220282, 1.000000))
WARNING:   Global No Scale:
mat4x4((0.332192, -0.942484, -0.037037, 0.000000), (0.943165, 0.331530, 0.022966, 0.000000), (-0.009366, -0.042561, 0.999050, 0.000000), (0.015295, 0.039566, 1.220282, 1.000000))
WARNING:   Final Skin Matrix:
mat4x4((0.991563, -0.129600, -0.002596, 0.000000), (-0.129600, -0.990764, -0.039878, 0.000000), (0.002596, 0.039878, -0.999202, 0.000000), (-0.004285, 0.039127, -0.175994, 1.000000))
INFO: DEBUG: After Storing Bone DEF-shoulder.L
WARNING: Bone: DEF-shoulder.R
WARNING:   Global With Scale:
mat4x4((0.563450, 0.825422, 0.034692, 0.000000), (-0.826144, 0.562783, 0.027599, 0.000000), (0.003256, -0.044211, 0.999017, 0.000000), (-0.015906, 0.043644, 1.220364, 1.000000))
WARNING:   Global No Scale:
mat4x4((0.563450, 0.825422, 0.034692, 0.000000), (-0.826144, 0.562783, 0.027599, 0.000000), (0.003256, -0.044211, 0.999017, 0.000000), (-0.015906, 0.043644, 1.220364, 1.000000))
WARNING:   Final Skin Matrix:
mat4x4((0.991563, -0.129599, -0.002596, 0.000000), (-0.129599, -0.990764, -0.039878, 0.000000), (0.002596, 0.039878, -0.999201, 0.000000), (-0.004285, 0.039127, -0.175994, 1.000000))
INFO: DEBUG: After Storing Bone DEF-shoulder.R
WARNING: Bone: DEF-spine
WARNING:   Global With Scale:
mat4x4((0.991563, -0.129599, -0.002596, 0.000000), (-0.034867, -0.285948, 0.957611, 0.000000), (-0.124848, -0.949441, -0.288054, 0.000000), (0.014794, 0.167290, 0.713263, 1.000000))
WARNING:   Global No Scale:
mat4x4((0.991563, -0.129599, -0.002596, 0.000000), (-0.034867, -0.285948, 0.957611, 0.000000), (-0.124848, -0.949441, -0.288054, 0.000000), (0.014794, 0.167290, 0.713263, 1.000000))
WARNING:   Final Skin Matrix:
mat4x4((0.991563, -0.129600, -0.002596, 0.000000), (-0.129600, -0.990764, -0.039877, 0.000000), (0.002596, 0.039877, -0.999201, 0.000000), (-0.004285, 0.039126, -0.175994, 1.000000))
INFO: DEBUG: After Storing Bone DEF-spine
WARNING: Bone: DEF-spine.001
WARNING:   Global With Scale:
mat4x4((0.991563, -0.129599, -0.002596, 0.000000), (-0.018511, -0.161393, 0.986717, 0.000000), (-0.128297, -0.978344, -0.162430, 0.000000), (0.010231, 0.129869, 0.838582, 1.000000))
WARNING:   Global No Scale:
mat4x4((0.991563, -0.129599, -0.002596, 0.000000), (-0.018511, -0.161392, 0.986717, 0.000000), (-0.128297, -0.978344, -0.162430, 0.000000), (0.010231, 0.129869, 0.838582, 1.000000))
WARNING:   Final Skin Matrix:
mat4x4((0.991563, -0.129600, -0.002596, 0.000000), (-0.129600, -0.990764, -0.039877, 0.000000), (0.002596, 0.039877, -0.999201, 0.000000), (-0.004285, 0.039125, -0.175994, 1.000000))
INFO: DEBUG: After Storing Bone DEF-spine.001
WARNING: Bone: DEF-spine.002
WARNING:   Global With Scale:
mat4x4((0.991563, -0.129599, -0.002596, 0.000000), (0.001528, -0.008338, 0.999964, 0.000000), (-0.129616, -0.991531, -0.008070, 0.000000), (0.008057, 0.110911, 0.954491, 1.000000))
WARNING:   Global No Scale:
mat4x4((0.991563, -0.129599, -0.002596, 0.000000), (0.001528, -0.008338, 0.999964, 0.000000), (-0.129616, -0.991531, -0.008069, 0.000000), (0.008057, 0.110911, 0.954491, 1.000000))
WARNING:   Final Skin Matrix:
mat4x4((0.991563, -0.129600, -0.002596, 0.000000), (-0.129600, -0.990764, -0.039877, 0.000000), (0.002596, 0.039877, -0.999201, 0.000000), (-0.004285, 0.039125, -0.175994, 1.000000))
INFO: DEBUG: After Storing Bone DEF-spine.002
WARNING: Bone: DEF-spine.003
WARNING:   Global With Scale:
mat4x4((0.991563, -0.129600, -0.002596, 0.000000), (0.001106, -0.011565, 0.999933, 0.000000), (-0.129621, -0.991499, -0.011324, 0.000000), (0.008284, 0.109671, 1.103121, 1.000000))
WARNING:   Global No Scale:
mat4x4((0.991563, -0.129600, -0.002596, 0.000000), (0.001106, -0.011565, 0.999932, 0.000000), (-0.129621, -0.991499, -0.011324, 0.000000), (0.008284, 0.109671, 1.103121, 1.000000))
WARNING:   Final Skin Matrix:
mat4x4((0.991563, -0.129600, -0.002596, 0.000000), (-0.129600, -0.990764, -0.039877, 0.000000), (0.002596, 0.039877, -0.999201, 0.000000), (-0.004285, 0.039126, -0.175994, 1.000000))
INFO: DEBUG: After Storing Bone DEF-spine.003
WARNING: Bone: DEF-spine.004
WARNING:   Global With Scale:
mat4x4((0.991563, -0.129600, -0.002596, 0.000000), (-0.050207, -0.402445, 0.914066, 0.000000), (-0.119507, -0.906224, -0.405556, 0.000000), (0.008467, 0.107756, 1.268673, 1.000000))
WARNING:   Global No Scale:
mat4x4((0.991563, -0.129600, -0.002596, 0.000000), (-0.050207, -0.402445, 0.914066, 0.000000), (-0.119507, -0.906224, -0.405556, 0.000000), (0.008467, 0.107756, 1.268673, 1.000000))
WARNING:   Final Skin Matrix:
mat4x4((0.991563, -0.129600, -0.002596, 0.000000), (-0.129600, -0.990764, -0.039878, 0.000000), (0.002596, 0.039878, -0.999201, 0.000000), (-0.004285, 0.039127, -0.175994, 1.000000))
INFO: DEBUG: After Storing Bone DEF-spine.004
WARNING: Bone: DEF-spine.005
WARNING:   Global With Scale:
mat4x4((0.999628, -0.011237, 0.024847, 0.000000), (-0.026733, -0.224062, 0.974208, 0.000000), (-0.005380, -0.974510, -0.224279, 0.000000), (0.005611, 0.084865, 1.320667, 1.000000))
WARNING:   Global No Scale:
mat4x4((0.999628, -0.011237, 0.024846, 0.000000), (-0.026733, -0.224061, 0.974208, 0.000000), (-0.005380, -0.974510, -0.224278, 0.000000), (0.005611, 0.084865, 1.320667, 1.000000))
WARNING:   Final Skin Matrix:
mat4x4((0.999628, -0.011237, 0.024847, 0.000000), (-0.010274, -0.999204, -0.038553, 0.000000), (0.025260, 0.038283, -0.998948, 0.000000), (0.042248, 0.035848, -0.175474, 1.000000))
INFO: DEBUG: After Storing Bone DEF-spine.005
WARNING: Bone: DEF-spine.006
WARNING:   Global With Scale:
mat4x4((0.992523, 0.116179, -0.037422, 0.000000), (0.073040, -0.319691, 0.944703, 0.000000), (0.097791, -0.940372, -0.325786, 0.000000), (0.004170, 0.072786, 1.373182, 1.000000))
WARNING:   Global No Scale:
mat4x4((0.992523, 0.116179, -0.037422, 0.000000), (0.073040, -0.319691, 0.944703, 0.000000), (0.097791, -0.940372, -0.325786, 0.000000), (0.004170, 0.072786, 1.373182, 1.000000))
WARNING:   Final Skin Matrix:
mat4x4((0.992523, 0.116179, -0.037422, 0.000000), (0.097791, -0.940372, -0.325786, 0.000000), (-0.073040, 0.319691, -0.944703, 0.000000), (-0.099382, 0.476727, -0.119219, 1.000000))
INFO: DEBUG: After Storing Bone DEF-spine.006
WARNING: Bone: DEF-thigh.L
WARNING:   Global With Scale:
mat4x4((0.964341, -0.135960, 0.297986, 0.000000), (0.137708, -0.618121, -0.727676, 0.000000), (0.293501, 0.769983, -0.598514, 0.000000), (0.093428, 0.117786, 0.764923, 1.000000))
WARNING:   Global No Scale:
mat4x4((0.945007, -0.138367, 0.296155, 0.000000), (0.140116, -0.645480, -0.748667, 0.000000), (0.295332, 0.748992, -0.590489, 0.000000), (0.093428, 0.117786, 0.764923, 1.000000))
WARNING:   Final Skin Matrix:
mat4x4((1.001412, -0.074945, 0.168291, 0.000000), (-0.161341, -0.808116, 0.598278, 0.000000), (0.078765, -0.578588, -0.768289, 0.000000), (0.062171, -0.521441, 0.107681, 1.000000))
INFO: DEBUG: After Storing Bone DEF-thigh.L
WARNING: Bone: DEF-thigh.L.001
WARNING:   Global With Scale:
mat4x4((0.948977, -0.173132, 0.326653, 0.000000), (0.137708, -0.618121, -0.727676, 0.000000), (0.339911, 0.762485, -0.583363, 0.000000), (0.124809, -0.023067, 0.599105, 1.000000))
WARNING:   Global No Scale:
mat4x4((0.929286, -0.175354, 0.324904, 0.000000), (0.139930, -0.645745, -0.748828, 0.000000), (0.341660, 0.741333, -0.575430, 0.000000), (0.124809, -0.023067, 0.599105, 1.000000))
WARNING:   Final Skin Matrix:
mat4x4((0.992276, -0.112693, 0.198626, 0.000000), (-0.209283, -0.805438, 0.586932, 0.000000), (0.081540, -0.576195, -0.769796, 0.000000), (0.059398, -0.515676, 0.102260, 1.000000))
INFO: DEBUG: After Storing Bone DEF-thigh.L.001
WARNING: Bone: DEF-thigh.R
WARNING:   Global With Scale:
mat4x4((0.976428, -0.047028, -0.285854, 0.000000), (-0.272253, -0.259531, -0.887275, 0.000000), (-0.033684, 0.979741, -0.276242, 0.000000), (-0.073655, 0.139624, 0.765361, 1.000000))
WARNING:   Global No Scale:
mat4x4((0.959389, -0.040904, -0.278410, 0.000000), (-0.278377, -0.276422, -0.913203, 0.000000), (-0.041127, 0.953813, -0.276390, 0.000000), (-0.073655, 0.139624, 0.765361, 1.000000))
WARNING:   Final Skin Matrix:
mat4x4((0.988362, -0.157267, -0.187792, 0.000000), (-0.103687, -0.976390, 0.270235, 0.000000), (-0.202629, -0.226693, -0.914869, 0.000000), (-0.193485, -0.211080, -0.072866, 1.000000))
INFO: DEBUG: After Storing Bone DEF-thigh.R
WARNING: Bone: DEF-thigh.R.001
WARNING:   Global With Scale:
mat4x4((0.973971, -0.003493, -0.297834, 0.000000), (-0.272253, -0.259531, -0.887275, 0.000000), (-0.076992, 0.980863, -0.263281, 0.000000), (-0.135694, 0.080484, 0.563174, 1.000000))
WARNING:   Global No Scale:
mat4x4((0.956638, 0.002353, -0.290572, 0.000000), (-0.278099, -0.276527, -0.913371, 0.000000), (-0.084254, 0.954767, -0.263618, 0.000000), (-0.135694, 0.080484, 0.563174, 1.000000))
WARNING:   Final Skin Matrix:
mat4x4((0.991587, -0.114353, -0.201334, 0.000000), (-0.060469, -0.983065, 0.258927, 0.000000), (-0.204369, -0.223533, -0.915260, 0.000000), (-0.189306, -0.205360, -0.075821, 1.000000))
INFO: DEBUG: After Storing Bone DEF-thigh.R.001
WARNING: Bone: DEF-toe.L
WARNING:   Global With Scale:
mat4x4((-1.002637, -0.000510, -0.029630, 0.000000), (-0.010074, -1.034989, 0.019474, 0.000000), (0.010716, -0.038363, 0.968503, 0.000000), (0.213354, -0.130240, 0.035522, 1.000000))
WARNING:   Global No Scale:
mat4x4((-1.003109, 0.004827, -0.009434, 0.000000), (-0.004737, -1.003109, -0.009467, 0.000000), (-0.009479, -0.009422, 0.999911, 0.000000), (0.213354, -0.130240, 0.035522, 1.000000))
WARNING:   Final Skin Matrix:
mat4x4((1.002637, 0.000510, 0.029631, 0.000000), (-0.010074, -1.034988, 0.019474, 0.000000), (-0.010714, 0.038362, -0.968502, 0.000000), (0.066073, -0.167692, 0.004580, 1.000000))
INFO: DEBUG: After Storing Bone DEF-toe.L
WARNING: Bone: DEF-toe.R
WARNING:   Global With Scale:
mat4x4((-0.998160, 0.004117, 0.009002, 0.000000), (-0.003274, -1.007520, -0.004500, 0.000000), (-0.015582, 0.010370, 0.996191, 0.000000), (-0.196504, 0.180339, 0.033297, 1.000000))
WARNING:   Global No Scale:
mat4x4((-1.000940, 0.003691, -0.003295, 0.000000), (-0.003701, -1.000941, 0.002929, 0.000000), (-0.003285, 0.002941, 0.999990, 0.000000), (-0.196504, 0.180339, 0.033297, 1.000000))
WARNING:   Final Skin Matrix:
mat4x4((0.998160, -0.004117, -0.009003, 0.000000), (-0.003274, -1.007520, -0.004500, 0.000000), (0.015580, -0.010370, -0.996191, 0.000000), (-0.050237, 0.142004, 0.003699, 1.000000))
INFO: DEBUG: After Storing Bone DEF-toe.R
WARNING: Bone: DEF-upper_arm.L
WARNING:   Global With Scale:
mat4x4((-0.840872, 0.562019, 0.068729, 0.000000), (0.229517, 0.445438, -0.834440, 0.000000), (-0.513272, -0.704673, -0.517345, 0.000000), (0.195108, 0.099056, 1.208122, 1.000000))
WARNING:   Global No Scale:
mat4x4((-0.824288, 0.555518, 0.073737, 0.000000), (0.236019, 0.465805, -0.851713, 0.000000), (-0.508264, -0.687400, -0.513562, 0.000000), (0.195108, 0.099056, 1.208122, 1.000000))
WARNING:   Final Skin Matrix:
mat4x4((0.964242, 0.144623, -0.236819, 0.000000), (0.046557, -0.932646, -0.393881, 0.000000), (-0.302096, 0.346554, -0.870307, 0.000000), (-0.394966, 0.419430, -0.004166, 1.000000))
INFO: DEBUG: After Storing Bone DEF-upper_arm.L
WARNING: Bone: DEF-upper_arm.L.001
WARNING:   Global With Scale:
mat4x4((-0.898432, 0.469533, 0.003525, 0.000000), (0.229519, 0.445439, -0.834440, 0.000000), (-0.404144, -0.769394, -0.521879, 0.000000), (0.224725, 0.156535, 1.100447, 1.000000))
WARNING:   Global No Scale:
mat4x4((-0.881673, 0.463603, 0.008220, 0.000000), (0.235449, 0.465942, -0.851639, 0.000000), (-0.399449, -0.752195, -0.518136, 0.000000), (0.224725, 0.156535, 1.100447, 1.000000))
WARNING:   Final Skin Matrix:
mat4x4((0.955648, 0.241615, -0.187405, 0.000000), (0.168516, -0.932233, -0.360115, 0.000000), (-0.285537, 0.288806, -0.896580, 0.000000), (-0.353387, 0.321715, -0.044892, 1.000000))
INFO: DEBUG: After Storing Bone DEF-upper_arm.L.001
WARNING: Bone: DEF-upper_arm.R
WARNING:   Global With Scale:
mat4x4((-0.832242, -0.493620, 0.275433, 0.000000), (-0.211061, -0.173695, -0.949026, 0.000000), (0.522778, -0.858594, 0.040879, 0.000000), (-0.174450, 0.147358, 1.209089, 1.000000))
WARNING:   Global No Scale:
mat4x4((-0.821597, -0.493744, 0.274337, 0.000000), (-0.211186, -0.179050, -0.958906, 0.000000), (0.523875, -0.848714, 0.046169, 0.000000), (-0.174450, 0.147358, 1.209089, 1.000000))
WARNING:   Final Skin Matrix:
mat4x4((0.952950, 0.050569, 0.303158, 0.000000), (-0.035337, -0.969008, 0.267747, 0.000000), (0.317974, -0.263589, -0.902548, 0.000000), (0.437009, -0.343059, 0.057569, 1.000000))
INFO: DEBUG: After Storing Bone DEF-upper_arm.R
WARNING: Bone: DEF-upper_arm.R.001
WARNING:   Global With Scale:
mat4x4((-0.909157, -0.340083, 0.264438, 0.000000), (-0.211061, -0.173695, -0.949027, 0.000000), (0.373306, -0.930154, 0.087219, 0.000000), (-0.201685, 0.124944, 1.086628, 1.000000))
WARNING:   Global No Scale:
mat4x4((-0.898677, -0.340639, 0.263008, 0.000000), (-0.211617, -0.178746, -0.958549, 0.000000), (0.374736, -0.920632, 0.092648, 0.000000), (-0.201685, 0.124944, 1.086628, 1.000000))
WARNING:   Final Skin Matrix:
mat4x4((0.939781, -0.093886, 0.332525, 0.000000), (-0.201279, -0.939092, 0.299176, 0.000000), (0.294566, -0.346849, -0.882103, 0.000000), (0.378949, -0.480686, 0.095670, 1.000000))
INFO: DEBUG: After Storing Bone DEF-upper_arm.R.001
WARNING: Bone: root
WARNING:   Global With Scale:
mat4x4((1.000000, 0.000000, 0.000000, 0.000000), (0.000000, -0.000000, -1.000000, 0.000000), (0.000000, 1.000000, -0.000000, 0.000000), (0.000000, 0.000000, 0.000000, 1.000000))
WARNING:   Global No Scale:
mat4x4((1.000000, 0.000000, 0.000000, 0.000000), (0.000000, -0.000000, -1.000000, 0.000000), (0.000000, 1.000000, -0.000000, 0.000000), (0.000000, 0.000000, 0.000000, 1.000000))
WARNING:   Final Skin Matrix:
mat4x4((1.000000, 0.000000, 0.000000, 0.000000), (0.000000, -0.000000, -1.000000, 0.000000), (0.000000, 1.000000, -0.000000, 0.000000), (0.000000, 0.000000, 0.000000, 1.000000))
INFO: DEBUG: After Storing Bone root
INFO: DEBUG: Max Vertex Attributes: 32
INFO: Bone [DEF-spine] FINAL TRANSFORM:
INFO: mat4x4((0.991563, -0.129600, -0.002596, 0.000000), (-0.129600, -0.990764, -0.039877, 0.000000), (0.002596, 0.039877, -0.999201, 0.000000), (-0.004285, 0.039126, -0.175994, 1.000000))
INFO: Bone: DEF-spine Scale: vec3(1.000000, 1.000000, 1.000000) Translation: vec3(-0.004285, 0.039126, -0.175994) Skew: vec3(-0.000000, 0.000000, 0.000000)
INFO: Decomposed transform for DEF-spine: Translation(-0.00428523, 0.0391257, -0.175994), Scale(1, 1, 1)
INFO: Bone [DEF-spine.001] FINAL TRANSFORM:
INFO: mat4x4((0.991563, -0.129600, -0.002596, 0.000000), (-0.129600, -0.990764, -0.039877, 0.000000), (0.002596, 0.039877, -0.999201, 0.000000), (-0.004285, 0.039125, -0.175994, 1.000000))
INFO: Bone: DEF-spine.001 Scale: vec3(1.000000, 1.000000, 1.000000) Translation: vec3(-0.004285, 0.039125, -0.175994) Skew: vec3(-0.000000, 0.000000, 0.000000)
INFO: Decomposed transform for DEF-spine.001: Translation(-0.00428526, 0.0391253, -0.175994), Scale(1, 1, 1)
INFO: Bone [DEF-spine.002] FINAL TRANSFORM:
INFO: mat4x4((0.991563, -0.129600, -0.002596, 0.000000), (-0.129600, -0.990764, -0.039877, 0.000000), (0.002596, 0.039877, -0.999201, 0.000000), (-0.004285, 0.039125, -0.175994, 1.000000))
INFO: Bone: DEF-spine.002 Scale: vec3(1.000000, 1.000000, 1.000000) Translation: vec3(-0.004285, 0.039125, -0.175994) Skew: vec3(-0.000000, 0.000000, 0.000000)
INFO: Decomposed transform for DEF-spine.002: Translation(-0.00428527, 0.0391254, -0.175994), Scale(1, 1, 1)
INFO: Bone [DEF-spine.003] FINAL TRANSFORM:
INFO: mat4x4((0.991563, -0.129600, -0.002596, 0.000000), (-0.129600, -0.990764, -0.039877, 0.000000), (0.002596, 0.039877, -0.999201, 0.000000), (-0.004285, 0.039126, -0.175994, 1.000000))
INFO: Bone: DEF-spine.003 Scale: vec3(1.000000, 1.000000, 1.000000) Translation: vec3(-0.004285, 0.039126, -0.175994) Skew: vec3(-0.000000, 0.000000, 0.000000)
INFO: Decomposed transform for DEF-spine.003: Translation(-0.00428519, 0.0391259, -0.175994), Scale(1, 1, 1)
INFO: Bone [DEF-spine.004] FINAL TRANSFORM:
INFO: mat4x4((0.991563, -0.129600, -0.002596, 0.000000), (-0.129600, -0.990764, -0.039878, 0.000000), (0.002596, 0.039878, -0.999201, 0.000000), (-0.004285, 0.039127, -0.175994, 1.000000))
INFO: Bone: DEF-spine.004 Scale: vec3(1.000000, 1.000000, 1.000000) Translation: vec3(-0.004285, 0.039127, -0.175994) Skew: vec3(-0.000000, 0.000000, 0.000000)
INFO: Decomposed transform for DEF-spine.004: Translation(-0.00428502, 0.0391272, -0.175994), Scale(1, 1, 1)
INFO: Bone [DEF-spine.005] FINAL TRANSFORM:
INFO: mat4x4((0.999628, -0.011237, 0.024847, 0.000000), (-0.010274, -0.999204, -0.038553, 0.000000), (0.025260, 0.038283, -0.998948, 0.000000), (0.042248, 0.035848, -0.175474, 1.000000))
INFO: Bone: DEF-spine.005 Scale: vec3(1.000000, 1.000000, 1.000000) Translation: vec3(0.042248, 0.035848, -0.175474) Skew: vec3(-0.000000, -0.000000, -0.000000)
INFO: Decomposed transform for DEF-spine.005: Translation(0.042248, 0.0358483, -0.175474), Scale(1, 1, 1)
INFO: Bone [DEF-spine.006] FINAL TRANSFORM:
INFO: mat4x4((0.992523, 0.116179, -0.037422, 0.000000), (0.097791, -0.940372, -0.325786, 0.000000), (-0.073040, 0.319691, -0.944703, 0.000000), (-0.099382, 0.476727, -0.119219, 1.000000))
INFO: Bone: DEF-spine.006 Scale: vec3(1.000000, 1.000000, 1.000000) Translation: vec3(-0.099382, 0.476727, -0.119219) Skew: vec3(-0.000000, 0.000000, -0.000000)
INFO: Decomposed transform for DEF-spine.006: Translation(-0.099382, 0.476727, -0.119219), Scale(1, 1, 1)
INFO: Bone [DEF-shoulder.L] FINAL TRANSFORM:
INFO: mat4x4((0.991563, -0.129600, -0.002596, 0.000000), (-0.129600, -0.990764, -0.039878, 0.000000), (0.002596, 0.039878, -0.999202, 0.000000), (-0.004285, 0.039127, -0.175994, 1.000000))
INFO: Bone: DEF-shoulder.L Scale: vec3(1.000000, 1.000000, 1.000000) Translation: vec3(-0.004285, 0.039127, -0.175994) Skew: vec3(-0.000000, 0.000000, -0.000000)
INFO: Decomposed transform for DEF-shoulder.L: Translation(-0.00428515, 0.0391272, -0.175994), Scale(1, 1, 1)
INFO: Bone [DEF-upper_arm.L] FINAL TRANSFORM:
INFO: mat4x4((0.964242, 0.144623, -0.236819, 0.000000), (0.046557, -0.932646, -0.393881, 0.000000), (-0.302096, 0.346554, -0.870307, 0.000000), (-0.394966, 0.419430, -0.004166, 1.000000))
INFO: Bone: DEF-upper_arm.L Scale: vec3(1.003375, 1.013473, 0.983638) Translation: vec3(-0.394966, 0.419430, -0.004166) Skew: vec3(0.005653, -0.035532, 0.003233)
INFO: Decomposed transform for DEF-upper_arm.L: Translation(-0.394966, 0.41943, -0.00416553), Scale(1.00337, 1.01347, 0.983638)
INFO: Bone [DEF-upper_arm.L.001] FINAL TRANSFORM:
INFO: mat4x4((0.955648, 0.241615, -0.187405, 0.000000), (0.168516, -0.932233, -0.360115, 0.000000), (-0.285537, 0.288806, -0.896580, 0.000000), (-0.353387, 0.321715, -0.044892, 1.000000))
INFO: Bone: DEF-upper_arm.L.001 Scale: vec3(1.003375, 1.013473, 0.983638) Translation: vec3(-0.353387, 0.321715, -0.044892) Skew: vec3(0.005653, -0.035532, 0.003233)
INFO: Decomposed transform for DEF-upper_arm.L.001: Translation(-0.353387, 0.321715, -0.0448922), Scale(1.00338, 1.01347, 0.983638)
INFO: Bone [DEF-forearm.L] FINAL TRANSFORM:
INFO: mat4x4((0.864115, 0.103804, -0.493781, 0.000000), (0.243208, -0.965080, 0.214963, 0.000000), (-0.474119, -0.317934, -0.801326, 0.000000), (-0.530828, -0.343030, 0.255619, 1.000000))
INFO: Bone: DEF-forearm.L Scale: vec3(1.000644, 1.018197, 0.982558) Translation: vec3(-0.530828, -0.343030, 0.255619) Skew: vec3(0.019439, -0.047820, 0.003765)
INFO: Decomposed transform for DEF-forearm.L: Translation(-0.530828, -0.34303, 0.255619), Scale(1.00064, 1.0182, 0.982558)
INFO: Bone [DEF-forearm.L.001] FINAL TRANSFORM:
INFO: mat4x4((0.899260, -0.039406, -0.441088, 0.000000), (0.078902, -0.987892, 0.235937, 0.000000), (-0.464476, -0.256427, -0.825788, 0.000000), (-0.557304, -0.229868, 0.213886, 1.000000))
INFO: Bone: DEF-forearm.L.001 Scale: vec3(1.002388, 1.018719, 0.980347) Translation: vec3(-0.557304, -0.229868, 0.213886) Skew: vec3(0.022120, -0.044098, 0.005692)
INFO: Decomposed transform for DEF-forearm.L.001: Translation(-0.557304, -0.229868, 0.213886), Scale(1.00239, 1.01872, 0.980347)
INFO: Bone [DEF-hand.L] FINAL TRANSFORM:
INFO: mat4x4((1.006944, 0.003854, -0.006845, 0.000000), (-0.006225, -1.012775, -0.004455, 0.000000), (0.005458, -0.000103, -0.981980, 0.000000), (-0.165088, -0.006883, -0.140914, 1.000000))
INFO: Bone: DEF-hand.L Scale: vec3(1.006975, 1.012754, 0.981910) Translation: vec3(-0.165088, -0.006883, -0.140914) Skew: vec3(0.004592, 0.012356, -0.009944)
INFO: Decomposed transform for DEF-hand.L: Translation(-0.165088, -0.00688326, -0.140914), Scale(1.00697, 1.01275, 0.98191)
INFO: Bone [DEF-shoulder.R] FINAL TRANSFORM:
INFO: mat4x4((0.991563, -0.129599, -0.002596, 0.000000), (-0.129599, -0.990764, -0.039878, 0.000000), (0.002596, 0.039878, -0.999201, 0.000000), (-0.004285, 0.039127, -0.175994, 1.000000))
INFO: Bone: DEF-shoulder.R Scale: vec3(1.000000, 1.000000, 1.000000) Translation: vec3(-0.004285, 0.039127, -0.175994) Skew: vec3(-0.000000, 0.000000, -0.000000)
INFO: Decomposed transform for DEF-shoulder.R: Translation(-0.00428503, 0.0391274, -0.175994), Scale(1, 1, 1)
INFO: Bone [DEF-upper_arm.R] FINAL TRANSFORM:
INFO: mat4x4((0.952950, 0.050569, 0.303158, 0.000000), (-0.035337, -0.969008, 0.267747, 0.000000), (0.317974, -0.263589, -0.902548, 0.000000), (0.437009, -0.343059, 0.057569, 1.000000))
INFO: Bone: DEF-upper_arm.R Scale: vec3(1.001287, 1.005938, 0.992429) Translation: vec3(0.437009, -0.343059, 0.057569) Skew: vec3(0.002558, 0.016171, -0.001496)
INFO: Decomposed transform for DEF-upper_arm.R: Translation(0.437009, -0.343059, 0.0575686), Scale(1.00129, 1.00594, 0.992429)
INFO: Bone [DEF-upper_arm.R.001] FINAL TRANSFORM:
INFO: mat4x4((0.939781, -0.093886, 0.332525, 0.000000), (-0.201279, -0.939092, 0.299176, 0.000000), (0.294566, -0.346849, -0.882103, 0.000000), (0.378949, -0.480686, 0.095670, 1.000000))
INFO: Bone: DEF-upper_arm.R.001 Scale: vec3(1.001287, 1.005938, 0.992429) Translation: vec3(0.378949, -0.480686, 0.095670) Skew: vec3(0.002558, 0.016171, -0.001496)
INFO: Decomposed transform for DEF-upper_arm.R.001: Translation(0.378949, -0.480686, 0.0956705), Scale(1.00129, 1.00594, 0.992429)
INFO: Bone [DEF-forearm.R] FINAL TRANSFORM:
INFO: mat4x4((0.892335, -0.085769, 0.441544, 0.000000), (-0.333534, -0.802403, 0.504245, 0.000000), (0.320881, -0.599839, -0.727298, 0.000000), (0.373051, -0.749321, 0.342821, 1.000000))
INFO: Bone: DEF-forearm.R Scale: vec3(0.999289, 1.004649, 0.995690) Translation: vec3(0.373051, -0.749321, 0.342821) Skew: vec3(0.007652, 0.016731, -0.006132)
INFO: Decomposed transform for DEF-forearm.R: Translation(0.373051, -0.749321, 0.342821), Scale(0.999289, 1.00465, 0.99569)
INFO: Bone [DEF-forearm.R.001] FINAL TRANSFORM:
INFO: mat4x4((0.950368, 0.078049, 0.305046, 0.000000), (-0.103023, -0.853468, 0.518761, 0.000000), (0.310899, -0.525846, -0.784870, 0.000000), (0.417080, -0.619686, 0.235018, 1.000000))
INFO: Bone: DEF-forearm.R.001 Scale: vec3(1.001171, 1.004040, 0.994422) Translation: vec3(0.417080, -0.619686, 0.235018) Skew: vec3(0.009713, 0.015072, -0.006244)
INFO: Decomposed transform for DEF-forearm.R.001: Translation(0.41708, -0.619686, 0.235018), Scale(1.00117, 1.00404, 0.994422)
INFO: Bone [DEF-hand.R] FINAL TRANSFORM:
INFO: mat4x4((1.005204, 0.000138, -0.001896, 0.000000), (0.001537, -1.005483, 0.002157, 0.000000), (0.005715, 0.004093, -0.989029, 0.000000), (0.162731, -0.167185, -0.150232, 1.000000))
INFO: Bone: DEF-hand.R Scale: vec3(1.005206, 1.005486, 0.989005) Translation: vec3(0.162731, -0.167185, -0.150232) Skew: vec3(-0.006285, 0.007664, 0.001387)
INFO: Decomposed transform for DEF-hand.R: Translation(0.162731, -0.167185, -0.150232), Scale(1.00521, 1.00549, 0.989005)
INFO: Bone [DEF-breast.L] FINAL TRANSFORM:
INFO: mat4x4((0.991563, -0.129600, -0.002596, 0.000000), (-0.129600, -0.990764, -0.039877, 0.000000), (0.002596, 0.039877, -0.999201, 0.000000), (-0.004285, 0.039126, -0.175994, 1.000000))
INFO: Bone: DEF-breast.L Scale: vec3(1.000000, 1.000000, 1.000000) Translation: vec3(-0.004285, 0.039126, -0.175994) Skew: vec3(-0.000000, 0.000000, 0.000000)
INFO: Decomposed transform for DEF-breast.L: Translation(-0.00428488, 0.0391258, -0.175994), Scale(1, 1, 1)
INFO: Bone [DEF-breast.R] FINAL TRANSFORM:
INFO: mat4x4((0.991563, -0.129600, -0.002596, 0.000000), (-0.129600, -0.990764, -0.039877, 0.000000), (0.002596, 0.039877, -0.999201, 0.000000), (-0.004285, 0.039126, -0.175993, 1.000000))
INFO: Bone: DEF-breast.R Scale: vec3(1.000000, 1.000000, 1.000000) Translation: vec3(-0.004285, 0.039126, -0.175993) Skew: vec3(-0.000000, 0.000000, 0.000000)
INFO: Decomposed transform for DEF-breast.R: Translation(-0.0042849, 0.0391258, -0.175993), Scale(1, 1, 1)
INFO: Bone [DEF-pelvis.L] FINAL TRANSFORM:
INFO: mat4x4((0.991562, -0.129600, -0.002596, 0.000000), (-0.129600, -0.990764, -0.039877, 0.000000), (0.002596, 0.039877, -0.999201, 0.000000), (-0.004285, 0.039126, -0.175994, 1.000000))
INFO: Bone: DEF-pelvis.L Scale: vec3(0.999999, 1.000000, 1.000000) Translation: vec3(-0.004285, 0.039126, -0.175994) Skew: vec3(-0.000000, 0.000000, -0.000000)
INFO: Decomposed transform for DEF-pelvis.L: Translation(-0.00428525, 0.0391257, -0.175994), Scale(0.999999, 1, 1)
INFO: Bone [DEF-thigh.L] FINAL TRANSFORM:
INFO: mat4x4((1.001412, -0.074945, 0.168291, 0.000000), (-0.161341, -0.808116, 0.598278, 0.000000), (0.078765, -0.578588, -0.768289, 0.000000), (0.062171, -0.521441, 0.107681, 1.000000))
INFO: Bone: DEF-thigh.L Scale: vec3(1.018216, 1.018341, 0.964969) Translation: vec3(0.062171, -0.521441, 0.107681) Skew: vec3(-0.004879, -0.007184, -0.000308)
INFO: Decomposed transform for DEF-thigh.L: Translation(0.0621709, -0.521441, 0.107681), Scale(1.01822, 1.01834, 0.964969)
INFO: Bone [DEF-thigh.L.001] FINAL TRANSFORM:
INFO: mat4x4((0.992276, -0.112693, 0.198626, 0.000000), (-0.209283, -0.805438, 0.586932, 0.000000), (0.081540, -0.576195, -0.769796, 0.000000), (0.059398, -0.515676, 0.102260, 1.000000))
INFO: Bone: DEF-thigh.L.001 Scale: vec3(1.018216, 1.018341, 0.964969) Translation: vec3(0.059398, -0.515676, 0.102260) Skew: vec3(-0.004880, -0.007184, -0.000308)
INFO: Decomposed transform for DEF-thigh.L.001: Translation(0.0593984, -0.515676, 0.10226), Scale(1.01822, 1.01834, 0.964969)
INFO: Bone [DEF-shin.L] FINAL TRANSFORM:
INFO: mat4x4((1.033294, -0.047289, 0.083611, 0.000000), (-0.043347, -1.000907, -0.270274, 0.000000), (0.063094, 0.269668, -0.889423, 0.000000), (0.063652, -0.136067, -0.034506, 1.000000))
INFO: Bone: DEF-shin.L Scale: vec3(1.037749, 1.037482, 0.930772) Translation: vec3(0.063652, -0.136067, -0.034506) Skew: vec3(-0.033830, -0.022698, -0.018629)
INFO: Decomposed transform for DEF-shin.L: Translation(0.0636523, -0.136067, -0.034506), Scale(1.03775, 1.03748, 0.930772)
INFO: Bone [DEF-shin.L.001] FINAL TRANSFORM:
INFO: mat4x4((1.034033, -0.003589, 0.097807, 0.000000), (0.002244, -1.002987, -0.263089, 0.000000), (0.065779, 0.266037, -0.890129, 0.000000), (0.069768, -0.143046, -0.035699, 1.000000))
INFO: Bone: DEF-shin.L.001 Scale: vec3(1.038654, 1.036745, 0.930621) Translation: vec3(0.069768, -0.143046, -0.035699) Skew: vec3(-0.034067, -0.020690, -0.018398)
INFO: Decomposed transform for DEF-shin.L.001: Translation(0.069768, -0.143046, -0.0356992), Scale(1.03865, 1.03675, 0.930621)
INFO: Bone [DEF-foot.L] FINAL TRANSFORM:
INFO: mat4x4((1.002637, 0.000483, 0.029615, 0.000000), (-0.010099, -1.034994, 0.019611, 0.000000), (-0.010733, 0.038214, -0.968500, 0.000000), (0.066072, -0.167693, 0.004587, 1.000000))
INFO: Bone: DEF-foot.L Scale: vec3(1.003074, 1.035181, 0.966847) Translation: vec3(0.066072, -0.167693, 0.004587) Skew: vec3(-0.058780, -0.040652, -0.009674)
INFO: Decomposed transform for DEF-foot.L: Translation(0.0660718, -0.167693, 0.00458732), Scale(1.00307, 1.03518, 0.966847)
INFO: Bone [DEF-toe.L] FINAL TRANSFORM:
INFO: mat4x4((1.002637, 0.000510, 0.029631, 0.000000), (-0.010074, -1.034988, 0.019474, 0.000000), (-0.010714, 0.038362, -0.968502, 0.000000), (0.066073, -0.167692, 0.004580, 1.000000))
INFO: Bone: DEF-toe.L Scale: vec3(1.003075, 1.035172, 0.966854) Translation: vec3(0.066073, -0.167692, 0.004580) Skew: vec3(-0.058801, -0.040648, -0.009680)
INFO: Decomposed transform for DEF-toe.L: Translation(0.0660732, -0.167692, 0.00457982), Scale(1.00308, 1.03517, 0.966854)
INFO: Bone [DEF-pelvis.R] FINAL TRANSFORM:
INFO: mat4x4((0.991563, -0.129599, -0.002596, 0.000000), (-0.129599, -0.990765, -0.039877, 0.000000), (0.002597, 0.039877, -0.999202, 0.000000), (-0.004285, 0.039125, -0.175994, 1.000000))
INFO: Bone: DEF-pelvis.R Scale: vec3(1.000000, 1.000000, 1.000000) Translation: vec3(-0.004285, 0.039125, -0.175994) Skew: vec3(0.000000, 0.000000, -0.000000)
INFO: Decomposed transform for DEF-pelvis.R: Translation(-0.00428471, 0.0391253, -0.175994), Scale(1, 1, 1)
INFO: Bone [DEF-thigh.R] FINAL TRANSFORM:
INFO: mat4x4((0.988362, -0.157267, -0.187792, 0.000000), (-0.103687, -0.976390, 0.270235, 0.000000), (-0.202629, -0.226693, -0.914869, 0.000000), (-0.193485, -0.211080, -0.072866, 1.000000))
INFO: Bone: DEF-thigh.R Scale: vec3(1.018262, 1.018389, 0.964034) Translation: vec3(-0.193485, -0.211080, -0.072866) Skew: vec3(-0.004972, 0.007320, 0.000314)
INFO: Decomposed transform for DEF-thigh.R: Translation(-0.193485, -0.21108, -0.0728658), Scale(1.01826, 1.01839, 0.964034)
INFO: Bone [DEF-thigh.R.001] FINAL TRANSFORM:
INFO: mat4x4((0.991587, -0.114353, -0.201334, 0.000000), (-0.060469, -0.983065, 0.258927, 0.000000), (-0.204369, -0.223533, -0.915260, 0.000000), (-0.189306, -0.205360, -0.075821, 1.000000))
INFO: Bone: DEF-thigh.R.001 Scale: vec3(1.018262, 1.018389, 0.964034) Translation: vec3(-0.189306, -0.205360, -0.075821) Skew: vec3(-0.004972, 0.007320, 0.000314)
INFO: Decomposed transform for DEF-thigh.R.001: Translation(-0.189306, -0.20536, -0.0758212), Scale(1.01826, 1.01839, 0.964034)
INFO: Bone [DEF-shin.R] FINAL TRANSFORM:
INFO: mat4x4((1.004521, -0.231454, -0.120432, 0.000000), (-0.237999, -0.801714, -0.615259, 0.000000), (0.067804, 0.576964, -0.726092, 0.000000), (-0.075600, 0.186979, -0.069327, 1.000000))
INFO: Bone: DEF-shin.R Scale: vec3(1.037853, 1.038045, 0.929124) Translation: vec3(-0.075600, 0.186979, -0.069327) Skew: vec3(-0.033577, 0.022830, 0.019104)
INFO: Decomposed transform for DEF-shin.R: Translation(-0.0756004, 0.186979, -0.0693268), Scale(1.03785, 1.03805, 0.929124)
INFO: Bone [DEF-shin.R.001] FINAL TRANSFORM:
INFO: mat4x4((1.024954, -0.140235, -0.041921, 0.000000), (-0.117878, -0.818111, -0.631644, 0.000000), (0.076676, 0.583294, -0.720781, 0.000000), (-0.056058, 0.198714, -0.059537, 1.000000))
