INFO: ImGui initialized successfully.
INFO: DEBUG: Initializing shaders...
INFO: DEBUG: Bone shader compiled successfully.
INFO: Shaders initialized successfully.
INFO: PhysicsManager initialized successfully.
INFO: Entering SceneTest2.
INFO: Loading model from path: Character_TPose_NoAnim.fbx
INFO: Global inverse transform set from root node transformation.
INFO: Global inverse transform matrix: mat4x4((1.000000, -0.000000, 0.000000, -0.000000), (-0.000000, 1.000000, -0.000000, 0.000000), (0.000000, -0.000000, 1.000000, -0.000000), (-0.000000, 0.000000, -0.000000, 1.000000))
INFO: Assimp Offset Matrix [DEF-spine]: mat4x4((1.000000, 0.000000, 0.000000, 0.000000), (0.000000, 0.971880, -0.235478, 0.000000), (0.000000, 0.235478, 0.971880, 0.000000), (0.000000, -0.916629, 0.341921, 1.000000))
INFO: New bone added: DEF-spine assigned index: 0
INFO: Assimp Offset Matrix [DEF-spine.001]: mat4x4((1.000000, 0.000000, 0.000000, 0.000000), (0.000000, 0.992413, -0.122954, 0.000000), (0.000000, 0.122954, 0.992412, 0.000000), (0.000000, -1.104045, 0.217266, 1.000000))
INFO: New bone added: DEF-spine.001 assigned index: 1
INFO: Assimp Offset Matrix [DEF-spine.002]: mat4x4((1.000000, 0.000000, 0.000000, 0.000000), (0.000000, 0.999869, 0.016174, 0.000000), (0.000000, -0.016174, 0.999869, 0.000000), (0.000000, -1.211187, 0.049404, 1.000000))
INFO: New bone added: DEF-spine.002 assigned index: 2
INFO: Assimp Offset Matrix [DEF-spine.003]: mat4x4((1.000000, 0.000000, 0.000000, 0.000000), (0.000000, 0.999592, 0.028560, 0.000000), (0.000000, -0.028560, 0.999592, 0.000000), (0.000000, -1.385738, 0.032239, 1.000000))
INFO: New bone added: DEF-spine.003 assigned index: 3
INFO: Assimp Offset Matrix [DEF-spine.004]: mat4x4((1.000000, 0.000000, 0.000000, 0.000000), (0.000000, 0.929516, -0.368784, 0.000000), (0.000000, 0.368784, 0.929515, 0.000000), (0.000000, -1.420450, 0.646168, 1.000000))
INFO: New bone added: DEF-spine.004 assigned index: 4
INFO: Assimp Offset Matrix [DEF-spine.005]: mat4x4((1.000000, 0.000000, 0.000000, 0.000000), (0.000000, 0.982436, -0.186599, 0.000000), (0.000000, 0.186599, 0.982436, 0.000000), (0.000000, -1.575778, 0.354954, 1.000000))
INFO: New bone added: DEF-spine.005 assigned index: 5
INFO: Assimp Offset Matrix [DEF-spine.006]: mat4x4((1.000000, 0.000000, 0.000000, 0.000000), (0.000000, 1.000000, 0.000000, 0.000000), (0.000000, -0.000000, 1.000000, 0.000000), (0.000000, -1.670135, 0.044083, 1.000000))
INFO: New bone added: DEF-spine.006 assigned index: 6
INFO: Assimp Offset Matrix [DEF-pelvis.L]: mat4x4((-0.421772, 0.536322, -0.731073, 0.000000), (-0.276837, 0.691624, 0.667096, 0.000000), (0.863406, 0.483751, -0.143234, 0.000000), (0.369463, -0.615484, -0.664677, 1.000000))
INFO: New bone added: DEF-pelvis.L assigned index: 7
INFO: Assimp Offset Matrix [DEF-pelvis.R]: mat4x4((-0.421772, -0.536322, 0.731073, 0.000000), (0.276837, 0.691624, 0.667096, 0.000000), (-0.863406, 0.483751, -0.143234, 0.000000), (-0.369463, -0.615484, -0.664677, 1.000000))
INFO: New bone added: DEF-pelvis.R assigned index: 8
INFO: Assimp Offset Matrix [DEF-thigh.L]: mat4x4((0.935413, -0.093497, 0.340969, 0.000000), (-0.058897, -0.992132, -0.110475, 0.000000), (0.348616, 0.083258, -0.933563, 0.000000), (-0.033043, 1.046192, -0.002256, 1.000000))
INFO: New bone added: DEF-thigh.L assigned index: 9
INFO: Assimp Offset Matrix [DEF-thigh.L.001]: mat4x4((0.935413, -0.093497, 0.340971, 0.000000), (-0.058897, -0.992132, -0.110475, 0.000000), (0.348618, 0.083258, -0.933562, 0.000000), (-0.033043, 0.792186, -0.002256, 1.000000))
INFO: New bone added: DEF-thigh.L.001 assigned index: 10
INFO: Assimp Offset Matrix [DEF-shin.L]: mat4x4((0.935419, -0.049134, 0.350111, 0.000000), (-0.058899, -0.998115, 0.017290, 0.000000), (0.348602, -0.036794, -0.936551, 0.000000), (-0.033043, 0.533475, -0.071050, 1.000000))
INFO: New bone added: DEF-shin.L assigned index: 11
INFO: Assimp Offset Matrix [DEF-shin.L.001]: mat4x4((0.935419, -0.049134, 0.350110, 0.000000), (-0.058899, -0.998115, 0.017290, 0.000000), (0.348601, -0.036794, -0.936551, 0.000000), (-0.033043, 0.321455, -0.071050, 1.000000))
INFO: New bone added: DEF-shin.L.001 assigned index: 12
INFO: Assimp Offset Matrix [DEF-foot.L]: mat4x4((0.964084, 0.178992, 0.196227, 0.000000), (0.265600, -0.649715, -0.712270, 0.000000), (0.000001, 0.738807, -0.673921, 0.000000), (-0.087786, 0.097231, 0.030920, 1.000000))
INFO: New bone added: DEF-foot.L assigned index: 13
INFO: Assimp Offset Matrix [DEF-toe.L]: mat4x4((-0.964084, -0.000000, -0.265600, 0.000000), (-0.265600, -0.000000, 0.964084, 0.000000), (0.000000, 1.000003, 0.000000, 0.000000), (0.087786, -0.018148, -0.025298, 1.000000))
INFO: New bone added: DEF-toe.L assigned index: 14
INFO: Assimp Offset Matrix [DEF-thigh.R]: mat4x4((0.935413, 0.093497, -0.340969, 0.000000), (0.058897, -0.992132, -0.110475, 0.000000), (-0.348616, 0.083258, -0.933563, 0.000000), (0.033043, 1.046192, -0.002256, 1.000000))
INFO: New bone added: DEF-thigh.R assigned index: 15
INFO: Assimp Offset Matrix [DEF-thigh.R.001]: mat4x4((0.935413, 0.093497, -0.340971, 0.000000), (0.058897, -0.992132, -0.110475, 0.000000), (-0.348618, 0.083258, -0.933562, 0.000000), (0.033043, 0.792186, -0.002256, 1.000000))
INFO: New bone added: DEF-thigh.R.001 assigned index: 16
INFO: Assimp Offset Matrix [DEF-shin.R]: mat4x4((0.935419, 0.049134, -0.350111, 0.000000), (0.058899, -0.998115, 0.017290, 0.000000), (-0.348602, -0.036794, -0.936551, 0.000000), (0.033043, 0.533475, -0.071050, 1.000000))
INFO: New bone added: DEF-shin.R assigned index: 17
INFO: Assimp Offset Matrix [DEF-shin.R.001]: mat4x4((0.935419, 0.049134, -0.350110, 0.000000), (0.058899, -0.998115, 0.017290, 0.000000), (-0.348601, -0.036794, -0.936551, 0.000000), (0.033043, 0.321455, -0.071050, 1.000000))
INFO: New bone added: DEF-shin.R.001 assigned index: 18
INFO: Assimp Offset Matrix [DEF-foot.R]: mat4x4((0.964084, -0.178992, -0.196227, 0.000000), (-0.265600, -0.649715, -0.712270, 0.000000), (-0.000001, 0.738807, -0.673921, 0.000000), (0.087786, 0.097231, 0.030920, 1.000000))
INFO: New bone added: DEF-foot.R assigned index: 19
INFO: Assimp Offset Matrix [DEF-toe.R]: mat4x4((-0.964084, 0.000000, 0.265600, 0.000000), (0.265600, -0.000000, 0.964084, 0.000000), (-0.000000, 1.000003, 0.000000, 0.000000), (-0.087786, -0.018148, -0.025298, 1.000000))
INFO: New bone added: DEF-toe.R assigned index: 20
INFO: Assimp Offset Matrix [DEF-shoulder.L]: mat4x4((0.507095, 0.861890, 0.000529, 0.000000), (-0.000074, -0.000570, 1.000000, 0.000000), (0.861890, -0.507095, -0.000225, 0.000000), (-0.004417, -0.015707, -1.510536, 1.000000))
INFO: New bone added: DEF-shoulder.L assigned index: 21
INFO: Assimp Offset Matrix [DEF-upper_arm.L]: mat4x4((0.001501, 0.997443, 0.071445, 0.000000), (0.954292, -0.022782, 0.298008, 0.000000), (0.298874, 0.067732, -0.951886, 0.000000), (-1.396936, -0.136329, -0.543537, 1.000000))
INFO: New bone added: DEF-upper_arm.L assigned index: 22
INFO: Assimp Offset Matrix [DEF-upper_arm.L.001]: mat4x4((0.001501, 0.997443, 0.071445, 0.000000), (0.954292, -0.022782, 0.298008, 0.000000), (0.298874, 0.067732, -0.951886, 0.000000), (-1.396935, -0.268159, -0.543537, 1.000000))
INFO: New bone added: DEF-upper_arm.L.001 assigned index: 23
INFO: Assimp Offset Matrix [DEF-forearm.L]: mat4x4((0.001501, 0.999878, -0.015562, 0.000000), (0.954291, 0.003219, 0.298861, 0.000000), (0.298875, -0.015300, -0.954170, 0.000000), (-1.396935, -0.445738, -0.506696, 1.000000))
INFO: New bone added: DEF-forearm.L assigned index: 24
INFO: Assimp Offset Matrix [DEF-forearm.L.001]: mat4x4((0.001501, 0.999878, -0.015562, 0.000000), (0.954291, 0.003219, 0.298861, 0.000000), (0.298875, -0.015300, -0.954170, 0.000000), (-1.396935, -0.565887, -0.506696, 1.000000))
INFO: New bone added: DEF-forearm.L.001 assigned index: 25
INFO: Assimp Offset Matrix [DEF-hand.L]: mat4x4((0.028306, 0.997909, 0.058098, 0.000000), (0.953443, -0.044410, 0.298287, 0.000000), (0.300243, 0.046949, -0.952707, 0.000000), (-1.413800, -0.609126, -0.555831, 1.000000))
INFO: New bone added: DEF-hand.L assigned index: 26
INFO: Assimp Offset Matrix [DEF-shoulder.R]: mat4x4((0.507095, -0.861890, -0.000529, 0.000000), (0.000074, -0.000570, 1.000000, 0.000000), (-0.861890, -0.507095, -0.000225, 0.000000), (0.004417, -0.015707, -1.510536, 1.000000))
INFO: New bone added: DEF-shoulder.R assigned index: 27
INFO: Assimp Offset Matrix [DEF-upper_arm.R]: mat4x4((0.001501, -0.997443, -0.071445, 0.000000), (-0.954292, -0.022782, 0.298008, 0.000000), (-0.298874, 0.067732, -0.951886, 0.000000), (1.396936, -0.136329, -0.543537, 1.000000))
INFO: New bone added: DEF-upper_arm.R assigned index: 28
INFO: Assimp Offset Matrix [DEF-upper_arm.R.001]: mat4x4((0.001501, -0.997443, -0.071445, 0.000000), (-0.954292, -0.022782, 0.298008, 0.000000), (-0.298874, 0.067732, -0.951886, 0.000000), (1.396935, -0.268159, -0.543537, 1.000000))
INFO: New bone added: DEF-upper_arm.R.001 assigned index: 29
INFO: Assimp Offset Matrix [DEF-forearm.R]: mat4x4((0.001501, -0.999878, 0.015562, 0.000000), (-0.954291, 0.003219, 0.298861, 0.000000), (-0.298874, -0.015300, -0.954170, 0.000000), (1.396935, -0.445738, -0.506696, 1.000000))
INFO: New bone added: DEF-forearm.R assigned index: 30
INFO: Assimp Offset Matrix [DEF-forearm.R.001]: mat4x4((0.001501, -0.999878, 0.015562, 0.000000), (-0.954292, 0.003219, 0.298861, 0.000000), (-0.298875, -0.015300, -0.954170, 0.000000), (1.396935, -0.565887, -0.506696, 1.000000))
INFO: New bone added: DEF-forearm.R.001 assigned index: 31
INFO: Assimp Offset Matrix [DEF-hand.R]: mat4x4((0.028306, -0.997909, -0.058098, 0.000000), (-0.953443, -0.044410, 0.298287, 0.000000), (-0.300244, 0.046949, -0.952707, 0.000000), (1.413800, -0.609126, -0.555832, 1.000000))
INFO: New bone added: DEF-hand.R assigned index: 32
INFO: Assimp Offset Matrix [DEF-breast.L]: mat4x4((-1.000000, -0.000000, 0.000000, 0.000000), (0.000000, -0.000000, 1.000000, 0.000000), (-0.000000, 1.000000, 0.000000, 0.000000), (0.107252, 0.110391, -1.378726, 1.000000))
INFO: New bone added: DEF-breast.L assigned index: 33
INFO: Assimp Offset Matrix [DEF-breast.R]: mat4x4((-1.000000, 0.000000, -0.000000, 0.000000), (-0.000000, -0.000000, 1.000000, 0.000000), (0.000000, 1.000000, 0.000000, 0.000000), (-0.107252, 0.110391, -1.378726, 1.000000))
INFO: New bone added: DEF-breast.R assigned index: 34
INFO: Mesh loaded successfully with explicit vertex and Assimp offset matrix logging.
INFO: Debug: VAO Bone IDs bound to location 3.
INFO: Debug: VAO Bone Weights bound to location 4.
INFO: Explicitly logging vertex attribute configuration:
INFO: Position bound to location 0
INFO: Normal bound to location 1
INFO: TexCoords bound to location 2
INFO: BoneIDs bound to location 3 (int attribute)
INFO: Bone Weights bound to location 4 (GL_FLOAT)
INFO: Vertex data size: 25344
INFO: Indices count: 25344
INFO: Vertex[0] Position: vec3(0.077874, 1.767432, -0.061131)
INFO: Vertex[0] Normal: vec3(0.980582, -0.019239, -0.195162)
INFO: Vertex[0] TexCoords: vec2(0.750000, 0.125000)
INFO: Vertex[0] BoneIDs: [5, 6, -1, -1]
INFO: Vertex[0] Weights: [0.032047, 0.967953, 0.000000, 0.000000]
INFO: ==== Explicit Bone Mapping BEGIN ====
INFO: Bone Mapping ID[2] maps to Bone Name[DEF-spine.002]
INFO: Bone Mapping ID[10] maps to Bone Name[DEF-thigh.L.001]
INFO: Bone Mapping ID[0] maps to Bone Name[DEF-spine]
INFO: Bone Mapping ID[1] maps to Bone Name[DEF-spine.001]
INFO: Bone Mapping ID[3] maps to Bone Name[DEF-spine.003]
INFO: Bone Mapping ID[7] maps to Bone Name[DEF-pelvis.L]
INFO: Bone Mapping ID[4] maps to Bone Name[DEF-spine.004]
INFO: Bone Mapping ID[23] maps to Bone Name[DEF-upper_arm.L.001]
INFO: Bone Mapping ID[9] maps to Bone Name[DEF-thigh.L]
INFO: Bone Mapping ID[5] maps to Bone Name[DEF-spine.005]
INFO: Bone Mapping ID[25] maps to Bone Name[DEF-forearm.L.001]
INFO: Bone Mapping ID[18] maps to Bone Name[DEF-shin.R.001]
INFO: Bone Mapping ID[6] maps to Bone Name[DEF-spine.006]
INFO: Bone Mapping ID[8] maps to Bone Name[DEF-pelvis.R]
INFO: Bone Mapping ID[30] maps to Bone Name[DEF-forearm.R]
INFO: Bone Mapping ID[11] maps to Bone Name[DEF-shin.L]
INFO: Bone Mapping ID[31] maps to Bone Name[DEF-forearm.R.001]
INFO: Bone Mapping ID[12] maps to Bone Name[DEF-shin.L.001]
INFO: Bone Mapping ID[13] maps to Bone Name[DEF-foot.L]
INFO: Bone Mapping ID[14] maps to Bone Name[DEF-toe.L]
INFO: Bone Mapping ID[15] maps to Bone Name[DEF-thigh.R]
INFO: Bone Mapping ID[16] maps to Bone Name[DEF-thigh.R.001]
INFO: Bone Mapping ID[24] maps to Bone Name[DEF-forearm.L]
INFO: Bone Mapping ID[17] maps to Bone Name[DEF-shin.R]
INFO: Bone Mapping ID[19] maps to Bone Name[DEF-foot.R]
INFO: Bone Mapping ID[20] maps to Bone Name[DEF-toe.R]
INFO: Bone Mapping ID[21] maps to Bone Name[DEF-shoulder.L]
INFO: Bone Mapping ID[22] maps to Bone Name[DEF-upper_arm.L]
INFO: Bone Mapping ID[26] maps to Bone Name[DEF-hand.L]
INFO: Bone Mapping ID[27] maps to Bone Name[DEF-shoulder.R]
INFO: Bone Mapping ID[28] maps to Bone Name[DEF-upper_arm.R]
INFO: Bone Mapping ID[29] maps to Bone Name[DEF-upper_arm.R.001]
INFO: Bone Mapping ID[32] maps to Bone Name[DEF-hand.R]
INFO: Bone Mapping ID[33] maps to Bone Name[DEF-breast.L]
INFO: Bone Mapping ID[34] maps to Bone Name[DEF-breast.R]
INFO: ==== EXPLICIT BONE MAPPING END ====
INFO: DEF-spine offset matrix explicitly logged for verification:
INFO: mat4x4((1.000000, 0.000000, 0.000000, 0.000000), (0.000000, 0.971880, -0.235478, 0.000000), (0.000000, 0.235478, 0.971880, 0.000000), (0.000000, -0.916629, 0.341921, 1.000000))
INFO: Processing node: RootNode with parent:
INFO: Processing node: Sphere with parent: RootNode
INFO: Processing node: metarig with parent: RootNode
INFO: Processing node: spine with parent: metarig
INFO: Processing node: spine.001 with parent: spine
INFO: Processing node: spine.002 with parent: spine.001
INFO: Processing node: spine.003 with parent: spine.002
INFO: Processing node: spine.004 with parent: spine.003
INFO: Processing node: spine.005 with parent: spine.004
INFO: Processing node: spine.006 with parent: spine.005
INFO: Processing node: shoulder.L with parent: spine.003
INFO: Processing node: upper_arm.L with parent: shoulder.L
INFO: Processing node: forearm.L with parent: upper_arm.L
INFO: Processing node: hand.L with parent: forearm.L
INFO: Processing node: shoulder.R with parent: spine.003
INFO: Processing node: upper_arm.R with parent: shoulder.R
INFO: Processing node: forearm.R with parent: upper_arm.R
INFO: Processing node: hand.R with parent: forearm.R
INFO: Processing node: breast.L with parent: spine.003
INFO: Processing node: breast.R with parent: spine.003
INFO: Processing node: pelvis.L with parent: spine
INFO: Processing node: pelvis.R with parent: spine
INFO: Processing node: thigh.L with parent: spine
INFO: Processing node: shin.L with parent: thigh.L
INFO: Processing node: foot.L with parent: shin.L
INFO: Processing node: toe.L with parent: foot.L
INFO: Processing node: heel.02.L with parent: foot.L
INFO: Processing node: thigh.R with parent: spine
INFO: Processing node: shin.R with parent: thigh.R
INFO: Processing node: foot.R with parent: shin.R
INFO: Processing node: toe.R with parent: foot.R
INFO: Processing node: heel.02.R with parent: foot.R
INFO: Processing node: rig with parent: RootNode
INFO: Processing node: root with parent: rig
INFO: Processing node: DEF-spine with parent: root
INFO: Bone [DEF-spine] parent set to: root
INFO: Processing node: DEF-spine.001 with parent: DEF-spine
INFO: Bone [DEF-spine.001] parent set to: DEF-spine
INFO: Processing node: DEF-spine.002 with parent: DEF-spine.001
INFO: Bone [DEF-spine.002] parent set to: DEF-spine.001
INFO: Processing node: DEF-spine.003 with parent: DEF-spine.002
INFO: Bone [DEF-spine.003] parent set to: DEF-spine.002
INFO: Processing node: DEF-spine.004 with parent: DEF-spine.003
INFO: Bone [DEF-spine.004] parent set to: DEF-spine.003
INFO: Processing node: DEF-spine.005 with parent: DEF-spine.004
INFO: Bone [DEF-spine.005] parent set to: DEF-spine.004
INFO: Processing node: DEF-spine.006 with parent: DEF-spine.005
INFO: Bone [DEF-spine.006] parent set to: DEF-spine.005
INFO: Processing node: MCH-torso.parent with parent: rig
INFO: Processing node: torso with parent: MCH-torso.parent
INFO: Processing node: MCH-spine.001 with parent: torso
INFO: Processing node: spine_fk.001 with parent: MCH-spine.001
INFO: Processing node: MCH-spine with parent: spine_fk.001
INFO: Processing node: spine_fk with parent: MCH-spine
INFO: Processing node: tweak_spine with parent: spine_fk
INFO: Processing node: ORG-spine with parent: tweak_spine
INFO: Processing node: ORG-pelvis.L with parent: ORG-spine
INFO: Processing node: DEF-pelvis.L with parent: ORG-pelvis.L
INFO: Bone [DEF-pelvis.L] parent set to: ORG-pelvis.L
INFO: Processing node: ORG-pelvis.R with parent: ORG-spine
INFO: Processing node: DEF-pelvis.R with parent: ORG-pelvis.R
INFO: Bone [DEF-pelvis.R] parent set to: ORG-pelvis.R
INFO: Processing node: DEF-thigh.L with parent: ORG-spine
INFO: Bone [DEF-thigh.L] parent set to: ORG-spine
INFO: Processing node: DEF-thigh.L.001 with parent: DEF-thigh.L
INFO: Bone [DEF-thigh.L.001] parent set to: DEF-thigh.L
INFO: Processing node: DEF-shin.L with parent: DEF-thigh.L.001
INFO: Bone [DEF-shin.L] parent set to: DEF-thigh.L.001
INFO: Processing node: DEF-shin.L.001 with parent: DEF-shin.L
INFO: Bone [DEF-shin.L.001] parent set to: DEF-shin.L
INFO: Processing node: DEF-foot.L with parent: DEF-shin.L.001
INFO: Bone [DEF-foot.L] parent set to: DEF-shin.L.001
INFO: Processing node: DEF-toe.L with parent: DEF-foot.L
INFO: Bone [DEF-toe.L] parent set to: DEF-foot.L
INFO: Processing node: DEF-thigh.R with parent: ORG-spine
INFO: Bone [DEF-thigh.R] parent set to: ORG-spine
INFO: Processing node: DEF-thigh.R.001 with parent: DEF-thigh.R
INFO: Bone [DEF-thigh.R.001] parent set to: DEF-thigh.R
INFO: Processing node: DEF-shin.R with parent: DEF-thigh.R.001
INFO: Bone [DEF-shin.R] parent set to: DEF-thigh.R.001
INFO: Processing node: DEF-shin.R.001 with parent: DEF-shin.R
INFO: Bone [DEF-shin.R.001] parent set to: DEF-shin.R
INFO: Processing node: DEF-foot.R with parent: DEF-shin.R.001
INFO: Bone [DEF-foot.R] parent set to: DEF-shin.R.001
INFO: Processing node: DEF-toe.R with parent: DEF-foot.R
INFO: Bone [DEF-toe.R] parent set to: DEF-foot.R
INFO: Processing node: MCH-spine.002 with parent: torso
INFO: Processing node: spine_fk.002 with parent: MCH-spine.002
INFO: Processing node: MCH-spine.003 with parent: spine_fk.002
INFO: Processing node: spine_fk.003 with parent: MCH-spine.003
INFO: Processing node: tweak_spine.003 with parent: spine_fk.003
INFO: Processing node: ORG-spine.003 with parent: tweak_spine.003
INFO: Processing node: ORG-shoulder.L with parent: ORG-spine.003
INFO: Processing node: DEF-shoulder.L with parent: ORG-shoulder.L
INFO: Bone [DEF-shoulder.L] parent set to: ORG-shoulder.L
INFO: Processing node: DEF-upper_arm.L with parent: ORG-shoulder.L
INFO: Bone [DEF-upper_arm.L] parent set to: ORG-shoulder.L
INFO: Processing node: DEF-upper_arm.L.001 with parent: DEF-upper_arm.L
INFO: Bone [DEF-upper_arm.L.001] parent set to: DEF-upper_arm.L
INFO: Processing node: DEF-forearm.L with parent: DEF-upper_arm.L.001
INFO: Bone [DEF-forearm.L] parent set to: DEF-upper_arm.L.001
INFO: Processing node: DEF-forearm.L.001 with parent: DEF-forearm.L
INFO: Bone [DEF-forearm.L.001] parent set to: DEF-forearm.L
INFO: Processing node: DEF-hand.L with parent: DEF-forearm.L.001
INFO: Bone [DEF-hand.L] parent set to: DEF-forearm.L.001
INFO: Processing node: ORG-shoulder.R with parent: ORG-spine.003
INFO: Processing node: DEF-shoulder.R with parent: ORG-shoulder.R
INFO: Bone [DEF-shoulder.R] parent set to: ORG-shoulder.R
INFO: Processing node: DEF-upper_arm.R with parent: ORG-shoulder.R
INFO: Bone [DEF-upper_arm.R] parent set to: ORG-shoulder.R
INFO: Processing node: DEF-upper_arm.R.001 with parent: DEF-upper_arm.R
INFO: Bone [DEF-upper_arm.R.001] parent set to: DEF-upper_arm.R
INFO: Processing node: DEF-forearm.R with parent: DEF-upper_arm.R.001
INFO: Bone [DEF-forearm.R] parent set to: DEF-upper_arm.R.001
INFO: Processing node: DEF-forearm.R.001 with parent: DEF-forearm.R
INFO: Bone [DEF-forearm.R.001] parent set to: DEF-forearm.R
INFO: Processing node: DEF-hand.R with parent: DEF-forearm.R.001
INFO: Bone [DEF-hand.R] parent set to: DEF-forearm.R.001
INFO: Processing node: ORG-breast.L with parent: ORG-spine.003
INFO: Processing node: DEF-breast.L with parent: ORG-breast.L
INFO: Bone [DEF-breast.L] parent set to: ORG-breast.L
INFO: Processing node: ORG-breast.R with parent: ORG-spine.003
INFO: Processing node: DEF-breast.R with parent: ORG-breast.R
INFO: Bone [DEF-breast.R] parent set to: ORG-breast.R
INFO: Loaded 1 meshes.
INFO: Loaded 1 meshes.
INFO: INFO: Model loaded successfully.
INFO: DEBUG: Bounding Box Center: (0.000000, 0.940108, -0.027487)
INFO: DEBUG: Bounding Box Radius: 1.230948
INFO: DEBUG: Adjusted Camera Position: (0.000000, 0.940108, 7.401939)
INFO: DEBUG: Depth testing and blending enabled.
INFO: DEBUG: Max Vertex Attributes: 32
INFO: Model matrix explicitly logged: mat4x4((1.000000, 0.000000, 0.000000, 0.000000), (0.000000, 1.000000, 0.000000, 0.000000), (0.000000, 0.000000, 1.000000, 0.000000), (0.000000, 0.000000, 0.000000, 1.000000))
INFO: View matrix explicitly logged: mat4x4((1.000000, 0.000000, 0.000000, 0.000000), (0.000000, 1.000000, -0.000000, 0.000000), (-0.000000, 0.000000, 1.000000, 0.000000), (0.000000, -0.940108, -7.401939, 1.000000))
INFO: Projection matrix explicitly logged: mat4x4((1.810660, 0.000000, 0.000000, 0.000000), (0.000000, 2.414213, 0.000000, 0.000000), (0.000000, 0.000000, -1.002002, -1.000000), (0.000000, 0.000000, -0.200200, 0.000000))
INFO: Bone [DEF-spine] local transform: mat4x4((1.000000, 0.000000, 0.000000, 0.000000), (0.000000, 1.000000, 0.000000, 0.000000), (0.000000, 0.000000, 1.000000, 0.000000), (0.000000, 0.000000, 0.000000, 1.000000))
WARNING: No local transform found for bone [root]; using identity.
INFO: Bone [root] has no parent; using identity for parent transform.
INFO: Bone [root] final computed transform: mat4x4((1.000000, 0.000000, 0.000000, 0.000000), (0.000000, 1.000000, 0.000000, 0.000000), (0.000000, 0.000000, 1.000000, 0.000000), (0.000000, 0.000000, 0.000000, 1.000000))
INFO: Bone [DEF-spine] parent's (root) global transform: mat4x4((1.000000, 0.000000, 0.000000, 0.000000), (0.000000, 1.000000, 0.000000, 0.000000), (0.000000, 0.000000, 1.000000, 0.000000), (0.000000, 0.000000, 0.000000, 1.000000))
INFO: Bone [DEF-spine] final computed transform: mat4x4((1.000000, 0.000000, 0.000000, 0.000000), (0.000000, 1.000000, 0.000000, 0.000000), (0.000000, 0.000000, 1.000000, 0.000000), (0.000000, 0.000000, 0.000000, 1.000000))
INFO: Bone [DEF-spine.001] local transform: mat4x4((1.000000, 0.000000, 0.000000, 0.000000), (0.000000, 1.000000, 0.000000, 0.000000), (0.000000, 0.000000, 1.000000, 0.000000), (0.000000, 0.000000, 0.000000, 1.000000))
INFO: Using cached global transform for bone DEF-spine
INFO: Bone [DEF-spine.001] parent's (DEF-spine) global transform: mat4x4((1.000000, 0.000000, 0.000000, 0.000000), (0.000000, 1.000000, 0.000000, 0.000000), (0.000000, 0.000000, 1.000000, 0.000000), (0.000000, 0.000000, 0.000000, 1.000000))
INFO: Bone [DEF-spine.001] final computed transform: mat4x4((1.000000, 0.000000, 0.000000, 0.000000), (0.000000, 1.000000, 0.000000, 0.000000), (0.000000, 0.000000, 1.000000, 0.000000), (0.000000, 0.000000, 0.000000, 1.000000))
INFO: Bone [DEF-spine.002] local transform: mat4x4((1.000000, 0.000000, 0.000000, 0.000000), (0.000000, 1.000000, 0.000000, 0.000000), (0.000000, 0.000000, 1.000000, 0.000000), (0.000000, 0.000000, 0.000000, 1.000000))
INFO: Using cached global transform for bone DEF-spine.001
INFO: Bone [DEF-spine.002] parent's (DEF-spine.001) global transform: mat4x4((1.000000, 0.000000, 0.000000, 0.000000), (0.000000, 1.000000, 0.000000, 0.000000), (0.000000, 0.000000, 1.000000, 0.000000), (0.000000, 0.000000, 0.000000, 1.000000))
INFO: Bone [DEF-spine.002] final computed transform: mat4x4((1.000000, 0.000000, 0.000000, 0.000000), (0.000000, 1.000000, 0.000000, 0.000000), (0.000000, 0.000000, 1.000000, 0.000000), (0.000000, 0.000000, 0.000000, 1.000000))
INFO: Bone [DEF-spine.003] local transform: mat4x4((1.000000, 0.000000, 0.000000, 0.000000), (0.000000, 1.000000, 0.000000, 0.000000), (0.000000, 0.000000, 1.000000, 0.000000), (0.000000, 0.000000, 0.000000, 1.000000))
INFO: Using cached global transform for bone DEF-spine.002
INFO: Bone [DEF-spine.003] parent's (DEF-spine.002) global transform: mat4x4((1.000000, 0.000000, 0.000000, 0.000000), (0.000000, 1.000000, 0.000000, 0.000000), (0.000000, 0.000000, 1.000000, 0.000000), (0.000000, 0.000000, 0.000000, 1.000000))
INFO: Bone [DEF-spine.003] final computed transform: mat4x4((1.000000, 0.000000, 0.000000, 0.000000), (0.000000, 1.000000, 0.000000, 0.000000), (0.000000, 0.000000, 1.000000, 0.000000), (0.000000, 0.000000, 0.000000, 1.000000))
INFO: Bone [DEF-spine.004] local transform: mat4x4((1.000000, 0.000000, 0.000000, 0.000000), (0.000000, 1.000000, 0.000000, 0.000000), (0.000000, 0.000000, 1.000000, 0.000000), (0.000000, 0.000000, 0.000000, 1.000000))
INFO: Using cached global transform for bone DEF-spine.003
INFO: Bone [DEF-spine.004] parent's (DEF-spine.003) global transform: mat4x4((1.000000, 0.000000, 0.000000, 0.000000), (0.000000, 1.000000, 0.000000, 0.000000), (0.000000, 0.000000, 1.000000, 0.000000), (0.000000, 0.000000, 0.000000, 1.000000))
INFO: Bone [DEF-spine.004] final computed transform: mat4x4((1.000000, 0.000000, 0.000000, 0.000000), (0.000000, 1.000000, 0.000000, 0.000000), (0.000000, 0.000000, 1.000000, 0.000000), (0.000000, 0.000000, 0.000000, 1.000000))
INFO: Bone [DEF-spine.005] local transform: mat4x4((1.000000, 0.000000, 0.000000, 0.000000), (0.000000, 1.000000, 0.000000, 0.000000), (0.000000, 0.000000, 1.000000, 0.000000), (0.000000, 0.000000, 0.000000, 1.000000))
INFO: Using cached global transform for bone DEF-spine.004
INFO: Bone [DEF-spine.005] parent's (DEF-spine.004) global transform: mat4x4((1.000000, 0.000000, 0.000000, 0.000000), (0.000000, 1.000000, 0.000000, 0.000000), (0.000000, 0.000000, 1.000000, 0.000000), (0.000000, 0.000000, 0.000000, 1.000000))
INFO: Bone [DEF-spine.005] final computed transform: mat4x4((1.000000, 0.000000, 0.000000, 0.000000), (0.000000, 1.000000, 0.000000, 0.000000), (0.000000, 0.000000, 1.000000, 0.000000), (0.000000, 0.000000, 0.000000, 1.000000))
INFO: Bone [DEF-spine.006] local transform: mat4x4((1.000000, 0.000000, 0.000000, 0.000000), (0.000000, 1.000000, 0.000000, 0.000000), (0.000000, 0.000000, 1.000000, 0.000000), (0.000000, 0.000000, 0.000000, 1.000000))
INFO: Using cached global transform for bone DEF-spine.005
INFO: Bone [DEF-spine.006] parent's (DEF-spine.005) global transform: mat4x4((1.000000, 0.000000, 0.000000, 0.000000), (0.000000, 1.000000, 0.000000, 0.000000), (0.000000, 0.000000, 1.000000, 0.000000), (0.000000, 0.000000, 0.000000, 1.000000))
INFO: Bone [DEF-spine.006] final computed transform: mat4x4((1.000000, 0.000000, 0.000000, 0.000000), (0.000000, 1.000000, 0.000000, 0.000000), (0.000000, 0.000000, 1.000000, 0.000000), (0.000000, 0.000000, 0.000000, 1.000000))
INFO: Bone [DEF-pelvis.L] local transform: mat4x4((1.000000, 0.000000, 0.000000, 0.000000), (0.000000, 1.000000, 0.000000, 0.000000), (0.000000, 0.000000, 1.000000, 0.000000), (0.000000, 0.000000, 0.000000, 1.000000))
WARNING: No local transform found for bone [ORG-pelvis.L]; using identity.
INFO: Bone [ORG-pelvis.L] has no parent; using identity for parent transform.
INFO: Bone [ORG-pelvis.L] final computed transform: mat4x4((1.000000, 0.000000, 0.000000, 0.000000), (0.000000, 1.000000, 0.000000, 0.000000), (0.000000, 0.000000, 1.000000, 0.000000), (0.000000, 0.000000, 0.000000, 1.000000))
INFO: Bone [DEF-pelvis.L] parent's (ORG-pelvis.L) global transform: mat4x4((1.000000, 0.000000, 0.000000, 0.000000), (0.000000, 1.000000, 0.000000, 0.000000), (0.000000, 0.000000, 1.000000, 0.000000), (0.000000, 0.000000, 0.000000, 1.000000))
INFO: Bone [DEF-pelvis.L] final computed transform: mat4x4((1.000000, 0.000000, 0.000000, 0.000000), (0.000000, 1.000000, 0.000000, 0.000000), (0.000000, 0.000000, 1.000000, 0.000000), (0.000000, 0.000000, 0.000000, 1.000000))
INFO: Bone [DEF-pelvis.R] local transform: mat4x4((1.000000, 0.000000, 0.000000, 0.000000), (0.000000, 1.000000, 0.000000, 0.000000), (0.000000, 0.000000, 1.000000, 0.000000), (0.000000, 0.000000, 0.000000, 1.000000))
WARNING: No local transform found for bone [ORG-pelvis.R]; using identity.
INFO: Bone [ORG-pelvis.R] has no parent; using identity for parent transform.
INFO: Bone [ORG-pelvis.R] final computed transform: mat4x4((1.000000, 0.000000, 0.000000, 0.000000), (0.000000, 1.000000, 0.000000, 0.000000), (0.000000, 0.000000, 1.000000, 0.000000), (0.000000, 0.000000, 0.000000, 1.000000))
INFO: Bone [DEF-pelvis.R] parent's (ORG-pelvis.R) global transform: mat4x4((1.000000, 0.000000, 0.000000, 0.000000), (0.000000, 1.000000, 0.000000, 0.000000), (0.000000, 0.000000, 1.000000, 0.000000), (0.000000, 0.000000, 0.000000, 1.000000))
INFO: Bone [DEF-pelvis.R] final computed transform: mat4x4((1.000000, 0.000000, 0.000000, 0.000000), (0.000000, 1.000000, 0.000000, 0.000000), (0.000000, 0.000000, 1.000000, 0.000000), (0.000000, 0.000000, 0.000000, 1.000000))
INFO: Bone [DEF-thigh.L] local transform: mat4x4((1.000000, 0.000000, 0.000000, 0.000000), (0.000000, 1.000000, 0.000000, 0.000000), (0.000000, 0.000000, 1.000000, 0.000000), (0.000000, 0.000000, 0.000000, 1.000000))
WARNING: No local transform found for bone [ORG-spine]; using identity.
INFO: Bone [ORG-spine] has no parent; using identity for parent transform.
INFO: Bone [ORG-spine] final computed transform: mat4x4((1.000000, 0.000000, 0.000000, 0.000000), (0.000000, 1.000000, 0.000000, 0.000000), (0.000000, 0.000000, 1.000000, 0.000000), (0.000000, 0.000000, 0.000000, 1.000000))
INFO: Bone [DEF-thigh.L] parent's (ORG-spine) global transform: mat4x4((1.000000, 0.000000, 0.000000, 0.000000), (0.000000, 1.000000, 0.000000, 0.000000), (0.000000, 0.000000, 1.000000, 0.000000), (0.000000, 0.000000, 0.000000, 1.000000))
INFO: Bone [DEF-thigh.L] final computed transform: mat4x4((1.000000, 0.000000, 0.000000, 0.000000), (0.000000, 1.000000, 0.000000, 0.000000), (0.000000, 0.000000, 1.000000, 0.000000), (0.000000, 0.000000, 0.000000, 1.000000))
INFO: Bone [DEF-thigh.L.001] local transform: mat4x4((1.000000, 0.000000, 0.000000, 0.000000), (0.000000, 1.000000, 0.000000, 0.000000), (0.000000, 0.000000, 1.000000, 0.000000), (0.000000, 0.000000, 0.000000, 1.000000))
INFO: Using cached global transform for bone DEF-thigh.L
INFO: Bone [DEF-thigh.L.001] parent's (DEF-thigh.L) global transform: mat4x4((1.000000, 0.000000, 0.000000, 0.000000), (0.000000, 1.000000, 0.000000, 0.000000), (0.000000, 0.000000, 1.000000, 0.000000), (0.000000, 0.000000, 0.000000, 1.000000))
INFO: Bone [DEF-thigh.L.001] final computed transform: mat4x4((1.000000, 0.000000, 0.000000, 0.000000), (0.000000, 1.000000, 0.000000, 0.000000), (0.000000, 0.000000, 1.000000, 0.000000), (0.000000, 0.000000, 0.000000, 1.000000))
INFO: Bone [DEF-shin.L] local transform: mat4x4((1.000000, 0.000000, 0.000000, 0.000000), (0.000000, 1.000000, 0.000000, 0.000000), (0.000000, 0.000000, 1.000000, 0.000000), (0.000000, 0.000000, 0.000000, 1.000000))
INFO: Using cached global transform for bone DEF-thigh.L.001
INFO: Bone [DEF-shin.L] parent's (DEF-thigh.L.001) global transform: mat4x4((1.000000, 0.000000, 0.000000, 0.000000), (0.000000, 1.000000, 0.000000, 0.000000), (0.000000, 0.000000, 1.000000, 0.000000), (0.000000, 0.000000, 0.000000, 1.000000))
INFO: Bone [DEF-shin.L] final computed transform: mat4x4((1.000000, 0.000000, 0.000000, 0.000000), (0.000000, 1.000000, 0.000000, 0.000000), (0.000000, 0.000000, 1.000000, 0.000000), (0.000000, 0.000000, 0.000000, 1.000000))
INFO: Bone [DEF-shin.L.001] local transform: mat4x4((1.000000, 0.000000, 0.000000, 0.000000), (0.000000, 1.000000, 0.000000, 0.000000), (0.000000, 0.000000, 1.000000, 0.000000), (0.000000, 0.000000, 0.000000, 1.000000))
INFO: Using cached global transform for bone DEF-shin.L
INFO: Bone [DEF-shin.L.001] parent's (DEF-shin.L) global transform: mat4x4((1.000000, 0.000000, 0.000000, 0.000000), (0.000000, 1.000000, 0.000000, 0.000000), (0.000000, 0.000000, 1.000000, 0.000000), (0.000000, 0.000000, 0.000000, 1.000000))
INFO: Bone [DEF-shin.L.001] final computed transform: mat4x4((1.000000, 0.000000, 0.000000, 0.000000), (0.000000, 1.000000, 0.000000, 0.000000), (0.000000, 0.000000, 1.000000, 0.000000), (0.000000, 0.000000, 0.000000, 1.000000))
INFO: Bone [DEF-foot.L] local transform: mat4x4((1.000000, 0.000000, 0.000000, 0.000000), (0.000000, 1.000000, 0.000000, 0.000000), (0.000000, 0.000000, 1.000000, 0.000000), (0.000000, 0.000000, 0.000000, 1.000000))
INFO: Using cached global transform for bone DEF-shin.L.001
INFO: Bone [DEF-foot.L] parent's (DEF-shin.L.001) global transform: mat4x4((1.000000, 0.000000, 0.000000, 0.000000), (0.000000, 1.000000, 0.000000, 0.000000), (0.000000, 0.000000, 1.000000, 0.000000), (0.000000, 0.000000, 0.000000, 1.000000))
INFO: Bone [DEF-foot.L] final computed transform: mat4x4((1.000000, 0.000000, 0.000000, 0.000000), (0.000000, 1.000000, 0.000000, 0.000000), (0.000000, 0.000000, 1.000000, 0.000000), (0.000000, 0.000000, 0.000000, 1.000000))
INFO: Bone [DEF-toe.L] local transform: mat4x4((1.000000, 0.000000, 0.000000, 0.000000), (0.000000, 1.000000, 0.000000, 0.000000), (0.000000, 0.000000, 1.000000, 0.000000), (0.000000, 0.000000, 0.000000, 1.000000))
INFO: Using cached global transform for bone DEF-foot.L
INFO: Bone [DEF-toe.L] parent's (DEF-foot.L) global transform: mat4x4((1.000000, 0.000000, 0.000000, 0.000000), (0.000000, 1.000000, 0.000000, 0.000000), (0.000000, 0.000000, 1.000000, 0.000000), (0.000000, 0.000000, 0.000000, 1.000000))
INFO: Bone [DEF-toe.L] final computed transform: mat4x4((1.000000, 0.000000, 0.000000, 0.000000), (0.000000, 1.000000, 0.000000, 0.000000), (0.000000, 0.000000, 1.000000, 0.000000), (0.000000, 0.000000, 0.000000, 1.000000))
INFO: Bone [DEF-thigh.R] local transform: mat4x4((1.000000, 0.000000, 0.000000, 0.000000), (0.000000, 1.000000, 0.000000, 0.000000), (0.000000, 0.000000, 1.000000, 0.000000), (0.000000, 0.000000, 0.000000, 1.000000))
INFO: Using cached global transform for bone ORG-spine
INFO: Bone [DEF-thigh.R] parent's (ORG-spine) global transform: mat4x4((1.000000, 0.000000, 0.000000, 0.000000), (0.000000, 1.000000, 0.000000, 0.000000), (0.000000, 0.000000, 1.000000, 0.000000), (0.000000, 0.000000, 0.000000, 1.000000))
INFO: Bone [DEF-thigh.R] final computed transform: mat4x4((1.000000, 0.000000, 0.000000, 0.000000), (0.000000, 1.000000, 0.000000, 0.000000), (0.000000, 0.000000, 1.000000, 0.000000), (0.000000, 0.000000, 0.000000, 1.000000))
INFO: Bone [DEF-thigh.R.001] local transform: mat4x4((1.000000, 0.000000, 0.000000, 0.000000), (0.000000, 1.000000, 0.000000, 0.000000), (0.000000, 0.000000, 1.000000, 0.000000), (0.000000, 0.000000, 0.000000, 1.000000))
INFO: Using cached global transform for bone DEF-thigh.R
INFO: Bone [DEF-thigh.R.001] parent's (DEF-thigh.R) global transform: mat4x4((1.000000, 0.000000, 0.000000, 0.000000), (0.000000, 1.000000, 0.000000, 0.000000), (0.000000, 0.000000, 1.000000, 0.000000), (0.000000, 0.000000, 0.000000, 1.000000))
INFO: Bone [DEF-thigh.R.001] final computed transform: mat4x4((1.000000, 0.000000, 0.000000, 0.000000), (0.000000, 1.000000, 0.000000, 0.000000), (0.000000, 0.000000, 1.000000, 0.000000), (0.000000, 0.000000, 0.000000, 1.000000))
INFO: Bone [DEF-shin.R] local transform: mat4x4((1.000000, 0.000000, 0.000000, 0.000000), (0.000000, 1.000000, 0.000000, 0.000000), (0.000000, 0.000000, 1.000000, 0.000000), (0.000000, 0.000000, 0.000000, 1.000000))
INFO: Using cached global transform for bone DEF-thigh.R.001
INFO: Bone [DEF-shin.R] parent's (DEF-thigh.R.001) global transform: mat4x4((1.000000, 0.000000, 0.000000, 0.000000), (0.000000, 1.000000, 0.000000, 0.000000), (0.000000, 0.000000, 1.000000, 0.000000), (0.000000, 0.000000, 0.000000, 1.000000))
INFO: Bone [DEF-shin.R] final computed transform: mat4x4((1.000000, 0.000000, 0.000000, 0.000000), (0.000000, 1.000000, 0.000000, 0.000000), (0.000000, 0.000000, 1.000000, 0.000000), (0.000000, 0.000000, 0.000000, 1.000000))
INFO: Bone [DEF-shin.R.001] local transform: mat4x4((1.000000, 0.000000, 0.000000, 0.000000), (0.000000, 1.000000, 0.000000, 0.000000), (0.000000, 0.000000, 1.000000, 0.000000), (0.000000, 0.000000, 0.000000, 1.000000))
INFO: Using cached global transform for bone DEF-shin.R
INFO: Bone [DEF-shin.R.001] parent's (DEF-shin.R) global transform: mat4x4((1.000000, 0.000000, 0.000000, 0.000000), (0.000000, 1.000000, 0.000000, 0.000000), (0.000000, 0.000000, 1.000000, 0.000000), (0.000000, 0.000000, 0.000000, 1.000000))
INFO: Bone [DEF-shin.R.001] final computed transform: mat4x4((1.000000, 0.000000, 0.000000, 0.000000), (0.000000, 1.000000, 0.000000, 0.000000), (0.000000, 0.000000, 1.000000, 0.000000), (0.000000, 0.000000, 0.000000, 1.000000))
INFO: Bone [DEF-foot.R] local transform: mat4x4((1.000000, 0.000000, 0.000000, 0.000000), (0.000000, 1.000000, 0.000000, 0.000000), (0.000000, 0.000000, 1.000000, 0.000000), (0.000000, 0.000000, 0.000000, 1.000000))
INFO: Using cached global transform for bone DEF-shin.R.001
INFO: Bone [DEF-foot.R] parent's (DEF-shin.R.001) global transform: mat4x4((1.000000, 0.000000, 0.000000, 0.000000), (0.000000, 1.000000, 0.000000, 0.000000), (0.000000, 0.000000, 1.000000, 0.000000), (0.000000, 0.000000, 0.000000, 1.000000))
INFO: Bone [DEF-foot.R] final computed transform: mat4x4((1.000000, 0.000000, 0.000000, 0.000000), (0.000000, 1.000000, 0.000000, 0.000000), (0.000000, 0.000000, 1.000000, 0.000000), (0.000000, 0.000000, 0.000000, 1.000000))
INFO: Bone [DEF-toe.R] local transform: mat4x4((1.000000, 0.000000, 0.000000, 0.000000), (0.000000, 1.000000, 0.000000, 0.000000), (0.000000, 0.000000, 1.000000, 0.000000), (0.000000, 0.000000, 0.000000, 1.000000))
INFO: Using cached global transform for bone DEF-foot.R
INFO: Bone [DEF-toe.R] parent's (DEF-foot.R) global transform: mat4x4((1.000000, 0.000000, 0.000000, 0.000000), (0.000000, 1.000000, 0.000000, 0.000000), (0.000000, 0.000000, 1.000000, 0.000000), (0.000000, 0.000000, 0.000000, 1.000000))
INFO: Bone [DEF-toe.R] final computed transform: mat4x4((1.000000, 0.000000, 0.000000, 0.000000), (0.000000, 1.000000, 0.000000, 0.000000), (0.000000, 0.000000, 1.000000, 0.000000), (0.000000, 0.000000, 0.000000, 1.000000))
INFO: Bone [DEF-shoulder.L] local transform: mat4x4((1.000000, 0.000000, 0.000000, 0.000000), (0.000000, 1.000000, 0.000000, 0.000000), (0.000000, 0.000000, 1.000000, 0.000000), (0.000000, 0.000000, 0.000000, 1.000000))
WARNING: No local transform found for bone [ORG-shoulder.L]; using identity.
INFO: Bone [ORG-shoulder.L] has no parent; using identity for parent transform.
INFO: Bone [ORG-shoulder.L] final computed transform: mat4x4((1.000000, 0.000000, 0.000000, 0.000000), (0.000000, 1.000000, 0.000000, 0.000000), (0.000000, 0.000000, 1.000000, 0.000000), (0.000000, 0.000000, 0.000000, 1.000000))
INFO: Bone [DEF-shoulder.L] parent's (ORG-shoulder.L) global transform: mat4x4((1.000000, 0.000000, 0.000000, 0.000000), (0.000000, 1.000000, 0.000000, 0.000000), (0.000000, 0.000000, 1.000000, 0.000000), (0.000000, 0.000000, 0.000000, 1.000000))
INFO: Bone [DEF-shoulder.L] final computed transform: mat4x4((1.000000, 0.000000, 0.000000, 0.000000), (0.000000, 1.000000, 0.000000, 0.000000), (0.000000, 0.000000, 1.000000, 0.000000), (0.000000, 0.000000, 0.000000, 1.000000))
INFO: Bone [DEF-upper_arm.L] local transform: mat4x4((1.000000, 0.000000, 0.000000, 0.000000), (0.000000, 1.000000, 0.000000, 0.000000), (0.000000, 0.000000, 1.000000, 0.000000), (0.000000, 0.000000, 0.000000, 1.000000))
INFO: Using cached global transform for bone ORG-shoulder.L
