INFO: ImGui initialized successfully.
INFO: DEBUG: Initializing shaders...
INFO: DEBUG: Bone shader compiled successfully.
INFO: Shaders initialized successfully.
INFO: PhysicsManager initialized successfully.
INFO: Entering SceneTest2.
INFO: Loading model from path: Character_TPose_NoAnim.fbx
INFO: Global inverse transform set from root node transformation.
INFO: Global inverse transform matrix:
INFO: mat4x4((1.000000, -0.000000, 0.000000, -0.000000), (-0.000000, 1.000000, -0.000000, 0.000000), (0.000000, -0.000000, 1.000000, -0.000000), (-0.000000, 0.000000, -0.000000, 1.000000))
INFO: Mesh loaded successfully with explicit vertex logging.
INFO: Vertex[0] BoneIDs: [5, 6, -1, -1] Weights: [0.032047, 0.967953, 0.000000, 0.000000]
INFO: Vertex[1] BoneIDs: [5, 6, -1, -1] Weights: [0.042664, 0.957336, 0.000000, 0.000000]
INFO: Vertex[2] BoneIDs: [5, 6, -1, -1] Weights: [0.034038, 0.965962, 0.000000, 0.000000]
INFO: Vertex[3] BoneIDs: [5, 6, -1, -1] Weights: [0.032047, 0.967953, 0.000000, 0.000000]
INFO: Vertex[4] BoneIDs: [5, 6, -1, -1] Weights: [0.029153, 0.970847, 0.000000, 0.000000]
INFO: Debug: VAO Bone IDs bound to location 3.
INFO: Debug: VAO Bone Weights bound to location 4.
INFO: Explicitly logging vertex attribute configuration:
INFO: Position bound to location 0
INFO: Normal bound to location 1
INFO: TexCoords bound to location 2
INFO: BoneIDs bound to location 3 (int attribute)
INFO: Bone Weights bound to location 4 (GL_FLOAT)
INFO: Vertex data size: 25344
INFO: Indices count: 25344
INFO: Vertex[0] Position: vec3(0.077874, 1.767432, -0.061131)
INFO: Vertex[0] Normal: vec3(0.980582, -0.019239, -0.195162)
INFO: Vertex[0] TexCoords: vec2(0.750000, 0.125000)
INFO: Vertex[0] BoneIDs: [5, 6, -1, -1]
INFO: Vertex[0] Weights: [0.032047, 0.967953, 0.000000, 0.000000]
INFO: ==== Explicit Bone Mapping BEGIN ====
INFO: Bone Mapping ID[2] maps to Bone Name[DEF-spine.002]
INFO: Bone Mapping ID[10] maps to Bone Name[DEF-thigh.L.001]
INFO: Bone Mapping ID[0] maps to Bone Name[DEF-spine]
INFO: Bone Mapping ID[1] maps to Bone Name[DEF-spine.001]
INFO: Bone Mapping ID[3] maps to Bone Name[DEF-spine.003]
INFO: Bone Mapping ID[7] maps to Bone Name[DEF-pelvis.L]
INFO: Bone Mapping ID[4] maps to Bone Name[DEF-spine.004]
INFO: Bone Mapping ID[23] maps to Bone Name[DEF-upper_arm.L.001]
INFO: Bone Mapping ID[9] maps to Bone Name[DEF-thigh.L]
INFO: Bone Mapping ID[5] maps to Bone Name[DEF-spine.005]
INFO: Bone Mapping ID[25] maps to Bone Name[DEF-forearm.L.001]
INFO: Bone Mapping ID[18] maps to Bone Name[DEF-shin.R.001]
INFO: Bone Mapping ID[6] maps to Bone Name[DEF-spine.006]
INFO: Bone Mapping ID[8] maps to Bone Name[DEF-pelvis.R]
INFO: Bone Mapping ID[30] maps to Bone Name[DEF-forearm.R]
INFO: Bone Mapping ID[11] maps to Bone Name[DEF-shin.L]
INFO: Bone Mapping ID[31] maps to Bone Name[DEF-forearm.R.001]
INFO: Bone Mapping ID[12] maps to Bone Name[DEF-shin.L.001]
INFO: Bone Mapping ID[13] maps to Bone Name[DEF-foot.L]
INFO: Bone Mapping ID[14] maps to Bone Name[DEF-toe.L]
INFO: Bone Mapping ID[15] maps to Bone Name[DEF-thigh.R]
INFO: Bone Mapping ID[16] maps to Bone Name[DEF-thigh.R.001]
INFO: Bone Mapping ID[24] maps to Bone Name[DEF-forearm.L]
INFO: Bone Mapping ID[17] maps to Bone Name[DEF-shin.R]
INFO: Bone Mapping ID[19] maps to Bone Name[DEF-foot.R]
INFO: Bone Mapping ID[20] maps to Bone Name[DEF-toe.R]
INFO: Bone Mapping ID[21] maps to Bone Name[DEF-shoulder.L]
INFO: Bone Mapping ID[22] maps to Bone Name[DEF-upper_arm.L]
INFO: Bone Mapping ID[26] maps to Bone Name[DEF-hand.L]
INFO: Bone Mapping ID[27] maps to Bone Name[DEF-shoulder.R]
INFO: Bone Mapping ID[28] maps to Bone Name[DEF-upper_arm.R]
INFO: Bone Mapping ID[29] maps to Bone Name[DEF-upper_arm.R.001]
INFO: Bone Mapping ID[32] maps to Bone Name[DEF-hand.R]
INFO: Bone Mapping ID[33] maps to Bone Name[DEF-breast.L]
INFO: Bone Mapping ID[34] maps to Bone Name[DEF-breast.R]
INFO: ==== EXPLICIT BONE MAPPING END ====
INFO: DEF-spine offset matrix explicitly logged for verification:
INFO: mat4x4((1.000000, 0.000000, 0.000000, 0.000000), (0.000000, 0.971880, -0.235478, 0.000000), (0.000000, 0.235478, 0.971880, 0.000000), (0.000000, -0.916629, 0.341921, 1.000000))
INFO: Loaded 1 meshes.
INFO: Loaded 1 meshes.
INFO: INFO: Model loaded successfully.
INFO: DEBUG: Bounding Box Center: (0.000000, 0.940108, -0.027487)
INFO: DEBUG: Bounding Box Radius: 1.230948
INFO: DEBUG: Adjusted Camera Position: (0.000000, 0.940108, 7.401939)
INFO: DEBUG: Depth testing and blending enabled.
INFO: DEBUG: Max Vertex Attributes: 32
INFO: Model matrix explicitly logged: mat4x4((1.000000, 0.000000, 0.000000, 0.000000), (0.000000, 1.000000, 0.000000, 0.000000), (0.000000, 0.000000, 1.000000, 0.000000), (0.000000, 0.000000, 0.000000, 1.000000))
INFO: View matrix explicitly logged: mat4x4((1.000000, 0.000000, 0.000000, 0.000000), (0.000000, 1.000000, -0.000000, 0.000000), (-0.000000, 0.000000, 1.000000, 0.000000), (0.000000, -0.940108, -7.401939, 1.000000))
INFO: Projection matrix explicitly logged: mat4x4((1.810660, 0.000000, 0.000000, 0.000000), (0.000000, 2.414213, 0.000000, 0.000000), (0.000000, 0.000000, -1.002002, -1.000000), (0.000000, 0.000000, -0.200200, 0.000000))
INFO: Applying actual transform explicitly to bone [DEF-spine]
INFO: Final Matrix for Bone [DEF-spine] ID [0]
INFO: Applying actual transform explicitly to bone [DEF-spine.001]
INFO: Final Matrix for Bone [DEF-spine.001] ID [1]
INFO: Applying actual transform explicitly to bone [DEF-spine.002]
INFO: Final Matrix for Bone [DEF-spine.002] ID [2]
INFO: Applying actual transform explicitly to bone [DEF-spine.003]
INFO: Final Matrix for Bone [DEF-spine.003] ID [3]
INFO: Applying actual transform explicitly to bone [DEF-spine.004]
INFO: Final Matrix for Bone [DEF-spine.004] ID [4]
INFO: Applying actual transform explicitly to bone [DEF-spine.005]
INFO: Final Matrix for Bone [DEF-spine.005] ID [5]
INFO: Applying actual transform explicitly to bone [DEF-spine.006]
INFO: Final Matrix for Bone [DEF-spine.006] ID [6]
INFO: Applying actual transform explicitly to bone [DEF-pelvis.L]
INFO: Final Matrix for Bone [DEF-pelvis.L] ID [7]
INFO: Applying actual transform explicitly to bone [DEF-pelvis.R]
INFO: Final Matrix for Bone [DEF-pelvis.R] ID [8]
INFO: Applying actual transform explicitly to bone [DEF-thigh.L]
INFO: Final Matrix for Bone [DEF-thigh.L] ID [9]
INFO: Applying actual transform explicitly to bone [DEF-thigh.L.001]
INFO: Final Matrix for Bone [DEF-thigh.L.001] ID [10]
INFO: Applying actual transform explicitly to bone [DEF-shin.L]
INFO: Final Matrix for Bone [DEF-shin.L] ID [11]
INFO: Applying actual transform explicitly to bone [DEF-shin.L.001]
INFO: Final Matrix for Bone [DEF-shin.L.001] ID [12]
INFO: Applying actual transform explicitly to bone [DEF-foot.L]
INFO: Final Matrix for Bone [DEF-foot.L] ID [13]
INFO: Applying actual transform explicitly to bone [DEF-toe.L]
INFO: Final Matrix for Bone [DEF-toe.L] ID [14]
INFO: Applying actual transform explicitly to bone [DEF-thigh.R]
INFO: Final Matrix for Bone [DEF-thigh.R] ID [15]
INFO: Applying actual transform explicitly to bone [DEF-thigh.R.001]
INFO: Final Matrix for Bone [DEF-thigh.R.001] ID [16]
INFO: Applying actual transform explicitly to bone [DEF-shin.R]
INFO: Final Matrix for Bone [DEF-shin.R] ID [17]
INFO: Applying actual transform explicitly to bone [DEF-shin.R.001]
INFO: Final Matrix for Bone [DEF-shin.R.001] ID [18]
INFO: Applying actual transform explicitly to bone [DEF-foot.R]
INFO: Final Matrix for Bone [DEF-foot.R] ID [19]
INFO: Applying actual transform explicitly to bone [DEF-toe.R]
INFO: Final Matrix for Bone [DEF-toe.R] ID [20]
INFO: Applying actual transform explicitly to bone [DEF-shoulder.L]
INFO: Final Matrix for Bone [DEF-shoulder.L] ID [21]
INFO: Applying actual transform explicitly to bone [DEF-upper_arm.L]
INFO: Final Matrix for Bone [DEF-upper_arm.L] ID [22]
INFO: Applying actual transform explicitly to bone [DEF-upper_arm.L.001]
INFO: Final Matrix for Bone [DEF-upper_arm.L.001] ID [23]
INFO: Applying actual transform explicitly to bone [DEF-forearm.L]
INFO: Final Matrix for Bone [DEF-forearm.L] ID [24]
INFO: Applying actual transform explicitly to bone [DEF-forearm.L.001]
INFO: Final Matrix for Bone [DEF-forearm.L.001] ID [25]
INFO: Applying actual transform explicitly to bone [DEF-hand.L]
INFO: Final Matrix for Bone [DEF-hand.L] ID [26]
INFO: Applying actual transform explicitly to bone [DEF-shoulder.R]
INFO: Final Matrix for Bone [DEF-shoulder.R] ID [27]
INFO: Applying actual transform explicitly to bone [DEF-upper_arm.R]
INFO: Final Matrix for Bone [DEF-upper_arm.R] ID [28]
INFO: Applying actual transform explicitly to bone [DEF-upper_arm.R.001]
INFO: Final Matrix for Bone [DEF-upper_arm.R.001] ID [29]
INFO: Applying actual transform explicitly to bone [DEF-forearm.R]
INFO: Final Matrix for Bone [DEF-forearm.R] ID [30]
INFO: Applying actual transform explicitly to bone [DEF-forearm.R.001]
INFO: Final Matrix for Bone [DEF-forearm.R.001] ID [31]
INFO: Applying actual transform explicitly to bone [DEF-hand.R]
INFO: Final Matrix for Bone [DEF-hand.R] ID [32]
INFO: Applying actual transform explicitly to bone [DEF-breast.L]
INFO: Final Matrix for Bone [DEF-breast.L] ID [33]
INFO: Applying actual transform explicitly to bone [DEF-breast.R]
INFO: Final Matrix for Bone [DEF-breast.R] ID [34]
INFO: ==== EXPLICIT FINAL MATRICES BEGIN ====
INFO: Final Matrix [DEF-spine]: mat4x4((1.000000, 0.000000, 0.000000, 0.000000), (0.000000, 0.971880, -0.235478, 0.000000), (0.000000, 0.235478, 0.971880, 0.000000), (0.000000, -0.916629, 0.341921, 1.000000))
INFO: Final Matrix [DEF-spine.001]: mat4x4((1.000000, 0.000000, 0.000000, 0.000000), (0.000000, 0.992413, -0.122954, 0.000000), (0.000000, 0.122954, 0.992412, 0.000000), (0.000000, -1.104045, 0.217266, 1.000000))
INFO: Final Matrix [DEF-spine.002]: mat4x4((1.000000, 0.000000, 0.000000, 0.000000), (0.000000, 0.999869, 0.016174, 0.000000), (0.000000, -0.016174, 0.999869, 0.000000), (0.000000, -1.211187, 0.049404, 1.000000))
INFO: Final Matrix [DEF-spine.003]: mat4x4((1.000000, 0.000000, 0.000000, 0.000000), (0.000000, 0.999592, 0.028560, 0.000000), (0.000000, -0.028560, 0.999592, 0.000000), (0.000000, -1.385738, 0.032239, 1.000000))
INFO: Final Matrix [DEF-spine.004]: mat4x4((1.000000, 0.000000, 0.000000, 0.000000), (0.000000, 0.929516, -0.368784, 0.000000), (0.000000, 0.368784, 0.929515, 0.000000), (0.000000, -1.420450, 0.646168, 1.000000))
INFO: Final Matrix [DEF-spine.005]: mat4x4((1.000000, 0.000000, 0.000000, 0.000000), (0.000000, 0.982436, -0.186599, 0.000000), (0.000000, 0.186599, 0.982436, 0.000000), (0.000000, -1.575778, 0.354954, 1.000000))
INFO: Final Matrix [DEF-spine.006]: mat4x4((1.000000, 0.000000, 0.000000, 0.000000), (0.000000, 1.000000, 0.000000, 0.000000), (0.000000, -0.000000, 1.000000, 0.000000), (0.000000, -1.670135, 0.044083, 1.000000))
INFO: Final Matrix [DEF-pelvis.L]: mat4x4((-0.421772, 0.536322, -0.731073, 0.000000), (-0.276837, 0.691624, 0.667096, 0.000000), (0.863406, 0.483751, -0.143234, 0.000000), (0.369463, -0.615484, -0.664677, 1.000000))
INFO: Final Matrix [DEF-pelvis.R]: mat4x4((-0.421772, -0.536322, 0.731073, 0.000000), (0.276837, 0.691624, 0.667096, 0.000000), (-0.863406, 0.483751, -0.143234, 0.000000), (-0.369463, -0.615484, -0.664677, 1.000000))
INFO: Final Matrix [DEF-thigh.L]: mat4x4((0.935413, -0.093497, 0.340969, 0.000000), (-0.058897, -0.992132, -0.110475, 0.000000), (0.348616, 0.083258, -0.933563, 0.000000), (-0.033043, 1.046192, -0.002256, 1.000000))
INFO: Final Matrix [DEF-thigh.L.001]: mat4x4((0.935413, -0.093497, 0.340971, 0.000000), (-0.058897, -0.992132, -0.110475, 0.000000), (0.348618, 0.083258, -0.933562, 0.000000), (-0.033043, 0.792186, -0.002256, 1.000000))
INFO: Final Matrix [DEF-shin.L]: mat4x4((0.935419, -0.049134, 0.350111, 0.000000), (-0.058899, -0.998115, 0.017290, 0.000000), (0.348602, -0.036794, -0.936551, 0.000000), (-0.033043, 0.533475, -0.071050, 1.000000))
INFO: Final Matrix [DEF-shin.L.001]: mat4x4((0.935419, -0.049134, 0.350110, 0.000000), (-0.058899, -0.998115, 0.017290, 0.000000), (0.348601, -0.036794, -0.936551, 0.000000), (-0.033043, 0.321455, -0.071050, 1.000000))
INFO: Final Matrix [DEF-foot.L]: mat4x4((0.964084, 0.178992, 0.196227, 0.000000), (0.265600, -0.649715, -0.712270, 0.000000), (0.000001, 0.738807, -0.673921, 0.000000), (-0.087786, 0.097231, 0.030920, 1.000000))
INFO: Final Matrix [DEF-toe.L]: mat4x4((-0.964084, -0.000000, -0.265600, 0.000000), (-0.265600, -0.000000, 0.964084, 0.000000), (0.000000, 1.000003, 0.000000, 0.000000), (0.087786, -0.018148, -0.025298, 1.000000))
INFO: Final Matrix [DEF-thigh.R]: mat4x4((0.935413, 0.093497, -0.340969, 0.000000), (0.058897, -0.992132, -0.110475, 0.000000), (-0.348616, 0.083258, -0.933563, 0.000000), (0.033043, 1.046192, -0.002256, 1.000000))
INFO: Final Matrix [DEF-thigh.R.001]: mat4x4((0.935413, 0.093497, -0.340971, 0.000000), (0.058897, -0.992132, -0.110475, 0.000000), (-0.348618, 0.083258, -0.933562, 0.000000), (0.033043, 0.792186, -0.002256, 1.000000))
INFO: Final Matrix [DEF-shin.R]: mat4x4((0.935419, 0.049134, -0.350111, 0.000000), (0.058899, -0.998115, 0.017290, 0.000000), (-0.348602, -0.036794, -0.936551, 0.000000), (0.033043, 0.533475, -0.071050, 1.000000))
INFO: Final Matrix [DEF-shin.R.001]: mat4x4((0.935419, 0.049134, -0.350110, 0.000000), (0.058899, -0.998115, 0.017290, 0.000000), (-0.348601, -0.036794, -0.936551, 0.000000), (0.033043, 0.321455, -0.071050, 1.000000))
INFO: Final Matrix [DEF-foot.R]: mat4x4((0.964084, -0.178992, -0.196227, 0.000000), (-0.265600, -0.649715, -0.712270, 0.000000), (-0.000001, 0.738807, -0.673921, 0.000000), (0.087786, 0.097231, 0.030920, 1.000000))
INFO: Final Matrix [DEF-toe.R]: mat4x4((-0.964084, 0.000000, 0.265600, 0.000000), (0.265600, -0.000000, 0.964084, 0.000000), (-0.000000, 1.000003, 0.000000, 0.000000), (-0.087786, -0.018148, -0.025298, 1.000000))
INFO: Final Matrix [DEF-shoulder.L]: mat4x4((0.507095, 0.861890, 0.000529, 0.000000), (-0.000074, -0.000570, 1.000000, 0.000000), (0.861890, -0.507095, -0.000225, 0.000000), (-0.004417, -0.015707, -1.510536, 1.000000))
INFO: Final Matrix [DEF-upper_arm.L]: mat4x4((0.001501, 0.997443, 0.071445, 0.000000), (0.954292, -0.022782, 0.298008, 0.000000), (0.298874, 0.067732, -0.951886, 0.000000), (-1.396936, -0.136329, -0.543537, 1.000000))
INFO: Final Matrix [DEF-upper_arm.L.001]: mat4x4((0.001501, 0.997443, 0.071445, 0.000000), (0.954292, -0.022782, 0.298008, 0.000000), (0.298874, 0.067732, -0.951886, 0.000000), (-1.396935, -0.268159, -0.543537, 1.000000))
INFO: Final Matrix [DEF-forearm.L]: mat4x4((0.001501, 0.999878, -0.015562, 0.000000), (0.954291, 0.003219, 0.298861, 0.000000), (0.298875, -0.015300, -0.954170, 0.000000), (-1.396935, -0.445738, -0.506696, 1.000000))
INFO: Final Matrix [DEF-forearm.L.001]: mat4x4((0.001501, 0.999878, -0.015562, 0.000000), (0.954291, 0.003219, 0.298861, 0.000000), (0.298875, -0.015300, -0.954170, 0.000000), (-1.396935, -0.565887, -0.506696, 1.000000))
INFO: Final Matrix [DEF-hand.L]: mat4x4((0.028306, 0.997909, 0.058098, 0.000000), (0.953443, -0.044410, 0.298287, 0.000000), (0.300243, 0.046949, -0.952707, 0.000000), (-1.413800, -0.609126, -0.555831, 1.000000))
INFO: Final Matrix [DEF-shoulder.R]: mat4x4((0.507095, -0.861890, -0.000529, 0.000000), (0.000074, -0.000570, 1.000000, 0.000000), (-0.861890, -0.507095, -0.000225, 0.000000), (0.004417, -0.015707, -1.510536, 1.000000))
INFO: Final Matrix [DEF-upper_arm.R]: mat4x4((0.001501, -0.997443, -0.071445, 0.000000), (-0.954292, -0.022782, 0.298008, 0.000000), (-0.298874, 0.067732, -0.951886, 0.000000), (1.396936, -0.136329, -0.543537, 1.000000))
INFO: Final Matrix [DEF-upper_arm.R.001]: mat4x4((0.001501, -0.997443, -0.071445, 0.000000), (-0.954292, -0.022782, 0.298008, 0.000000), (-0.298874, 0.067732, -0.951886, 0.000000), (1.396935, -0.268159, -0.543537, 1.000000))
INFO: Final Matrix [DEF-forearm.R]: mat4x4((0.001501, -0.999878, 0.015562, 0.000000), (-0.954291, 0.003219, 0.298861, 0.000000), (-0.298874, -0.015300, -0.954170, 0.000000), (1.396935, -0.445738, -0.506696, 1.000000))
INFO: Final Matrix [DEF-forearm.R.001]: mat4x4((0.001501, -0.999878, 0.015562, 0.000000), (-0.954292, 0.003219, 0.298861, 0.000000), (-0.298875, -0.015300, -0.954170, 0.000000), (1.396935, -0.565887, -0.506696, 1.000000))
INFO: Final Matrix [DEF-hand.R]: mat4x4((0.028306, -0.997909, -0.058098, 0.000000), (-0.953443, -0.044410, 0.298287, 0.000000), (-0.300244, 0.046949, -0.952707, 0.000000), (1.413800, -0.609126, -0.555832, 1.000000))
INFO: Final Matrix [DEF-breast.L]: mat4x4((-1.000000, -0.000000, 0.000000, 0.000000), (0.000000, -0.000000, 1.000000, 0.000000), (-0.000000, 1.000000, 0.000000, 0.000000), (0.107252, 0.110391, -1.378726, 1.000000))
INFO: Final Matrix [DEF-breast.R]: mat4x4((-1.000000, 0.000000, -0.000000, 0.000000), (-0.000000, -0.000000, 1.000000, 0.000000), (0.000000, 1.000000, 0.000000, 0.000000), (-0.107252, 0.110391, -1.378726, 1.000000))
INFO: ==== EXPLICIT FINAL MATRICES END ====
INFO: Drawing mesh with VAO: 1
INFO: DEBUG: Depth testing and blending enabled.
INFO: DEBUG: Max Vertex Attributes: 32
INFO: Model matrix explicitly logged: mat4x4((1.000000, 0.000000, 0.000000, 0.000000), (0.000000, 1.000000, 0.000000, 0.000000), (0.000000, 0.000000, 1.000000, 0.000000), (0.000000, 0.000000, 0.000000, 1.000000))
INFO: View matrix explicitly logged: mat4x4((1.000000, 0.000000, 0.000000, 0.000000), (0.000000, 1.000000, -0.000000, 0.000000), (-0.000000, 0.000000, 1.000000, 0.000000), (0.000000, -0.940108, -7.401939, 1.000000))
INFO: Projection matrix explicitly logged: mat4x4((1.810660, 0.000000, 0.000000, 0.000000), (0.000000, 2.414213, 0.000000, 0.000000), (0.000000, 0.000000, -1.002002, -1.000000), (0.000000, 0.000000, -0.200200, 0.000000))
INFO: Applying actual transform explicitly to bone [DEF-spine]
INFO: Final Matrix for Bone [DEF-spine] ID [0]
INFO: Applying actual transform explicitly to bone [DEF-spine.001]
INFO: Final Matrix for Bone [DEF-spine.001] ID [1]
INFO: Applying actual transform explicitly to bone [DEF-spine.002]
INFO: Final Matrix for Bone [DEF-spine.002] ID [2]
INFO: Applying actual transform explicitly to bone [DEF-spine.003]
INFO: Final Matrix for Bone [DEF-spine.003] ID [3]
INFO: Applying actual transform explicitly to bone [DEF-spine.004]
INFO: Final Matrix for Bone [DEF-spine.004] ID [4]
INFO: Applying actual transform explicitly to bone [DEF-spine.005]
INFO: Final Matrix for Bone [DEF-spine.005] ID [5]
INFO: Applying actual transform explicitly to bone [DEF-spine.006]
INFO: Final Matrix for Bone [DEF-spine.006] ID [6]
INFO: Applying actual transform explicitly to bone [DEF-pelvis.L]
INFO: Final Matrix for Bone [DEF-pelvis.L] ID [7]
INFO: Applying actual transform explicitly to bone [DEF-pelvis.R]
INFO: Final Matrix for Bone [DEF-pelvis.R] ID [8]
INFO: Applying actual transform explicitly to bone [DEF-thigh.L]
INFO: Final Matrix for Bone [DEF-thigh.L] ID [9]
INFO: Applying actual transform explicitly to bone [DEF-thigh.L.001]
INFO: Final Matrix for Bone [DEF-thigh.L.001] ID [10]
INFO: Applying actual transform explicitly to bone [DEF-shin.L]
INFO: Final Matrix for Bone [DEF-shin.L] ID [11]
INFO: Applying actual transform explicitly to bone [DEF-shin.L.001]
INFO: Final Matrix for Bone [DEF-shin.L.001] ID [12]
INFO: Applying actual transform explicitly to bone [DEF-foot.L]
INFO: Final Matrix for Bone [DEF-foot.L] ID [13]
INFO: Applying actual transform explicitly to bone [DEF-toe.L]
INFO: Final Matrix for Bone [DEF-toe.L] ID [14]
INFO: Applying actual transform explicitly to bone [DEF-thigh.R]
INFO: Final Matrix for Bone [DEF-thigh.R] ID [15]
INFO: Applying actual transform explicitly to bone [DEF-thigh.R.001]
INFO: Final Matrix for Bone [DEF-thigh.R.001] ID [16]
INFO: Applying actual transform explicitly to bone [DEF-shin.R]
INFO: Final Matrix for Bone [DEF-shin.R] ID [17]
INFO: Applying actual transform explicitly to bone [DEF-shin.R.001]
INFO: Final Matrix for Bone [DEF-shin.R.001] ID [18]
INFO: Applying actual transform explicitly to bone [DEF-foot.R]
INFO: Final Matrix for Bone [DEF-foot.R] ID [19]
INFO: Applying actual transform explicitly to bone [DEF-toe.R]
INFO: Final Matrix for Bone [DEF-toe.R] ID [20]
INFO: Applying actual transform explicitly to bone [DEF-shoulder.L]
INFO: Final Matrix for Bone [DEF-shoulder.L] ID [21]
INFO: Applying actual transform explicitly to bone [DEF-upper_arm.L]
INFO: Final Matrix for Bone [DEF-upper_arm.L] ID [22]
INFO: Applying actual transform explicitly to bone [DEF-upper_arm.L.001]
INFO: Final Matrix for Bone [DEF-upper_arm.L.001] ID [23]
INFO: Applying actual transform explicitly to bone [DEF-forearm.L]
INFO: Final Matrix for Bone [DEF-forearm.L] ID [24]
INFO: Applying actual transform explicitly to bone [DEF-forearm.L.001]
INFO: Final Matrix for Bone [DEF-forearm.L.001] ID [25]
INFO: Applying actual transform explicitly to bone [DEF-hand.L]
INFO: Final Matrix for Bone [DEF-hand.L] ID [26]
INFO: Applying actual transform explicitly to bone [DEF-shoulder.R]
INFO: Final Matrix for Bone [DEF-shoulder.R] ID [27]
INFO: Applying actual transform explicitly to bone [DEF-upper_arm.R]
INFO: Final Matrix for Bone [DEF-upper_arm.R] ID [28]
INFO: Applying actual transform explicitly to bone [DEF-upper_arm.R.001]
INFO: Final Matrix for Bone [DEF-upper_arm.R.001] ID [29]
INFO: Applying actual transform explicitly to bone [DEF-forearm.R]
INFO: Final Matrix for Bone [DEF-forearm.R] ID [30]
INFO: Applying actual transform explicitly to bone [DEF-forearm.R.001]
INFO: Final Matrix for Bone [DEF-forearm.R.001] ID [31]
INFO: Applying actual transform explicitly to bone [DEF-hand.R]
INFO: Final Matrix for Bone [DEF-hand.R] ID [32]
INFO: Applying actual transform explicitly to bone [DEF-breast.L]
INFO: Final Matrix for Bone [DEF-breast.L] ID [33]
INFO: Applying actual transform explicitly to bone [DEF-breast.R]
INFO: Final Matrix for Bone [DEF-breast.R] ID [34]
INFO: ==== EXPLICIT FINAL MATRICES BEGIN ====
INFO: Final Matrix [DEF-spine]: mat4x4((1.000000, 0.000000, 0.000000, 0.000000), (0.000000, 0.971880, -0.235478, 0.000000), (0.000000, 0.235478, 0.971880, 0.000000), (0.000000, -0.916629, 0.341921, 1.000000))
INFO: Final Matrix [DEF-spine.001]: mat4x4((1.000000, 0.000000, 0.000000, 0.000000), (0.000000, 0.992413, -0.122954, 0.000000), (0.000000, 0.122954, 0.992412, 0.000000), (0.000000, -1.104045, 0.217266, 1.000000))
INFO: Final Matrix [DEF-spine.002]: mat4x4((1.000000, 0.000000, 0.000000, 0.000000), (0.000000, 0.999869, 0.016174, 0.000000), (0.000000, -0.016174, 0.999869, 0.000000), (0.000000, -1.211187, 0.049404, 1.000000))
INFO: Final Matrix [DEF-spine.003]: mat4x4((1.000000, 0.000000, 0.000000, 0.000000), (0.000000, 0.999592, 0.028560, 0.000000), (0.000000, -0.028560, 0.999592, 0.000000), (0.000000, -1.385738, 0.032239, 1.000000))
INFO: Final Matrix [DEF-spine.004]: mat4x4((1.000000, 0.000000, 0.000000, 0.000000), (0.000000, 0.929516, -0.368784, 0.000000), (0.000000, 0.368784, 0.929515, 0.000000), (0.000000, -1.420450, 0.646168, 1.000000))
INFO: Final Matrix [DEF-spine.005]: mat4x4((1.000000, 0.000000, 0.000000, 0.000000), (0.000000, 0.982436, -0.186599, 0.000000), (0.000000, 0.186599, 0.982436, 0.000000), (0.000000, -1.575778, 0.354954, 1.000000))
INFO: Final Matrix [DEF-spine.006]: mat4x4((1.000000, 0.000000, 0.000000, 0.000000), (0.000000, 1.000000, 0.000000, 0.000000), (0.000000, -0.000000, 1.000000, 0.000000), (0.000000, -1.670135, 0.044083, 1.000000))
INFO: Final Matrix [DEF-pelvis.L]: mat4x4((-0.421772, 0.536322, -0.731073, 0.000000), (-0.276837, 0.691624, 0.667096, 0.000000), (0.863406, 0.483751, -0.143234, 0.000000), (0.369463, -0.615484, -0.664677, 1.000000))
INFO: Final Matrix [DEF-pelvis.R]: mat4x4((-0.421772, -0.536322, 0.731073, 0.000000), (0.276837, 0.691624, 0.667096, 0.000000), (-0.863406, 0.483751, -0.143234, 0.000000), (-0.369463, -0.615484, -0.664677, 1.000000))
INFO: Final Matrix [DEF-thigh.L]: mat4x4((0.935413, -0.093497, 0.340969, 0.000000), (-0.058897, -0.992132, -0.110475, 0.000000), (0.348616, 0.083258, -0.933563, 0.000000), (-0.033043, 1.046192, -0.002256, 1.000000))
INFO: Final Matrix [DEF-thigh.L.001]: mat4x4((0.935413, -0.093497, 0.340971, 0.000000), (-0.058897, -0.992132, -0.110475, 0.000000), (0.348618, 0.083258, -0.933562, 0.000000), (-0.033043, 0.792186, -0.002256, 1.000000))
INFO: Final Matrix [DEF-shin.L]: mat4x4((0.935419, -0.049134, 0.350111, 0.000000), (-0.058899, -0.998115, 0.017290, 0.000000), (0.348602, -0.036794, -0.936551, 0.000000), (-0.033043, 0.533475, -0.071050, 1.000000))
INFO: Final Matrix [DEF-shin.L.001]: mat4x4((0.935419, -0.049134, 0.350110, 0.000000), (-0.058899, -0.998115, 0.017290, 0.000000), (0.348601, -0.036794, -0.936551, 0.000000), (-0.033043, 0.321455, -0.071050, 1.000000))
INFO: Final Matrix [DEF-foot.L]: mat4x4((0.964084, 0.178992, 0.196227, 0.000000), (0.265600, -0.649715, -0.712270, 0.000000), (0.000001, 0.738807, -0.673921, 0.000000), (-0.087786, 0.097231, 0.030920, 1.000000))
INFO: Final Matrix [DEF-toe.L]: mat4x4((-0.964084, -0.000000, -0.265600, 0.000000), (-0.265600, -0.000000, 0.964084, 0.000000), (0.000000, 1.000003, 0.000000, 0.000000), (0.087786, -0.018148, -0.025298, 1.000000))
INFO: Final Matrix [DEF-thigh.R]: mat4x4((0.935413, 0.093497, -0.340969, 0.000000), (0.058897, -0.992132, -0.110475, 0.000000), (-0.348616, 0.083258, -0.933563, 0.000000), (0.033043, 1.046192, -0.002256, 1.000000))
INFO: Final Matrix [DEF-thigh.R.001]: mat4x4((0.935413, 0.093497, -0.340971, 0.000000), (0.058897, -0.992132, -0.110475, 0.000000), (-0.348618, 0.083258, -0.933562, 0.000000), (0.033043, 0.792186, -0.002256, 1.000000))
INFO: Final Matrix [DEF-shin.R]: mat4x4((0.935419, 0.049134, -0.350111, 0.000000), (0.058899, -0.998115, 0.017290, 0.000000), (-0.348602, -0.036794, -0.936551, 0.000000), (0.033043, 0.533475, -0.071050, 1.000000))
INFO: Final Matrix [DEF-shin.R.001]: mat4x4((0.935419, 0.049134, -0.350110, 0.000000), (0.058899, -0.998115, 0.017290, 0.000000), (-0.348601, -0.036794, -0.936551, 0.000000), (0.033043, 0.321455, -0.071050, 1.000000))
INFO: Final Matrix [DEF-foot.R]: mat4x4((0.964084, -0.178992, -0.196227, 0.000000), (-0.265600, -0.649715, -0.712270, 0.000000), (-0.000001, 0.738807, -0.673921, 0.000000), (0.087786, 0.097231, 0.030920, 1.000000))
INFO: Final Matrix [DEF-toe.R]: mat4x4((-0.964084, 0.000000, 0.265600, 0.000000), (0.265600, -0.000000, 0.964084, 0.000000), (-0.000000, 1.000003, 0.000000, 0.000000), (-0.087786, -0.018148, -0.025298, 1.000000))
INFO: Final Matrix [DEF-shoulder.L]: mat4x4((0.507095, 0.861890, 0.000529, 0.000000), (-0.000074, -0.000570, 1.000000, 0.000000), (0.861890, -0.507095, -0.000225, 0.000000), (-0.004417, -0.015707, -1.510536, 1.000000))
INFO: Final Matrix [DEF-upper_arm.L]: mat4x4((0.001501, 0.997443, 0.071445, 0.000000), (0.954292, -0.022782, 0.298008, 0.000000), (0.298874, 0.067732, -0.951886, 0.000000), (-1.396936, -0.136329, -0.543537, 1.000000))
INFO: Final Matrix [DEF-upper_arm.L.001]: mat4x4((0.001501, 0.997443, 0.071445, 0.000000), (0.954292, -0.022782, 0.298008, 0.000000), (0.298874, 0.067732, -0.951886, 0.000000), (-1.396935, -0.268159, -0.543537, 1.000000))
INFO: Final Matrix [DEF-forearm.L]: mat4x4((0.001501, 0.999878, -0.015562, 0.000000), (0.954291, 0.003219, 0.298861, 0.000000), (0.298875, -0.015300, -0.954170, 0.000000), (-1.396935, -0.445738, -0.506696, 1.000000))
INFO: Final Matrix [DEF-forearm.L.001]: mat4x4((0.001501, 0.999878, -0.015562, 0.000000), (0.954291, 0.003219, 0.298861, 0.000000), (0.298875, -0.015300, -0.954170, 0.000000), (-1.396935, -0.565887, -0.506696, 1.000000))
INFO: Final Matrix [DEF-hand.L]: mat4x4((0.028306, 0.997909, 0.058098, 0.000000), (0.953443, -0.044410, 0.298287, 0.000000), (0.300243, 0.046949, -0.952707, 0.000000), (-1.413800, -0.609126, -0.555831, 1.000000))
INFO: Final Matrix [DEF-shoulder.R]: mat4x4((0.507095, -0.861890, -0.000529, 0.000000), (0.000074, -0.000570, 1.000000, 0.000000), (-0.861890, -0.507095, -0.000225, 0.000000), (0.004417, -0.015707, -1.510536, 1.000000))
INFO: Final Matrix [DEF-upper_arm.R]: mat4x4((0.001501, -0.997443, -0.071445, 0.000000), (-0.954292, -0.022782, 0.298008, 0.000000), (-0.298874, 0.067732, -0.951886, 0.000000), (1.396936, -0.136329, -0.543537, 1.000000))
INFO: Final Matrix [DEF-upper_arm.R.001]: mat4x4((0.001501, -0.997443, -0.071445, 0.000000), (-0.954292, -0.022782, 0.298008, 0.000000), (-0.298874, 0.067732, -0.951886, 0.000000), (1.396935, -0.268159, -0.543537, 1.000000))
INFO: Final Matrix [DEF-forearm.R]: mat4x4((0.001501, -0.999878, 0.015562, 0.000000), (-0.954291, 0.003219, 0.298861, 0.000000), (-0.298874, -0.015300, -0.954170, 0.000000), (1.396935, -0.445738, -0.506696, 1.000000))
INFO: Final Matrix [DEF-forearm.R.001]: mat4x4((0.001501, -0.999878, 0.015562, 0.000000), (-0.954292, 0.003219, 0.298861, 0.000000), (-0.298875, -0.015300, -0.954170, 0.000000), (1.396935, -0.565887, -0.506696, 1.000000))
INFO: Final Matrix [DEF-hand.R]: mat4x4((0.028306, -0.997909, -0.058098, 0.000000), (-0.953443, -0.044410, 0.298287, 0.000000), (-0.300244, 0.046949, -0.952707, 0.000000), (1.413800, -0.609126, -0.555832, 1.000000))
INFO: Final Matrix [DEF-breast.L]: mat4x4((-1.000000, -0.000000, 0.000000, 0.000000), (0.000000, -0.000000, 1.000000, 0.000000), (-0.000000, 1.000000, 0.000000, 0.000000), (0.107252, 0.110391, -1.378726, 1.000000))
INFO: Final Matrix [DEF-breast.R]: mat4x4((-1.000000, 0.000000, -0.000000, 0.000000), (-0.000000, -0.000000, 1.000000, 0.000000), (0.000000, 1.000000, 0.000000, 0.000000), (-0.107252, 0.110391, -1.378726, 1.000000))
INFO: ==== EXPLICIT FINAL MATRICES END ====
INFO: Drawing mesh with VAO: 1
INFO: DEBUG: Depth testing and blending enabled.
INFO: DEBUG: Max Vertex Attributes: 32
INFO: Model matrix explicitly logged: mat4x4((1.000000, 0.000000, 0.000000, 0.000000), (0.000000, 1.000000, 0.000000, 0.000000), (0.000000, 0.000000, 1.000000, 0.000000), (0.000000, 0.000000, 0.000000, 1.000000))
INFO: View matrix explicitly logged: mat4x4((1.000000, 0.000000, 0.000000, 0.000000), (0.000000, 1.000000, -0.000000, 0.000000), (-0.000000, 0.000000, 1.000000, 0.000000), (0.000000, -0.940108, -7.401939, 1.000000))
INFO: Projection matrix explicitly logged: mat4x4((1.810660, 0.000000, 0.000000, 0.000000), (0.000000, 2.414213, 0.000000, 0.000000), (0.000000, 0.000000, -1.002002, -1.000000), (0.000000, 0.000000, -0.200200, 0.000000))
INFO: Applying actual transform explicitly to bone [DEF-spine]
INFO: Final Matrix for Bone [DEF-spine] ID [0]
INFO: Applying actual transform explicitly to bone [DEF-spine.001]
INFO: Final Matrix for Bone [DEF-spine.001] ID [1]
INFO: Applying actual transform explicitly to bone [DEF-spine.002]
INFO: Final Matrix for Bone [DEF-spine.002] ID [2]
INFO: Applying actual transform explicitly to bone [DEF-spine.003]
INFO: Final Matrix for Bone [DEF-spine.003] ID [3]
INFO: Applying actual transform explicitly to bone [DEF-spine.004]
INFO: Final Matrix for Bone [DEF-spine.004] ID [4]
INFO: Applying actual transform explicitly to bone [DEF-spine.005]
INFO: Final Matrix for Bone [DEF-spine.005] ID [5]
INFO: Applying actual transform explicitly to bone [DEF-spine.006]
INFO: Final Matrix for Bone [DEF-spine.006] ID [6]
INFO: Applying actual transform explicitly to bone [DEF-pelvis.L]
INFO: Final Matrix for Bone [DEF-pelvis.L] ID [7]
INFO: Applying actual transform explicitly to bone [DEF-pelvis.R]
INFO: Final Matrix for Bone [DEF-pelvis.R] ID [8]
INFO: Applying actual transform explicitly to bone [DEF-thigh.L]
INFO: Final Matrix for Bone [DEF-thigh.L] ID [9]
INFO: Applying actual transform explicitly to bone [DEF-thigh.L.001]
INFO: Final Matrix for Bone [DEF-thigh.L.001] ID [10]
INFO: Applying actual transform explicitly to bone [DEF-shin.L]
INFO: Final Matrix for Bone [DEF-shin.L] ID [11]
INFO: Applying actual transform explicitly to bone [DEF-shin.L.001]
INFO: Final Matrix for Bone [DEF-shin.L.001] ID [12]
INFO: Applying actual transform explicitly to bone [DEF-foot.L]
INFO: Final Matrix for Bone [DEF-foot.L] ID [13]
INFO: Applying actual transform explicitly to bone [DEF-toe.L]
INFO: Final Matrix for Bone [DEF-toe.L] ID [14]
INFO: Applying actual transform explicitly to bone [DEF-thigh.R]
INFO: Final Matrix for Bone [DEF-thigh.R] ID [15]
INFO: Applying actual transform explicitly to bone [DEF-thigh.R.001]
INFO: Final Matrix for Bone [DEF-thigh.R.001] ID [16]
INFO: Applying actual transform explicitly to bone [DEF-shin.R]
INFO: Final Matrix for Bone [DEF-shin.R] ID [17]
INFO: Applying actual transform explicitly to bone [DEF-shin.R.001]
INFO: Final Matrix for Bone [DEF-shin.R.001] ID [18]
INFO: Applying actual transform explicitly to bone [DEF-foot.R]
INFO: Final Matrix for Bone [DEF-foot.R] ID [19]
INFO: Applying actual transform explicitly to bone [DEF-toe.R]
INFO: Final Matrix for Bone [DEF-toe.R] ID [20]
INFO: Applying actual transform explicitly to bone [DEF-shoulder.L]
INFO: Final Matrix for Bone [DEF-shoulder.L] ID [21]
INFO: Applying actual transform explicitly to bone [DEF-upper_arm.L]
INFO: Final Matrix for Bone [DEF-upper_arm.L] ID [22]
INFO: Applying actual transform explicitly to bone [DEF-upper_arm.L.001]
INFO: Final Matrix for Bone [DEF-upper_arm.L.001] ID [23]
INFO: Applying actual transform explicitly to bone [DEF-forearm.L]
INFO: Final Matrix for Bone [DEF-forearm.L] ID [24]
INFO: Applying actual transform explicitly to bone [DEF-forearm.L.001]
INFO: Final Matrix for Bone [DEF-forearm.L.001] ID [25]
INFO: Applying actual transform explicitly to bone [DEF-hand.L]
INFO: Final Matrix for Bone [DEF-hand.L] ID [26]
INFO: Applying actual transform explicitly to bone [DEF-shoulder.R]
INFO: Final Matrix for Bone [DEF-shoulder.R] ID [27]
INFO: Applying actual transform explicitly to bone [DEF-upper_arm.R]
INFO: Final Matrix for Bone [DEF-upper_arm.R] ID [28]
INFO: Applying actual transform explicitly to bone [DEF-upper_arm.R.001]
INFO: Final Matrix for Bone [DEF-upper_arm.R.001] ID [29]
INFO: Applying actual transform explicitly to bone [DEF-forearm.R]
INFO: Final Matrix for Bone [DEF-forearm.R] ID [30]
INFO: Applying actual transform explicitly to bone [DEF-forearm.R.001]
INFO: Final Matrix for Bone [DEF-forearm.R.001] ID [31]
INFO: Applying actual transform explicitly to bone [DEF-hand.R]
INFO: Final Matrix for Bone [DEF-hand.R] ID [32]
INFO: Applying actual transform explicitly to bone [DEF-breast.L]
INFO: Final Matrix for Bone [DEF-breast.L] ID [33]
INFO: Applying actual transform explicitly to bone [DEF-breast.R]
INFO: Final Matrix for Bone [DEF-breast.R] ID [34]
INFO: ==== EXPLICIT FINAL MATRICES BEGIN ====
INFO: Final Matrix [DEF-spine]: mat4x4((1.000000, 0.000000, 0.000000, 0.000000), (0.000000, 0.971880, -0.235478, 0.000000), (0.000000, 0.235478, 0.971880, 0.000000), (0.000000, -0.916629, 0.341921, 1.000000))
INFO: Final Matrix [DEF-spine.001]: mat4x4((1.000000, 0.000000, 0.000000, 0.000000), (0.000000, 0.992413, -0.122954, 0.000000), (0.000000, 0.122954, 0.992412, 0.000000), (0.000000, -1.104045, 0.217266, 1.000000))
INFO: Final Matrix [DEF-spine.002]: mat4x4((1.000000, 0.000000, 0.000000, 0.000000), (0.000000, 0.999869, 0.016174, 0.000000), (0.000000, -0.016174, 0.999869, 0.000000), (0.000000, -1.211187, 0.049404, 1.000000))
INFO: Final Matrix [DEF-spine.003]: mat4x4((1.000000, 0.000000, 0.000000, 0.000000), (0.000000, 0.999592, 0.028560, 0.000000), (0.000000, -0.028560, 0.999592, 0.000000), (0.000000, -1.385738, 0.032239, 1.000000))
INFO: Final Matrix [DEF-spine.004]: mat4x4((1.000000, 0.000000, 0.000000, 0.000000), (0.000000, 0.929516, -0.368784, 0.000000), (0.000000, 0.368784, 0.929515, 0.000000), (0.000000, -1.420450, 0.646168, 1.000000))
INFO: Final Matrix [DEF-spine.005]: mat4x4((1.000000, 0.000000, 0.000000, 0.000000), (0.000000, 0.982436, -0.186599, 0.000000), (0.000000, 0.186599, 0.982436, 0.000000), (0.000000, -1.575778, 0.354954, 1.000000))
INFO: Final Matrix [DEF-spine.006]: mat4x4((1.000000, 0.000000, 0.000000, 0.000000), (0.000000, 1.000000, 0.000000, 0.000000), (0.000000, -0.000000, 1.000000, 0.000000), (0.000000, -1.670135, 0.044083, 1.000000))
INFO: Final Matrix [DEF-pelvis.L]: mat4x4((-0.421772, 0.536322, -0.731073, 0.000000), (-0.276837, 0.691624, 0.667096, 0.000000), (0.863406, 0.483751, -0.143234, 0.000000), (0.369463, -0.615484, -0.664677, 1.000000))
INFO: Final Matrix [DEF-pelvis.R]: mat4x4((-0.421772, -0.536322, 0.731073, 0.000000), (0.276837, 0.691624, 0.667096, 0.000000), (-0.863406, 0.483751, -0.143234, 0.000000), (-0.369463, -0.615484, -0.664677, 1.000000))
INFO: Final Matrix [DEF-thigh.L]: mat4x4((0.935413, -0.093497, 0.340969, 0.000000), (-0.058897, -0.992132, -0.110475, 0.000000), (0.348616, 0.083258, -0.933563, 0.000000), (-0.033043, 1.046192, -0.002256, 1.000000))
INFO: Final Matrix [DEF-thigh.L.001]: mat4x4((0.935413, -0.093497, 0.340971, 0.000000), (-0.058897, -0.992132, -0.110475, 0.000000), (0.348618, 0.083258, -0.933562, 0.000000), (-0.033043, 0.792186, -0.002256, 1.000000))
INFO: Final Matrix [DEF-shin.L]: mat4x4((0.935419, -0.049134, 0.350111, 0.000000), (-0.058899, -0.998115, 0.017290, 0.000000), (0.348602, -0.036794, -0.936551, 0.000000), (-0.033043, 0.533475, -0.071050, 1.000000))
INFO: Final Matrix [DEF-shin.L.001]: mat4x4((0.935419, -0.049134, 0.350110, 0.000000), (-0.058899, -0.998115, 0.017290, 0.000000), (0.348601, -0.036794, -0.936551, 0.000000), (-0.033043, 0.321455, -0.071050, 1.000000))
INFO: Final Matrix [DEF-foot.L]: mat4x4((0.964084, 0.178992, 0.196227, 0.000000), (0.265600, -0.649715, -0.712270, 0.000000), (0.000001, 0.738807, -0.673921, 0.000000), (-0.087786, 0.097231, 0.030920, 1.000000))
INFO: Final Matrix [DEF-toe.L]: mat4x4((-0.964084, -0.000000, -0.265600, 0.000000), (-0.265600, -0.000000, 0.964084, 0.000000), (0.000000, 1.000003, 0.000000, 0.000000), (0.087786, -0.018148, -0.025298, 1.000000))
INFO: Final Matrix [DEF-thigh.R]: mat4x4((0.935413, 0.093497, -0.340969, 0.000000), (0.058897, -0.992132, -0.110475, 0.000000), (-0.348616, 0.083258, -0.933563, 0.000000), (0.033043, 1.046192, -0.002256, 1.000000))
INFO: Final Matrix [DEF-thigh.R.001]: mat4x4((0.935413, 0.093497, -0.340971, 0.000000), (0.058897, -0.992132, -0.110475, 0.000000), (-0.348618, 0.083258, -0.933562, 0.000000), (0.033043, 0.792186, -0.002256, 1.000000))
INFO: Final Matrix [DEF-shin.R]: mat4x4((0.935419, 0.049134, -0.350111, 0.000000), (0.058899, -0.998115, 0.017290, 0.000000), (-0.348602, -0.036794, -0.936551, 0.000000), (0.033043, 0.533475, -0.071050, 1.000000))
INFO: Final Matrix [DEF-shin.R.001]: mat4x4((0.935419, 0.049134, -0.350110, 0.000000), (0.058899, -0.998115, 0.017290, 0.000000), (-0.348601, -0.036794, -0.936551, 0.000000), (0.033043, 0.321455, -0.071050, 1.000000))
INFO: Final Matrix [DEF-foot.R]: mat4x4((0.964084, -0.178992, -0.196227, 0.000000), (-0.265600, -0.649715, -0.712270, 0.000000), (-0.000001, 0.738807, -0.673921, 0.000000), (0.087786, 0.097231, 0.030920, 1.000000))
INFO: Final Matrix [DEF-toe.R]: mat4x4((-0.964084, 0.000000, 0.265600, 0.000000), (0.265600, -0.000000, 0.964084, 0.000000), (-0.000000, 1.000003, 0.000000, 0.000000), (-0.087786, -0.018148, -0.025298, 1.000000))
INFO: Final Matrix [DEF-shoulder.L]: mat4x4((0.507095, 0.861890, 0.000529, 0.000000), (-0.000074, -0.000570, 1.000000, 0.000000), (0.861890, -0.507095, -0.000225, 0.000000), (-0.004417, -0.015707, -1.510536, 1.000000))
INFO: Final Matrix [DEF-upper_arm.L]: mat4x4((0.001501, 0.997443, 0.071445, 0.000000), (0.954292, -0.022782, 0.298008, 0.000000), (0.298874, 0.067732, -0.951886, 0.000000), (-1.396936, -0.136329, -0.543537, 1.000000))
INFO: Final Matrix [DEF-upper_arm.L.001]: mat4x4((0.001501, 0.997443, 0.071445, 0.000000), (0.954292, -0.022782, 0.298008, 0.000000), (0.298874, 0.067732, -0.951886, 0.000000), (-1.396935, -0.268159, -0.543537, 1.000000))
INFO: Final Matrix [DEF-forearm.L]: mat4x4((0.001501, 0.999878, -0.015562, 0.000000), (0.954291, 0.003219, 0.298861, 0.000000), (0.298875, -0.015300, -0.954170, 0.000000), (-1.396935, -0.445738, -0.506696, 1.000000))
