 vec3(0.000000, 0.000000, 0.000000)
INFO: Decomposed transform for DEF-pelvis.R: Translation(0, 0, 0), Scale(1, 1, 1)
INFO: Bone [DEF-thigh.L] FINAL TRANSFORM:
INFO: mat4x4((1.000000, 0.000000, 0.000000, 0.000000), (0.000000, 1.000000, 0.000000, 0.000000), (0.000000, 0.000000, 1.000000, 0.000000), (0.000000, 0.000000, 0.000000, 1.000000))
INFO: Bone: DEF-thigh.L Scale: vec3(1.000000, 1.000000, 1.000000) Translation: vec3(0.000000, 0.000000, 0.000000) Skew: vec3(0.000000, 0.000000, 0.000000)
INFO: Decomposed transform for DEF-thigh.L: Translation(0, 0, 0), Scale(1, 1, 1)
INFO: Bone [DEF-thigh.L.001] FINAL TRANSFORM:
INFO: mat4x4((1.000000, 0.000000, 0.000000, 0.000000), (0.000000, 1.000000, 0.000000, 0.000000), (0.000000, 0.000000, 1.000000, 0.000000), (0.000000, 0.000000, 0.000000, 1.000000))
INFO: Bone: DEF-thigh.L.001 Scale: vec3(1.000000, 1.000000, 1.000000) Translation: vec3(0.000000, 0.000000, 0.000000) Skew: vec3(0.000000, 0.000000, 0.000000)
INFO: Decomposed transform for DEF-thigh.L.001: Translation(0, 0, 0), Scale(1, 1, 1)
INFO: Bone [DEF-shin.L] FINAL TRANSFORM:
INFO: mat4x4((1.000000, 0.000000, 0.000000, 0.000000), (0.000000, 1.000000, 0.000000, 0.000000), (0.000000, 0.000000, 1.000000, 0.000000), (0.000000, 0.000000, 0.000000, 1.000000))
INFO: Bone: DEF-shin.L Scale: vec3(1.000000, 1.000000, 1.000000) Translation: vec3(0.000000, 0.000000, 0.000000) Skew: vec3(0.000000, 0.000000, 0.000000)
INFO: Decomposed transform for DEF-shin.L: Translation(0, 0, 0), Scale(1, 1, 1)
INFO: Bone [DEF-shin.L.001] FINAL TRANSFORM:
INFO: mat4x4((1.000000, 0.000000, 0.000000, 0.000000), (0.000000, 1.000000, 0.000000, 0.000000), (0.000000, 0.000000, 1.000000, 0.000000), (0.000000, 0.000000, 0.000000, 1.000000))
INFO: Bone: DEF-shin.L.001 Scale: vec3(1.000000, 1.000000, 1.000000) Translation: vec3(0.000000, 0.000000, 0.000000) Skew: vec3(0.000000, 0.000000, 0.000000)
INFO: Decomposed transform for DEF-shin.L.001: Translation(0, 0, 0), Scale(1, 1, 1)
INFO: Bone [DEF-foot.L] FINAL TRANSFORM:
INFO: mat4x4((1.000000, 0.000000, 0.000000, 0.000000), (0.000000, 1.000000, 0.000000, 0.000000), (0.000000, 0.000000, 1.000000, 0.000000), (0.000000, 0.000000, 0.000000, 1.000000))
INFO: Bone: DEF-foot.L Scale: vec3(1.000000, 1.000000, 1.000000) Translation: vec3(0.000000, 0.000000, 0.000000) Skew: vec3(0.000000, 0.000000, 0.000000)
INFO: Decomposed transform for DEF-foot.L: Translation(0, 0, 0), Scale(1, 1, 1)
INFO: Bone [DEF-toe.L] FINAL TRANSFORM:
INFO: mat4x4((1.000000, 0.000000, 0.000000, 0.000000), (0.000000, 1.000000, 0.000000, 0.000000), (0.000000, 0.000000, 1.000000, 0.000000), (0.000000, 0.000000, 0.000000, 1.000000))
INFO: Bone: DEF-toe.L Scale: vec3(1.000000, 1.000000, 1.000000) Translation: vec3(0.000000, 0.000000, 0.000000) Skew: vec3(0.000000, 0.000000, 0.000000)
INFO: Decomposed transform for DEF-toe.L: Translation(0, 0, 0), Scale(1, 1, 1)
INFO: Bone [DEF-thigh.R] FINAL TRANSFORM:
INFO: mat4x4((1.000000, 0.000000, 0.000000, 0.000000), (0.000000, 1.000000, 0.000000, 0.000000), (0.000000, 0.000000, 1.000000, 0.000000), (0.000000, 0.000000, 0.000000, 1.000000))
INFO: Bone: DEF-thigh.R Scale: vec3(1.000000, 1.000000, 1.000000) Translation: vec3(0.000000, 0.000000, 0.000000) Skew: vec3(0.000000, 0.000000, 0.000000)
INFO: Decomposed transform for DEF-thigh.R: Translation(0, 0, 0), Scale(1, 1, 1)
INFO: Bone [DEF-thigh.R.001] FINAL TRANSFORM:
INFO: mat4x4((1.000000, 0.000000, 0.000000, 0.000000), (0.000000, 1.000000, 0.000000, 0.000000), (0.000000, 0.000000, 1.000000, 0.000000), (0.000000, 0.000000, 0.000000, 1.000000))
INFO: Bone: DEF-thigh.R.001 Scale: vec3(1.000000, 1.000000, 1.000000) Translation: vec3(0.000000, 0.000000, 0.000000) Skew: vec3(0.000000, 0.000000, 0.000000)
INFO: Decomposed transform for DEF-thigh.R.001: Translation(0, 0, 0), Scale(1, 1, 1)
INFO: Bone [DEF-shin.R] FINAL TRANSFORM:
INFO: mat4x4((1.000000, 0.000000, 0.000000, 0.000000), (0.000000, 1.000000, 0.000000, 0.000000), (0.000000, 0.000000, 1.000000, 0.000000), (0.000000, 0.000000, 0.000000, 1.000000))
INFO: Bone: DEF-shin.R Scale: vec3(1.000000, 1.000000, 1.000000) Translation: vec3(0.000000, 0.000000, 0.000000) Skew: vec3(0.000000, 0.000000, 0.000000)
INFO: Decomposed transform for DEF-shin.R: Translation(0, 0, 0), Scale(1, 1, 1)
INFO: Bone [DEF-shin.R.001] FINAL TRANSFORM:
INFO: mat4x4((1.000000, 0.000000, 0.000000, 0.000000), (0.000000, 1.000000, 0.000000, 0.000000), (0.000000, 0.000000, 1.000000, 0.000000), (0.000000, 0.000000, 0.000000, 1.000000))
INFO: Bone: DEF-shin.R.001 Scale: vec3(1.000000, 1.000000, 1.000000) Translation: vec3(0.000000, 0.000000, 0.000000) Skew: vec3(0.000000, 0.000000, 0.000000)
INFO: Decomposed transform for DEF-shin.R.001: Translation(0, 0, 0), Scale(1, 1, 1)
INFO: Bone [DEF-foot.R] FINAL TRANSFORM:
INFO: mat4x4((1.000000, 0.000000, 0.000000, 0.000000), (0.000000, 1.000000, 0.000000, 0.000000), (0.000000, 0.000000, 1.000000, 0.000000), (0.000000, 0.000000, 0.000000, 1.000000))
INFO: Bone: DEF-foot.R Scale: vec3(1.000000, 1.000000, 1.000000) Translation: vec3(0.000000, 0.000000, 0.000000) Skew: vec3(0.000000, 0.000000, 0.000000)
INFO: Decomposed transform for DEF-foot.R: Translation(0, 0, 0), Scale(1, 1, 1)
INFO: Bone [DEF-toe.R] FINAL TRANSFORM:
INFO: mat4x4((1.000000, 0.000000, 0.000000, 0.000000), (0.000000, 1.000000, 0.000000, 0.000000), (0.000000, 0.000000, 1.000000, 0.000000), (0.000000, 0.000000, 0.000000, 1.000000))
INFO: Bone: DEF-toe.R Scale: vec3(1.000000, 1.000000, 1.000000) Translation: vec3(0.000000, 0.000000, 0.000000) Skew: vec3(0.000000, 0.000000, 0.000000)
INFO: Decomposed transform for DEF-toe.R: Translation(0, 0, 0), Scale(1, 1, 1)
INFO: Bone [DEF-shoulder.L] FINAL TRANSFORM:
INFO: mat4x4((1.000000, 0.000000, 0.000000, 0.000000), (0.000000, 1.000000, 0.000000, 0.000000), (0.000000, 0.000000, 1.000000, 0.000000), (0.000000, 0.000000, 0.000000, 1.000000))
INFO: Bone: DEF-shoulder.L Scale: vec3(1.000000, 1.000000, 1.000000) Translation: vec3(0.000000, 0.000000, 0.000000) Skew: vec3(0.000000, 0.000000, 0.000000)
INFO: Decomposed transform for DEF-shoulder.L: Translation(0, 0, 0), Scale(1, 1, 1)
INFO: Bone [DEF-upper_arm.L] FINAL TRANSFORM:
INFO: mat4x4((0.987835, -0.123212, 0.094873, 0.000000), (0.107851, 0.982350, 0.152825, 0.000000), (-0.112028, -0.140734, 0.983689, 0.000000), (-0.021599, 0.001481, -0.028767, 1.000000))
INFO: Bone: DEF-upper_arm.L Scale: vec3(1.000000, 1.000000, 1.000000) Translation: vec3(-0.021599, 0.001481, -0.028767) Skew: vec3(0.000000, 0.000000, -0.000000)
INFO: Decomposed transform for DEF-upper_arm.L: Translation(-0.0215991, 0.00148122, -0.0287674), Scale(1, 1, 1)
INFO: Bone [DEF-upper_arm.L.001] FINAL TRANSFORM:
INFO: mat4x4((0.988749, -0.122188, 0.086286, 0.000000), (0.107440, 0.981466, 0.158688, 0.000000), (-0.104076, -0.147633, 0.983551, 0.000000), (-0.021384, 0.001507, -0.029775, 1.000000))
INFO: Bone: DEF-upper_arm.L.001 Scale: vec3(1.000000, 1.000000, 1.000000) Translation: vec3(-0.021384, 0.001507, -0.029775) Skew: vec3(0.000000, 0.000000, -0.000000)
INFO: Decomposed transform for DEF-upper_arm.L.001: Translation(-0.0213839, 0.0015074, -0.0297755), Scale(1, 1, 1)
INFO: Bone [DEF-forearm.L] FINAL TRANSFORM:
INFO: mat4x4((0.981720, 0.105810, 0.158209, 0.000000), (-0.136745, 0.970288, 0.199606, 0.000000), (-0.132388, -0.217592, 0.967020, 0.000000), (0.076573, -0.031254, -0.057730, 1.000000))
INFO: Bone: DEF-forearm.L Scale: vec3(1.000000, 1.000000, 1.000000) Translation: vec3(0.076573, -0.031254, -0.057730) Skew: vec3(0.000000, -0.000000, 0.000000)
INFO: Decomposed transform for DEF-forearm.L: Translation(0.0765732, -0.0312536, -0.0577305), Scale(1, 1, 1)
INFO: Bone [DEF-forearm.L.001] FINAL TRANSFORM:
INFO: mat4x4((0.981279, 0.105079, 0.161400, 0.000000), (-0.136480, 0.970695, 0.197801, 0.000000), (-0.135886, -0.216125, 0.966864, 0.000000), (0.076451, -0.031266, -0.057511, 1.000000))
INFO: Bone: DEF-forearm.L.001 Scale: vec3(1.000000, 1.000000, 1.000000) Translation: vec3(0.076451, -0.031266, -0.057511) Skew: vec3(0.000000, -0.000000, 0.000000)
INFO: Decomposed transform for DEF-forearm.L.001: Translation(0.0764506, -0.0312665, -0.0575108), Scale(1, 1, 1)
INFO: Bone [DEF-hand.L] FINAL TRANSFORM:
INFO: mat4x4((0.961397, -0.065917, 0.267153, 0.000000), (-0.065321, 0.888457, 0.454288, 0.000000), (-0.267300, -0.454202, 0.849854, 0.000000), (0.035532, 0.060126, -0.245339, 1.000000))
INFO: Bone: DEF-hand.L Scale: vec3(1.000000, 1.000000, 1.000000) Translation: vec3(0.035532, 0.060126, -0.245339) Skew: vec3(0.000000, -0.000000, 0.000000)
INFO: Decomposed transform for DEF-hand.L: Translation(0.0355321, 0.0601256, -0.245339), Scale(1, 1, 1)
INFO: Bone [DEF-shoulder.R] FINAL TRANSFORM:
INFO: mat4x4((1.000000, 0.000000, 0.000000, 0.000000), (0.000000, 1.000000, 0.000000, 0.000000), (0.000000, 0.000000, 1.000000, 0.000000), (0.000000, 0.000000, 0.000000, 1.000000))
INFO: Bone: DEF-shoulder.R Scale: vec3(1.000000, 1.000000, 1.000000) Translation: vec3(0.000000, 0.000000, 0.000000) Skew: vec3(0.000000, 0.000000, 0.000000)
INFO: Decomposed transform for DEF-shoulder.R: Translation(0, 0, 0), Scale(1, 1, 1)
INFO: Bone [DEF-upper_arm.R] FINAL TRANSFORM:
INFO: mat4x4((0.987835, 0.123210, -0.094871, 0.000000), (-0.107849, 0.982351, 0.152823, 0.000000), (0.112026, -0.140732, 0.983689, 0.000000), (0.021599, 0.001481, -0.028767, 1.000000))
INFO: Bone: DEF-upper_arm.R Scale: vec3(1.000000, 1.000000, 1.000000) Translation: vec3(0.021599, 0.001481, -0.028767) Skew: vec3(0.000000, 0.000000, -0.000000)
INFO: Decomposed transform for DEF-upper_arm.R: Translation(0.0215987, 0.00148115, -0.0287669), Scale(1, 1, 1)
INFO: Bone [DEF-upper_arm.R.001] FINAL TRANSFORM:
INFO: mat4x4((0.988749, 0.122186, -0.086286, 0.000000), (-0.107438, 0.981466, 0.158688, 0.000000), (0.104076, -0.147632, 0.983551, 0.000000), (0.021384, 0.001508, -0.029776, 1.000000))
INFO: Bone: DEF-upper_arm.R.001 Scale: vec3(1.000000, 1.000000, 1.000000) Translation: vec3(0.021384, 0.001508, -0.029776) Skew: vec3(-0.000000, 0.000000, -0.000000)
INFO: Decomposed transform for DEF-upper_arm.R.001: Translation(0.0213837, 0.00150752, -0.0297757), Scale(1, 1, 1)
INFO: Bone [DEF-forearm.R] FINAL TRANSFORM:
INFO: mat4x4((0.981720, -0.105809, -0.158210, 0.000000), (0.136745, 0.970287, 0.199607, 0.000000), (0.132389, -0.217593, 0.967019, 0.000000), (-0.076573, -0.031253, -0.057731, 1.000000))
INFO: Bone: DEF-forearm.R Scale: vec3(1.000000, 1.000000, 1.000000) Translation: vec3(-0.076573, -0.031253, -0.057731) Skew: vec3(0.000000, 0.000000, 0.000000)
INFO: Decomposed transform for DEF-forearm.R: Translation(-0.0765725, -0.0312531, -0.0577315), Scale(1, 1, 1)
INFO: Bone [DEF-forearm.R.001] FINAL TRANSFORM:
INFO: mat4x4((0.981280, -0.105079, -0.161398, 0.000000), (0.136479, 0.970696, 0.197796, 0.000000), (0.135884, -0.216121, 0.966865, 0.000000), (-0.076450, -0.031267, -0.057509, 1.000000))
INFO: Bone: DEF-forearm.R.001 Scale: vec3(1.000000, 1.000000, 1.000000) Translation: vec3(-0.076450, -0.031267, -0.057509) Skew: vec3(0.000000, 0.000000, 0.000000)
INFO: Decomposed transform for DEF-forearm.R.001: Translation(-0.0764497, -0.0312665, -0.0575085), Scale(1, 1, 1)
INFO: Bone [DEF-hand.R] FINAL TRANSFORM:
INFO: mat4x4((0.961397, 0.065918, -0.267154, 0.000000), (0.065321, 0.888457, 0.454288, 0.000000), (0.267301, -0.454202, 0.849854, 0.000000), (-0.035532, 0.060126, -0.245339, 1.000000))
INFO: Bone: DEF-hand.R Scale: vec3(1.000000, 1.000000, 1.000000) Translation: vec3(-0.035532, 0.060126, -0.245339) Skew: vec3(0.000000, 0.000000, 0.000000)
INFO: Decomposed transform for DEF-hand.R: Translation(-0.035532, 0.0601264, -0.245339), Scale(1, 1, 1)
INFO: Bone [DEF-breast.L] FINAL TRANSFORM:
INFO: mat4x4((1.000000, 0.000000, 0.000000, 0.000000), (0.000000, 1.000000, 0.000000, 0.000000), (0.000000, 0.000000, 1.000000, 0.000000), (0.000000, 0.000000, 0.000000, 1.000000))
INFO: Bone: DEF-breast.L Scale: vec3(1.000000, 1.000000, 1.000000) Translation: vec3(0.000000, 0.000000, 0.000000) Skew: vec3(0.000000, 0.000000, 0.000000)
INFO: Decomposed transform for DEF-breast.L: Translation(0, 0, 0), Scale(1, 1, 1)
INFO: Bone [DEF-breast.R] FINAL TRANSFORM:
INFO: mat4x4((1.000000, 0.000000, 0.000000, 0.000000), (0.000000, 1.000000, 0.000000, 0.000000), (0.000000, 0.000000, 1.000000, 0.000000), (0.000000, 0.000000, 0.000000, 1.000000))
INFO: Bone: DEF-breast.R Scale: vec3(1.000000, 1.000000, 1.000000) Translation: vec3(0.000000, 0.000000, 0.000000) Skew: vec3(0.000000, 0.000000, 0.000000)
INFO: Decomposed transform for DEF-breast.R: Translation(0, 0, 0), Scale(1, 1, 1)
INFO: DEBUG: Max Vertex Attributes: 32
INFO: Drawing mesh with VAO: 1
INFO: DEBUG: Depth testing and blending enabled.
INFO: Debug: Animation time updated to: 7.310975
INFO: INFO: Interpolating keyframes at animation time: 7.310975
INFO: INFO: Keyframe count: 31
INFO: Interpolating Keyframes
INFO: Bone Transform Interpolation at factor: 0.310975
INFO: INFO: Interpolated bone: DEF-forearm.L with factor: 0.310975
WARNING: ANIM FINAL MATRIX: DEF-forearm.L @ time 7.310975
WARNING: mat4x4((0.999942, 0.000053, -0.010725, 0.000000), (0.003502, 0.943549, 0.331216, 0.000000), (0.010137, -0.331234, 0.943494, 0.000000), (0.000000, 0.131829, 0.000000, 1.000000))
INFO: Interpolating Keyframes
INFO: Bone Transform Interpolation at factor: 0.310975
INFO: INFO: Interpolated bone: DEF-forearm.L.001 with factor: 0.310975
INFO: Interpolating Keyframes
INFO: Bone Transform Interpolation at factor: 0.310975
INFO: INFO: Interpolated bone: DEF-forearm.R with factor: 0.310975
INFO: Interpolating Keyframes
INFO: Bone Transform Interpolation at factor: 0.310975
INFO: INFO: Interpolated bone: DEF-forearm.R.001 with factor: 0.310975
INFO: Interpolating Keyframes
INFO: Bone Transform Interpolation at factor: 0.310975
INFO: INFO: Interpolated bone: DEF-hand.L with factor: 0.310975
INFO: Interpolating Keyframes
INFO: Bone Transform Interpolation at factor: 0.310975
INFO: INFO: Interpolated bone: DEF-hand.R with factor: 0.310975
INFO: Interpolating Keyframes
INFO: Bone Transform Interpolation at factor: 0.310975
INFO: INFO: Interpolated bone: DEF-upper_arm.L with factor: 0.310975
WARNING: ANIM FINAL MATRIX: DEF-upper_arm.L @ time 7.310975
WARNING: mat4x4((0.131263, -0.315147, 0.939922, 0.000000), (0.648913, 0.744093, 0.158865, 0.000000), (-0.749455, 0.589074, 0.302175, 0.000000), (0.007058, 0.181885, -0.018465, 1.000000))
INFO: Interpolating Keyframes
INFO: Bone Transform Interpolation at factor: 0.310975
INFO: INFO: Interpolated bone: DEF-upper_arm.L.001 with factor: 0.310975
INFO: Interpolating Keyframes
INFO: Bone Transform Interpolation at factor: 0.310975
INFO: INFO: Interpolated bone: DEF-upper_arm.R with factor: 0.310975
INFO: Interpolating Keyframes
INFO: Bone Transform Interpolation at factor: 0.310975
INFO: INFO: Interpolated bone: DEF-upper_arm.R.001 with factor: 0.310975
WARNING: DEBUG: Final (GlobalInverse * Global * Offset) Transform for bone [DEF-forearm.L]:
mat4x4((0.981578, 0.105875, 0.159047, 0.000000), (-0.137127, 0.970039, 0.200551, 0.000000), (-0.133049, -0.218666, 0.966687, 0.000000), (0.076755, -0.031273, -0.057953, 1.000000))
WARNING: === DEBUG: FINAL TRANSFORM APPLY FOR DEF-forearm.L ===
WARNING: Global Transform:
mat4x4((0.147253, -0.327597, 0.933272, 0.000000), (0.365011, 0.894956, 0.256555, 0.000000), (-0.919284, 0.302876, 0.251361, 0.000000), (0.178149, 0.378071, 0.023421, 1.000000))
WARNING: Offset Matrix (Inverse Bind Pose):
mat4x4((0.258290, 0.493845, -0.830303, -0.000000), (-0.150806, 0.869542, 0.470271, 0.000000), (0.954224, 0.003748, 0.299068, -0.000000), (0.043226, -0.424232, -0.051225, 1.000000))
WARNING: Global Inverse Transform:
mat4x4((1.000000, -0.000000, 0.000000, -0.000000), (-0.000000, 1.000000, -0.000000, 0.000000), (0.000000, -0.000000, 1.000000, -0.000000), (-0.000000, 0.000000, -0.000000, 1.000000))
WARNING: Resulting Final Transform:
mat4x4((0.981578, 0.105875, 0.159047, 0.000000), (-0.137127, 0.970039, 0.200551, 0.000000), (-0.133049, -0.218666, 0.966687, 0.000000), (0.076755, -0.031273, -0.057953, 1.000000))
INFO: Decomposed transform for DEF-forearm.L: Translation(0.0767549, -0.0312734, -0.0579526), Scale(1, 1, 1)
INFO: DEBUG: After Storing Bone DEF-forearm.L
INFO: Applied globalInverse * global * offset for bone: DEF-forearm.L
WARNING: DEBUG: Final (GlobalInverse * Global * Offset) Transform for bone [DEF-forearm.L.001]:
mat4x4((0.981129, 0.105132, 0.162277, 0.000000), (-0.136856, 0.970453, 0.198723, 0.000000), (-0.136590, -0.217182, 0.966528, 0.000000), (0.076631, -0.031287, -0.057730, 1.000000))
INFO: DEBUG: After Storing Bone DEF-forearm.L.001
INFO: Applied globalInverse * global * offset for bone: DEF-forearm.L.001
WARNING: DEBUG: Final (GlobalInverse * Global * Offset) Transform for bone [DEF-forearm.R]:
mat4x4((0.981578, -0.105875, -0.159047, 0.000000), (0.137126, 0.970039, 0.200552, 0.000000), (0.133049, -0.218667, 0.966686, 0.000000), (-0.076754, -0.031273, -0.057954, 1.000000))
INFO: DEBUG: After Storing Bone DEF-forearm.R
INFO: Applied globalInverse * global * offset for bone: DEF-forearm.R
WARNING: DEBUG: Final (GlobalInverse * Global * Offset) Transform for bone [DEF-forearm.R.001]:
mat4x4((0.981129, -0.105132, -0.162274, 0.000000), (0.136855, 0.970454, 0.198720, 0.000000), (0.136588, -0.217178, 0.966529, 0.000000), (-0.076630, -0.031287, -0.057728, 1.000000))
INFO: DEBUG: After Storing Bone DEF-forearm.R.001
INFO: Applied globalInverse * global * offset for bone: DEF-forearm.R.001
WARNING: DEBUG: Final (GlobalInverse * Global * Offset) Transform for bone [DEF-hand.L]:
mat4x4((0.960976, -0.066638, 0.268487, 0.000000), (-0.066033, 0.887241, 0.456557, 0.000000), (-0.268637, -0.456469, 0.848216, 0.000000), (0.035975, 0.060882, -0.246533, 1.000000))
INFO: DEBUG: After Storing Bone DEF-hand.L
INFO: Applied globalInverse * global * offset for bone: DEF-hand.L
WARNING: DEBUG: Final (GlobalInverse * Global * Offset) Transform for bone [DEF-hand.R]:
mat4x4((0.960975, 0.066638, -0.268488, 0.000000), (0.066033, 0.887241, 0.456556, 0.000000), (0.268637, -0.456468, 0.848216, 0.000000), (-0.035975, 0.060883, -0.246533, 1.000000))
INFO: DEBUG: After Storing Bone DEF-hand.R
INFO: Applied globalInverse * global * offset for bone: DEF-hand.R
WARNING: DEBUG: Final (GlobalInverse * Global * Offset) Transform for bone [DEF-upper_arm.L]:
mat4x4((0.987738, -0.123558, 0.095431, 0.000000), (0.108005, 0.982183, 0.153789, 0.000000), (-0.112732, -0.141597, 0.983485, 0.000000), (-0.021639, 0.001498, -0.028950, 1.000000))
WARNING: === DEBUG: FINAL TRANSFORM APPLY FOR DEF-upper_arm.L ===
WARNING: Global Transform:
mat4x4((0.131263, -0.315147, 0.939922, 0.000000), (0.648913, 0.744093, 0.158865, 0.000000), (-0.749455, 0.589074, 0.302175, 0.000000), (0.007058, 0.181885, -0.018465, 1.000000))
WARNING: Offset Matrix (Inverse Bind Pose):
mat4x4((0.258290, 0.564177, -0.784213, -0.000000), (-0.150805, 0.825353, 0.544105, 0.000000), (0.954224, -0.022273, 0.298261, -0.000000), (0.043226, -0.154513, -0.087922, 1.000000))
WARNING: Global Inverse Transform:
mat4x4((1.000000, -0.000000, 0.000000, -0.000000), (-0.000000, 1.000000, -0.000000, 0.000000), (0.000000, -0.000000, 1.000000, -0.000000), (-0.000000, 0.000000, -0.000000, 1.000000))
WARNING: Resulting Final Transform:
mat4x4((0.987738, -0.123558, 0.095431, 0.000000), (0.108005, 0.982183, 0.153789, 0.000000), (-0.112732, -0.141597, 0.983485, 0.000000), (-0.021639, 0.001498, -0.028950, 1.000000))
INFO: Decomposed transform for DEF-upper_arm.L: Translation(-0.0216395, 0.00149816, -0.0289505), Scale(1, 1, 1)
INFO: DEBUG: After Storing Bone DEF-upper_arm.L
INFO: Applied globalInverse * global * offset for bone: DEF-upper_arm.L
WARNING: DEBUG: Final (GlobalInverse * Global * Offset) Transform for bone [DEF-upper_arm.L.001]:
mat4x4((0.988665, -0.122519, 0.086786, 0.000000), (0.107587, 0.981287, 0.159692, 0.000000), (-0.104727, -0.148545, 0.983345, 0.000000), (-0.021422, 0.001525, -0.029965, 1.000000))
INFO: DEBUG: After Storing Bone DEF-upper_arm.L.001
INFO: Applied globalInverse * global * offset for bone: DEF-upper_arm.L.001
WARNING: DEBUG: Final (GlobalInverse * Global * Offset) Transform for bone [DEF-upper_arm.R]:
mat4x4((0.987738, 0.123555, -0.095429, 0.000000), (-0.108003, 0.982184, 0.153787, 0.000000), (0.112730, -0.141594, 0.983485, 0.000000), (0.021639, 0.001498, -0.028950, 1.000000))
INFO: DEBUG: After Storing Bone DEF-upper_arm.R
INFO: Applied globalInverse * global * offset for bone: DEF-upper_arm.R
WARNING: DEBUG: Final (GlobalInverse * Global * Offset) Transform for bone [DEF-upper_arm.R.001]:
mat4x4((0.988665, 0.122517, -0.086786, 0.000000), (-0.107585, 0.981287, 0.159691, 0.000000), (0.104727, -0.148544, 0.983345, 0.000000), (0.021422, 0.001526, -0.029966, 1.000000))
INFO: DEBUG: After Storing Bone DEF-upper_arm.R.001
INFO: Applied globalInverse * global * offset for bone: DEF-upper_arm.R.001
INFO: DEBUG: Max Vertex Attributes: 32
INFO: Model matrix explicitly logged: mat4x4((1.000000, 0.000000, 0.000000, 0.000000), (0.000000, 1.000000, 0.000000, 0.000000), (0.000000, 0.000000, 1.000000, 0.000000), (0.000000, 0.000000, 0.000000, 1.000000))
INFO: View matrix explicitly logged: mat4x4((1.000000, 0.000000, 0.000000, 0.000000), (0.000000, 1.000000, -0.000000, 0.000000), (-0.000000, 0.000000, 1.000000, 0.000000), (0.000000, -0.940108, -7.401939, 1.000000))
INFO: Projection matrix explicitly logged: mat4x4((1.810660, 0.000000, 0.000000, 0.000000), (0.000000, 2.414213, 0.000000, 0.000000), (0.000000, 0.000000, -1.002002, -1.000000), (0.000000, 0.000000, -0.200200, 0.000000))
INFO: Bone [DEF-spine] FINAL TRANSFORM:
INFO: mat4x4((1.000000, 0.000000, 0.000000, 0.000000), (0.000000, 1.000000, 0.000000, 0.000000), (0.000000, 0.000000, 1.000000, 0.000000), (0.000000, 0.000000, 0.000000, 1.000000))
INFO: Bone: DEF-spine Scale: vec3(1.000000, 1.000000, 1.000000) Translation: vec3(0.000000, 0.000000, 0.000000) Skew: vec3(0.000000, 0.000000, 0.000000)
INFO: Decomposed transform for DEF-spine: Translation(0, 0, 0), Scale(1, 1, 1)
INFO: Bone [DEF-spine.001] FINAL TRANSFORM:
INFO: mat4x4((1.000000, 0.000000, 0.000000, 0.000000), (0.000000, 1.000000, 0.000000, 0.000000), (0.000000, 0.000000, 1.000000, 0.000000), (0.000000, 0.000000, 0.000000, 1.000000))
INFO: Bone: DEF-spine.001 Scale: vec3(1.000000, 1.000000, 1.000000) Translation: vec3(0.000000, 0.000000, 0.000000) Skew: vec3(0.000000, 0.000000, 0.000000)
INFO: Decomposed transform for DEF-spine.001: Translation(0, 0, 0), Scale(1, 1, 1)
INFO: Bone [DEF-spine.002] FINAL TRANSFORM:
INFO: mat4x4((1.000000, 0.000000, 0.000000, 0.000000), (0.000000, 1.000000, 0.000000, 0.000000), (0.000000, 0.000000, 1.000000, 0.000000), (0.000000, 0.000000, 0.000000, 1.000000))
INFO: Bone: DEF-spine.002 Scale: vec3(1.000000, 1.000000, 1.000000) Translation: vec3(0.000000, 0.000000, 0.000000) Skew: vec3(0.000000, 0.000000, 0.000000)
INFO: Decomposed transform for DEF-spine.002: Translation(0, 0, 0), Scale(1, 1, 1)
INFO: Bone [DEF-spine.003] FINAL TRANSFORM:
INFO: mat4x4((1.000000, 0.000000, 0.000000, 0.000000), (0.000000, 1.000000, 0.000000, 0.000000), (0.000000, 0.000000, 1.000000, 0.000000), (0.000000, 0.000000, 0.000000, 1.000000))
INFO: Bone: DEF-spine.003 Scale: vec3(1.000000, 1.000000, 1.000000) Translation: vec3(0.000000, 0.000000, 0.000000) Skew: vec3(0.000000, 0.000000, 0.000000)
INFO: Decomposed transform for DEF-spine.003: Translation(0, 0, 0), Scale(1, 1, 1)
INFO: Bone [DEF-spine.004] FINAL TRANSFORM:
INFO: mat4x4((1.000000, 0.000000, 0.000000, 0.000000), (0.000000, 1.000000, 0.000000, 0.000000), (0.000000, 0.000000, 1.000000, 0.000000), (0.000000, 0.000000, 0.000000, 1.000000))
INFO: Bone: DEF-spine.004 Scale: vec3(1.000000, 1.000000, 1.000000) Translation: vec3(0.000000, 0.000000, 0.000000) Skew: vec3(0.000000, 0.000000, 0.000000)
INFO: Decomposed transform for DEF-spine.004: Translation(0, 0, 0), Scale(1, 1, 1)
INFO: Bone [DEF-spine.005] FINAL TRANSFORM:
INFO: mat4x4((1.000000, 0.000000, 0.000000, 0.000000), (0.000000, 1.000000, 0.000000, 0.000000), (0.000000, 0.000000, 1.000000, 0.000000), (0.000000, 0.000000, 0.000000, 1.000000))
INFO: Bone: DEF-spine.005 Scale: vec3(1.000000, 1.000000, 1.000000) Translation: vec3(0.000000, 0.000000, 0.000000) Skew: vec3(0.000000, 0.000000, 0.000000)
INFO: Decomposed transform for DEF-spine.005: Translation(0, 0, 0), Scale(1, 1, 1)
INFO: Bone [DEF-spine.006] FINAL TRANSFORM:
INFO: mat4x4((1.000000, 0.000000, 0.000000, 0.000000), (0.000000, 1.000000, 0.000000, 0.000000), (0.000000, 0.000000, 1.000000, 0.000000), (0.000000, 0.000000, 0.000000, 1.000000))
INFO: Bone: DEF-spine.006 Scale: vec3(1.000000, 1.000000, 1.000000) Translation: vec3(0.000000, 0.000000, 0.000000) Skew: vec3(0.000000, 0.000000, 0.000000)
INFO: Decomposed transform for DEF-spine.006: Translation(0, 0, 0), Scale(1, 1, 1)
INFO: Bone [DEF-pelvis.L] FINAL TRANSFORM:
INFO: mat4x4((1.000000, 0.000000, 0.000000, 0.000000), (0.000000, 1.000000, 0.000000, 0.000000), (0.000000, 0.000000, 1.000000, 0.000000), (0.000000, 0.000000, 0.000000, 1.000000))
INFO: Bone: DEF-pelvis.L Scale: vec3(1.000000, 1.000000, 1.000000) Translation: vec3(0.000000, 0.000000, 0.000000) Skew: vec3(0.000000, 0.000000, 0.000000)
INFO: Decomposed transform for DEF-pelvis.L: Translation(0, 0, 0), Scale(1, 1, 1)
INFO: Bone [DEF-pelvis.R] FINAL TRANSFORM:
INFO: mat4x4((1.000000, 0.000000, 0.000000, 0.000000), (0.000000, 1.000000, 0.000000, 0.000000), (0.000000, 0.000000, 1.000000, 0.000000), (0.000000, 0.000000, 0.000000, 1.000000))
INFO: Bone: DEF-pelvis.R Scale: vec3(1.000000, 1.000000, 1.000000) Translation: vec3(0.000000, 0.000000, 0.000000) Skew: vec3(0.000000, 0.000000, 0.000000)
INFO: Decomposed transform for DEF-pelvis.R: Translation(0, 0, 0), Scale(1, 1, 1)
INFO: Bone [DEF-thigh.L] FINAL TRANSFORM:
INFO: mat4x4((1.000000, 0.000000, 0.000000, 0.000000), (0.000000, 1.000000, 0.000000, 0.000000), (0.000000, 0.000000, 1.000000, 0.000000), (0.000000, 0.000000, 0.000000, 1.000000))
INFO: Bone: DEF-thigh.L Scale: vec3(1.000000, 1.000000, 1.000000) Translation: vec3(0.000000, 0.000000, 0.000000) Skew: vec3(0.000000, 0.000000, 0.000000)
INFO: Decomposed transform for DEF-thigh.L: Translation(0, 0, 0), Scale(1, 1, 1)
INFO: Bone [DEF-thigh.L.001] FINAL TRANSFORM:
INFO: mat4x4((1.000000, 0.000000, 0.000000, 0.000000), (0.000000, 1.000000, 0.000000, 0.000000), (0.000000, 0.000000, 1.000000, 0.000000), (0.000000, 0.000000, 0.000000, 1.000000))
INFO: Bone: DEF-thigh.L.001 Scale: vec3(1.000000, 1.000000, 1.000000) Translation: vec3(0.000000, 0.000000, 0.000000) Skew: vec3(0.000000, 0.000000, 0.000000)
INFO: Decomposed transform for DEF-thigh.L.001: Translation(0, 0, 0), Scale(1, 1, 1)
INFO: Bone [DEF-shin.L] FINAL TRANSFORM:
INFO: mat4x4((1.000000, 0.000000, 0.000000, 0.000000), (0.000000, 1.000000, 0.000000, 0.000000), (0.000000, 0.000000, 1.000000, 0.000000), (0.000000, 0.000000, 0.000000, 1.000000))
INFO: Bone: DEF-shin.L Scale: vec3(1.000000, 1.000000, 1.000000) Translation: vec3(0.000000, 0.000000, 0.000000) Skew: vec3(0.000000, 0.000000, 0.000000)
INFO: Decomposed transform for DEF-shin.L: Translation(0, 0, 0), Scale(1, 1, 1)
INFO: Bone [DEF-shin.L.001] FINAL TRANSFORM:
INFO: mat4x4((1.000000, 0.000000, 0.000000, 0.000000), (0.000000, 1.000000, 0.000000, 0.000000), (0.000000, 0.000000, 1.000000, 0.000000), (0.000000, 0.000000, 0.000000, 1.000000))
INFO: Bone: DEF-shin.L.001 Scale: vec3(1.000000, 1.000000, 1.000000) Translation: vec3(0.000000, 0.000000, 0.000000) Skew: vec3(0.000000, 0.000000, 0.000000)
INFO: Decomposed transform for DEF-shin.L.001: Translation(0, 0, 0), Scale(1, 1, 1)
INFO: Bone [DEF-foot.L] FINAL TRANSFORM:
INFO: mat4x4((1.000000, 0.000000, 0.000000, 0.000000), (0.000000, 1.000000, 0.000000, 0.000000), (0.000000, 0.000000, 1.000000, 0.000000), (0.000000, 0.000000, 0.000000, 1.000000))
INFO: Bone: DEF-foot.L Scale: vec3(1.000000, 1.000000, 1.000000) Translation: vec3(0.000000, 0.000000, 0.000000) Skew: vec3(0.000000, 0.000000, 0.000000)
INFO: Decomposed transform for DEF-foot.L: Translation(0, 0, 0), Scale(1, 1, 1)
INFO: Bone [DEF-toe.L] FINAL TRANSFORM:
INFO: mat4x4((1.000000, 0.000000, 0.000000, 0.000000), (0.000000, 1.000000, 0.000000, 0.000000), (0.000000, 0.000000, 1.000000, 0.000000), (0.000000, 0.000000, 0.000000, 1.000000))
INFO: Bone: DEF-toe.L Scale: vec3(1.000000, 1.000000, 1.000000) Translation: vec3(0.000000, 0.000000, 0.000000) Skew: vec3(0.000000, 0.000000, 0.000000)
INFO: Decomposed transform for DEF-toe.L: Translation(0, 0, 0), Scale(1, 1, 1)
INFO: Bone [DEF-thigh.R] FINAL TRANSFORM:
INFO: mat4x4((1.000000, 0.000000, 0.000000, 0.000000), (0.000000, 1.000000, 0.000000, 0.000000), (0.000000, 0.000000, 1.000000, 0.000000), (0.000000, 0.000000, 0.000000, 1.000000))
INFO: Bone: DEF-thigh.R Scale: vec3(1.000000, 1.000000, 1.000000) Translation: vec3(0.000000, 0.000000, 0.000000) Skew: vec3(0.000000, 0.000000, 0.000000)
INFO: Decomposed transform for DEF-thigh.R: Translation(0, 0, 0), Scale(1, 1, 1)
INFO: Bone [DEF-thigh.R.001] FINAL TRANSFORM:
INFO: mat4x4((1.000000, 0.000000, 0.000000, 0.000000), (0.000000, 1.000000, 0.000000, 0.000000), (0.000000, 0.000000, 1.000000, 0.000000), (0.000000, 0.000000, 0.000000, 1.000000))
INFO: Bone: DEF-thigh.R.001 Scale: vec3(1.000000, 1.000000, 1.000000) Translation: vec3(0.000000, 0.000000, 0.000000) Skew: vec3(0.000000, 0.000000, 0.000000)
INFO: Decomposed transform for DEF-thigh.R.001: Translation(0, 0, 0), Scale(1, 1, 1)
INFO: Bone [DEF-shin.R] FINAL TRANSFORM:
INFO: mat4x4((1.000000, 0.000000, 0.000000, 0.000000), (0.000000, 1.000000, 0.000000, 0.000000), (0.000000, 0.000000, 1.000000, 0.000000), (0.000000, 0.000000, 0.000000, 1.000000))
INFO: Bone: DEF-shin.R Scale: vec3(1.000000, 1.000000, 1.000000) Translation: vec3(0.000000, 0.000000, 0.000000) Skew: vec3(0.000000, 0.000000, 0.000000)
INFO: Decomposed transform for DEF-shin.R: Translation(0, 0, 0), Scale(1, 1, 1)
INFO: Bone [DEF-shin.R.001] FINAL TRANSFORM:
INFO: mat4x4((1.000000, 0.000000, 0.000000, 0.000000), (0.000000, 1.000000, 0.000000, 0.000000), (0.000000, 0.000000, 1.000000, 0.000000), (0.000000, 0.000000, 0.000000, 1.000000))
INFO: Bone: DEF-shin.R.001 Scale: vec3(1.000000, 1.000000, 1.000000) Translation: vec3(0.000000, 0.000000, 0.000000) Skew: vec3(0.000000, 0.000000, 0.000000)
INFO: Decomposed transform for DEF-shin.R.001: Translation(0, 0, 0), Scale(1, 1, 1)
INFO: Bone [DEF-foot.R] FINAL TRANSFORM:
INFO: mat4x4((1.000000, 0.000000, 0.000000, 0.000000), (0.000000, 1.000000, 0.000000, 0.000000), (0.000000, 0.000000, 1.000000, 0.000000), (0.000000, 0.000000, 0.000000, 1.000000))
INFO: Bone: DEF-foot.R Scale: vec3(1.000000, 1.000000, 1.000000) Translation: vec3(0.000000, 0.000000, 0.000000) Skew: vec3(0.000000, 0.000000, 0.000000)
INFO: Decomposed transform for DEF-foot.R: Translation(0, 0, 0), Scale(1, 1, 1)
INFO: Bone [DEF-toe.R] FINAL TRANSFORM:
INFO: mat4x4((1.000000, 0.000000, 0.000000, 0.000000), (0.000000, 1.000000, 0.000000, 0.000000), (0.000000, 0.000000, 1.000000, 0.000000), (0.000000, 0.000000, 0.000000, 1.000000))
INFO: Bone: DEF-toe.R Scale: vec3(1.000000, 1.000000, 1.000000) Translation: vec3(0.000000, 0.000000, 0.000000) Skew: vec3(0.000000, 0.000000, 0.000000)
INFO: Decomposed transform for DEF-toe.R: Translation(0, 0, 0), Scale(1, 1, 1)
INFO: Bone [DEF-shoulder.L] FINAL TRANSFORM:
INFO: mat4x4((1.000000, 0.000000, 0.000000, 0.000000), (0.000000, 1.000000, 0.000000, 0.000000), (0.000000, 0.000000, 1.000000, 0.000000), (0.000000, 0.000000, 0.000000, 1.000000))
INFO: Bone: DEF-shoulder.L Scale: vec3(1.000000, 1.000000, 1.000000) Translation: vec3(0.000000, 0.000000, 0.000000) Skew: vec3(0.000000, 0.000000, 0.000000)
INFO: Decomposed transform for DEF-shoulder.L: Translation(0, 0, 0), Scale(1, 1, 1)
INFO: Bone [DEF-upper_arm.L] FINAL TRANSFORM:
INFO: mat4x4((0.987738, -0.123558, 0.095431, 0.000000), (0.108005, 0.982183, 0.153789, 0.000000), (-0.112732, -0.141597, 0.983485, 0.000000), (-0.021639, 0.001498, -0.028950, 1.000000))
INFO: Bone: DEF-upper_arm.L Scale: vec3(1.000000, 1.000000, 1.000000) Translation: vec3(-0.021639, 0.001498, -0.028950) Skew: vec3(-0.000000, -0.000000, -0.000000)
INFO: Decomposed transform for DEF-upper_arm.L: Translation(-0.0216395, 0.00149816, -0.0289505), Scale(1, 1, 1)
INFO: Bone [DEF-upper_arm.L.001] FINAL TRANSFORM:
INFO: mat4x4((0.988665, -0.122519, 0.086786, 0.000000), (0.107587, 0.981287, 0.159692, 0.000000), (-0.104727, -0.148545, 0.983345, 0.000000), (-0.021422, 0.001525, -0.029965, 1.000000))
INFO: Bone: DEF-upper_arm.L.001 Scale: vec3(1.000000, 1.000000, 1.000000) Translation: vec3(-0.021422, 0.001525, -0.029965) Skew: vec3(-0.000000, 0.000000, -0.000000)
INFO: Decomposed transform for DEF-upper_arm.L.001: Translation(-0.021422, 0.00152543, -0.0299653), Scale(1, 1, 1)
INFO: Bone [DEF-forearm.L] FINAL TRANSFORM:
INFO: mat4x4((0.981578, 0.105875, 0.159047, 0.000000), (-0.137127, 0.970039, 0.200551, 0.000000), (-0.133049, -0.218666, 0.966687, 0.000000), (0.076755, -0.031273, -0.057953, 1.000000))
INFO: Bone: DEF-forearm.L Scale: vec3(1.000000, 1.000000, 1.000000) Translation: vec3(0.076755, -0.031273, -0.057953) Skew: vec3(-0.000000, -0.000000, -0.000000)
INFO: Decomposed transform for DEF-forearm.L: Translation(0.0767549, -0.0312734, -0.0579526), Scale(1, 1, 1)
INFO: Bone [DEF-forearm.L.001] FINAL TRANSFORM:
INFO: mat4x4((0.981129, 0.105132, 0.162277, 0.000000), (-0.136856, 0.970453, 0.198723, 0.000000), (-0.136590, -0.217182, 0.966528, 0.000000), (0.076631, -0.031287, -0.057730, 1.000000))
INFO: Bone: DEF-forearm.L.001 Scale: vec3(1.000000, 1.000000, 1.000000) Translation: vec3(0.076631, -0.031287, -0.057730) Skew: vec3(-0.000000, -0.000000, -0.000000)
INFO: Decomposed transform for DEF-forearm.L.001: Translation(0.0766306, -0.0312867, -0.0577302), Scale(1, 1, 1)
INFO: Bone [DEF-hand.L] FINAL TRANSFORM:
INFO: mat4x4((0.960976, -0.066638, 0.268487, 0.000000), (-0.066033, 0.887241, 0.456557, 0.000000), (-0.268637, -0.456469, 0.848216, 0.000000), (0.035975, 0.060882, -0.246533, 1.000000))
INFO: Bone: DEF-hand.L Scale: vec3(1.000000, 1.000000, 1.000000) Translation: vec3(0.035975, 0.060882, -0.246533) Skew: vec3(0.000000, 0.000000, -0.000000)
INFO: Decomposed transform for DEF-hand.L: Translation(0.0359752, 0.0608824, -0.246533), Scale(1, 1, 1)
INFO: Bone [DEF-shoulder.R] FINAL TRANSFORM:
INFO: mat4x4((1.000000, 0.000000, 0.000000, 0.000000), (0.000000, 1.000000, 0.000000, 0.000000), (0.000000, 0.000000, 1.000000, 0.000000), (0.000000, 0.000000, 0.000000, 1.000000))
INFO: Bone: DEF-shoulder.R Scale: vec3(1.000000, 1.000000, 1.000000) Translation: vec3(0.000000, 0.000000, 0.000000) Skew: vec3(0.000000, 0.000000, 0.000000)
INFO: Decomposed transform for DEF-shoulder.R: Translation(0, 0, 0), Scale(1, 1, 1)
INFO: Bone [DEF-upper_arm.R] FINAL TRANSFORM:
INFO: mat4x4((0.987738, 0.123555, -0.095429, 0.000000), (-0.108003, 0.982184, 0.153787, 0.000000), (0.112730, -0.141594, 0.983485, 0.000000), (0.021639, 0.001498, -0.028950, 1.000000))
INFO: Bone: DEF-upper_arm.R Scale: vec3(1.000000, 1.000000, 1.000000) Translation: vec3(0.021639, 0.001498, -0.028950) Skew: vec3(-0.000000, -0.000000, -0.000000)
INFO: Decomposed transform for DEF-upper_arm.R: Translation(0.021639, 0.0014981, -0.0289499), Scale(1, 1, 1)
INFO: Bone [DEF-upper_arm.R.001] FINAL TRANSFORM:
INFO: mat4x4((0.988665, 0.122517, -0.086786, 0.000000), (-0.107585, 0.981287, 0.159691, 0.000000), (0.104727, -0.148544, 0.983345, 0.000000), (0.021422, 0.001526, -0.029966, 1.000000))
INFO: Bone: DEF-upper_arm.R.001 Scale: vec3(1.000000, 1.000000, 1.000000) Translation: vec3(0.021422, 0.001526, -0.029966) Skew: vec3(0.000000, -0.000000, -0.000000)
INFO: Decomposed transform for DEF-upper_arm.R.001: Translation(0.0214218, 0.00152555, -0.0299656), Scale(1, 1, 1)
INFO: Bone [DEF-forearm.R] FINAL TRANSFORM:
INFO: mat4x4((0.981578, -0.105875, -0.159047, 0.000000), (0.137126, 0.970039, 0.200552, 0.000000), (0.133049, -0.218667, 0.966686, 0.000000), (-0.076754, -0.031273, -0.057954, 1.000000))
INFO: Bone: DEF-forearm.R Scale: vec3(1.000000, 1.000000, 1.000000) Translation: vec3(-0.076754, -0.031273, -0.057954) Skew: vec3(-0.000000, 0.000000, 0.000000)
INFO: Decomposed transform for DEF-forearm.R: Translation(-0.0767542, -0.0312728, -0.0579536), Scale(1, 1, 1)
INFO: Bone [DEF-forearm.R.001] FINAL TRANSFORM:
INFO: mat4x4((0.981129, -0.105132, -0.162274, 0.000000), (0.136855, 0.970454, 0.198720, 0.000000), (0.136588, -0.217178, 0.966529, 0.000000), (-0.076630, -0.031287, -0.057728, 1.000000))
INFO: Bone: DEF-forearm.R.001 Scale: vec3(1.000000, 1.000000, 1.000000) Translation: vec3(-0.076630, -0.031287, -0.057728) Skew: vec3(0.000000, 0.000000, 0.000000)
INFO: Decomposed transform for DEF-forearm.R.001: Translation(-0.0766297, -0.0312868, -0.057728), Scale(1, 1, 1)
INFO: Bone [DEF-hand.R] FINAL TRANSFORM:
INFO: mat4x4((0.960975, 0.066638, -0.268488, 0.000000), (0.066033, 0.887241, 0.456556, 0.000000), (0.268637, -0.456468, 0.848216, 0.000000), (-0.035975, 0.060883, -0.246533, 1.000000))
INFO: Bone: DEF-hand.R Scale: vec3(1.000000, 1.000000, 1.000000) Translation: vec3(-0.035975, 0.060883, -0.246533) Skew: vec3(0.000000, -0.000000, -0.000000)
INFO: Decomposed transform for DEF-hand.R: Translation(-0.035975, 0.0608831, -0.246533), Scale(1, 1, 1)
INFO: Bone [DEF-breast.L] FINAL TRANSFORM:
INFO: mat4x4((1.000000, 0.000000, 0.000000, 0.000000), (0.000000, 1.000000, 0.000000, 0.000000), (0.000000, 0.000000, 1.000000, 0.000000), (0.000000, 0.000000, 0.000000, 1.000000))
INFO: Bone: DEF-breast.L Scale: vec3(1.000000, 1.000000, 1.000000) Translation: vec3(0.000000, 0.000000, 0.000000) Skew: vec3(0.000000, 0.000000, 0.000000)
INFO: Decomposed transform for DEF-breast.L: Translation(0, 0, 0), Scale(1, 1, 1)
INFO: Bone [DEF-breast.R] FINAL TRANSFORM:
INFO: mat4x4((1.000000, 0.000000, 0.000000, 0.000000), (0.000000, 1.000000, 0.000000, 0.000000), (0.000000, 0.000000, 1.000000, 0.000000), (0.000000, 0.000000, 0.000000, 1.000000))
INFO: Bone: DEF-breast.R Scale: vec3(1.000000, 1.000000, 1.000000) Translation: vec3(0.000000, 0.000000, 0.000000) Skew: vec3(0.000000, 0.000000, 0.000000)
INFO: Decomposed transform for DEF-breast.R: Translation(0, 0, 0), Scale(1, 1, 1)
INFO: DEBUG: Max Vertex Attributes: 32
INFO: Drawing mesh with VAO: 1
INFO: DEBUG: Depth testing and blending enabled.
INFO: Debug: Animation time updated to: 7.335201
INFO: INFO: Interpolating keyframes at animation time: 7.335201
INFO: INFO: Keyframe count: 31
INFO: Interpolating Keyframes
INFO: Bone Transform Interpolation at factor: 0.335201
INFO: INFO: Interpolated bone: DEF-forearm.L with factor: 0.335201
WARNING: ANIM FINAL MATRIX: DEF-forearm.L @ time 7.335201
WARNING: mat4x4((0.999942, 0.000053, -0.010794, 0.000000), (0.003530, 0.943390, 0.331668, 0.000000), (0.010201, -0.331687, 0.943334, 0.000000), (0.000000, 0.131829, 0.000000, 1.000000))
INFO: Interpolating Keyframes
INFO: Bone Transform Interpolation at factor: 0.335201
INFO: INFO: Interpolated bone: DEF-forearm.L.001 with factor: 0.335201
INFO: Interpolating Keyframes
INFO: Bone Transform Interpolation at factor: 0.335201
INFO: INFO: Interpolated bone: DEF-forearm.R with factor: 0.335201
INFO: Interpolating Keyframes
INFO: Bone Transform Interpolation at factor: 0.335201
INFO: INFO: Interpolated bone: DEF-forearm.R.001 with factor: 0.335201
INFO: Interpolating Keyframes
INFO: Bone Transform Interpolation at factor: 0.335201
INFO: INFO: Interpolated bone: DEF-hand.L with factor: 0.335201
INFO: Interpolating Keyframes
INFO: Bone Transform Interpolation at factor: 0.335201
INFO: INFO: Interpolated bone: DEF-hand.R with factor: 0.335201
INFO: Interpolating Keyframes
INFO: Bone Transform Interpolation at factor: 0.335201
INFO: INFO: Interpolated bone: DEF-upper_arm.L with factor: 0.335201
WARNING: ANIM FINAL MATRIX: DEF-upper_arm.L @ time 7.335201
WARNING: mat4x4((0.130592, -0.315974, 0.939737, 0.000000), (0.648994, 0.743799, 0.159904, 0.000000), (-0.749502, 0.589002, 0.302199, 0.000000), (0.007058, 0.181885, -0.018465, 1.000000))
INFO: Interpolating Keyframes
