INFO: ImGui initialized successfully.
INFO: DEBUG: Initializing shaders...
INFO: DEBUG: Bone shader compiled successfully.
INFO: Shaders initialized successfully.
INFO: PhysicsManager initialized successfully.
INFO: Entering SceneTest2.
INFO: Loading model from path: Character_TPose_Anim wo NLA.fbx
INFO: Global inverse transform set from root node transformation.
INFO: Debug: VAO Bone IDs bound to location 3.
INFO: Debug: VAO Bone Weights bound to location 4.
INFO: Explicitly logging vertex attribute configuration:
INFO: Position bound to location 0
INFO: Normal bound to location 1
INFO: TexCoords bound to location 2
INFO: BoneIDs bound to location 3 (int attribute)
INFO: Bone Weights bound to location 4 (GL_FLOAT)
INFO: Vertex data size: 25344
INFO: Indices count: 25344
INFO: Vertex[0] Position: vec3(0.077874, 1.767432, -0.061131)
INFO: Vertex[0] Normal: vec3(0.980582, -0.019239, -0.195162)
INFO: Vertex[0] TexCoords: vec2(0.750000, 0.125000)
INFO: Vertex[0] BoneIDs: [5, 6, -1, -1]
INFO: Vertex[0] Weights: [0.032047, 0.967953, 0.000000, 0.000000]
INFO: ==== Explicit Bone Mapping BEGIN ====
INFO: Bone Mapping ID[2] maps to Bone Name[DEF-spine.002]
INFO: Bone Mapping ID[23] maps to Bone Name[DEF-thigh.L.001]
INFO: Bone Mapping ID[0] maps to Bone Name[DEF-spine]
INFO: Bone Mapping ID[1] maps to Bone Name[DEF-spine.001]
INFO: Bone Mapping ID[3] maps to Bone Name[DEF-spine.003]
INFO: Bone Mapping ID[4] maps to Bone Name[DEF-spine.004]
INFO: Bone Mapping ID[22] maps to Bone Name[DEF-thigh.L]
INFO: Bone Mapping ID[9] maps to Bone Name[DEF-upper_arm.L.001]
INFO: Bone Mapping ID[5] maps to Bone Name[DEF-spine.005]
INFO: Bone Mapping ID[32] maps to Bone Name[DEF-shin.R.001]
INFO: Bone Mapping ID[11] maps to Bone Name[DEF-forearm.L.001]
INFO: Bone Mapping ID[6] maps to Bone Name[DEF-spine.006]
INFO: Bone Mapping ID[7] maps to Bone Name[DEF-shoulder.L]
INFO: Bone Mapping ID[8] maps to Bone Name[DEF-upper_arm.L]
INFO: Bone Mapping ID[31] maps to Bone Name[DEF-shin.R]
INFO: Bone Mapping ID[10] maps to Bone Name[DEF-forearm.L]
INFO: Bone Mapping ID[12] maps to Bone Name[DEF-hand.L]
INFO: Bone Mapping ID[13] maps to Bone Name[DEF-shoulder.R]
INFO: Bone Mapping ID[14] maps to Bone Name[DEF-upper_arm.R]
INFO: Bone Mapping ID[15] maps to Bone Name[DEF-upper_arm.R.001]
INFO: Bone Mapping ID[24] maps to Bone Name[DEF-shin.L]
INFO: Bone Mapping ID[16] maps to Bone Name[DEF-forearm.R]
INFO: Bone Mapping ID[25] maps to Bone Name[DEF-shin.L.001]
INFO: Bone Mapping ID[17] maps to Bone Name[DEF-forearm.R.001]
INFO: Bone Mapping ID[18] maps to Bone Name[DEF-hand.R]
INFO: Bone Mapping ID[19] maps to Bone Name[DEF-breast.L]
INFO: Bone Mapping ID[20] maps to Bone Name[DEF-breast.R]
INFO: Bone Mapping ID[21] maps to Bone Name[DEF-pelvis.L]
INFO: Bone Mapping ID[26] maps to Bone Name[DEF-foot.L]
INFO: Bone Mapping ID[27] maps to Bone Name[DEF-toe.L]
INFO: Bone Mapping ID[28] maps to Bone Name[DEF-pelvis.R]
INFO: Bone Mapping ID[29] maps to Bone Name[DEF-thigh.R]
INFO: Bone Mapping ID[30] maps to Bone Name[DEF-thigh.R.001]
INFO: Bone Mapping ID[33] maps to Bone Name[DEF-foot.R]
INFO: Bone Mapping ID[34] maps to Bone Name[DEF-toe.R]
INFO: ==== EXPLICIT BONE MAPPING END ====
INFO: Processing node: RootNode with parent:
INFO: Processing node: Sphere with parent:
INFO: Processing node: rig with parent:
INFO: Processing node: root with parent:
INFO: Captured local bind transform for bone [DEF-spine]: mat4x4((1.000000, 0.000000, 0.000000, 0.000000), (0.000000, 0.971880, 0.235478, 0.000000), (0.000000, -0.235478, 0.971880, 0.000000), (0.000000, 0.971368, -0.116460, 1.000000))
INFO: Processing node: DEF-spine with parent:
INFO: Bone [DEF-spine] parent set to:
INFO: Captured local bind transform for bone [DEF-spine.001]: mat4x4((1.000000, 0.000000, 0.000000, 0.000000), (0.000000, 0.993458, -0.114195, 0.000000), (0.000000, 0.114195, 0.993458, 0.000000), (0.000000, 0.155383, 0.000000, 1.000000))
INFO: Processing node: DEF-spine.001 with parent: DEF-spine
INFO: Bone [DEF-spine.001] parent set to: DEF-spine
INFO: Captured local bind transform for bone [DEF-spine.002]: mat4x4((1.000000, 0.000000, 0.000000, 0.000000), (0.000000, 0.990294, -0.138989, 0.000000), (0.000000, 0.138989, 0.990294, 0.000000), (0.000000, 0.088519, 0.000000, 1.000000))
INFO: Processing node: DEF-spine.002 with parent: DEF-spine.001
INFO: Bone [DEF-spine.002] parent set to: DEF-spine.001
INFO: Captured local bind transform for bone [DEF-spine.003]: mat4x4((1.000000, 0.000000, 0.000000, 0.000000), (0.000000, 0.999923, -0.012389, 0.000000), (0.000000, 0.012389, 0.999923, 0.000000), (0.000000, 0.174045, 0.000000, 1.000000))
INFO: Processing node: DEF-spine.003 with parent: DEF-spine.002
INFO: Bone [DEF-spine.003] parent set to: DEF-spine.002
INFO: Captured local bind transform for bone [DEF-spine.004]: mat4x4((1.000000, 0.000000, 0.000000, 0.000000), (0.000000, 0.918603, 0.395181, 0.000000), (0.000000, -0.395181, 0.918603, 0.000000), (0.000000, 0.174446, 0.000000, 1.000000))
INFO: Processing node: DEF-spine.004 with parent: DEF-spine.003
INFO: Bone [DEF-spine.004] parent set to: DEF-spine.003
INFO: Captured local bind transform for bone [DEF-spine.005]: mat4x4((1.000000, 0.000000, 0.000000, 0.000000), (0.000000, 0.982004, -0.188860, 0.000000), (0.000000, 0.188860, 0.982004, 0.000000), (0.000000, 0.059934, -0.000000, 1.000000))
INFO: Processing node: DEF-spine.005 with parent: DEF-spine.004
INFO: Bone [DEF-spine.005] parent set to: DEF-spine.004
INFO: Captured local bind transform for bone [DEF-spine.006]: mat4x4((1.000000, 0.000000, 0.000000, 0.000000), (0.000000, 0.982436, -0.186599, 0.000000), (0.000000, 0.186599, 0.982436, 0.000000), (0.000000, 0.056798, -0.000000, 1.000000))
INFO: Processing node: DEF-spine.006 with parent: DEF-spine.005
INFO: Bone [DEF-spine.006] parent set to: DEF-spine.005
INFO: Captured local bind transform for bone [DEF-shoulder.L]: mat4x4((0.507095, -0.024689, 0.861537, 0.000000), (0.861890, 0.013912, -0.506904, 0.000000), (0.000529, 0.999598, 0.028334, 0.000000), (0.016577, 0.124301, 0.070883, 1.000000))
WARNING: ARM CHAIN NODE FOUND: DEF-shoulder.L  -> Parent: DEF-spine.003
INFO: Processing node: DEF-shoulder.L with parent: DEF-spine.003
INFO: Bone [DEF-shoulder.L] parent set to: DEF-spine.003
INFO: Captured local bind transform for bone [DEF-upper_arm.L]: mat4x4((0.258287, -0.150809, 0.954224, 0.000000), (0.562575, 0.826463, -0.021659, 0.000000), (-0.785364, 0.542417, 0.298306, 0.000000), (0.007058, 0.181885, -0.018465, 1.000000))
WARNING: ARM CHAIN NODE FOUND: DEF-upper_arm.L  -> Parent: DEF-shoulder.L
INFO: Processing node: DEF-upper_arm.L with parent: DEF-shoulder.L
INFO: Bone [DEF-upper_arm.L] parent set to: DEF-shoulder.L
INFO: Captured local bind transform for bone [DEF-upper_arm.L.001]: mat4x4((1.000000, 0.000000, 0.000000, 0.000000), (0.000000, 1.000000, 0.000000, 0.000000), (0.000000, 0.000000, 1.000000, 0.000000), (0.000000, 0.131829, -0.000000, 1.000000))
WARNING: ARM CHAIN NODE FOUND: DEF-upper_arm.L.001  -> Parent: DEF-upper_arm.L
INFO: Processing node: DEF-upper_arm.L.001 with parent: DEF-upper_arm.L
INFO: Bone [DEF-upper_arm.L.001] parent set to: DEF-upper_arm.L
INFO: Captured local bind transform for bone [DEF-forearm.L]: mat4x4((1.000000, -0.000001, -0.000000, 0.000000), (0.000001, 0.996575, 0.082688, 0.000000), (0.000000, -0.082688, 0.996575, 0.000000), (0.000000, 0.131829, 0.000000, 1.000000))
WARNING: ARM CHAIN NODE FOUND: DEF-forearm.L  -> Parent: DEF-upper_arm.L.001
INFO: Processing node: DEF-forearm.L with parent: DEF-upper_arm.L.001
INFO: Bone [DEF-forearm.L] parent set to: DEF-upper_arm.L.001
INFO: Captured local bind transform for bone [DEF-forearm.L.001]: mat4x4((1.000000, -0.000000, 0.000015, 0.000000), (0.000000, 1.000000, -0.000000, 0.000000), (-0.000015, 0.000000, 1.000000, 0.000000), (-0.000000, 0.120149, -0.000000, 1.000000))
WARNING: ARM CHAIN NODE FOUND: DEF-forearm.L.001  -> Parent: DEF-forearm.L
INFO: Processing node: DEF-forearm.L.001 with parent: DEF-forearm.L
INFO: Bone [DEF-forearm.L.001] parent set to: DEF-forearm.L
INFO: Captured local bind transform for bone [DEF-hand.L]: mat4x4((0.999639, 0.026781, -0.001931, 0.000000), (-0.026851, 0.997089, -0.071362, 0.000000), (0.000014, 0.071388, 0.997449, 0.000000), (0.000000, 0.120149, -0.000000, 1.000000))
WARNING: ARM CHAIN NODE FOUND: DEF-hand.L  -> Parent: DEF-forearm.L.001
INFO: Processing node: DEF-hand.L with parent: DEF-forearm.L.001
INFO: Bone [DEF-hand.L] parent set to: DEF-forearm.L.001
INFO: Captured local bind transform for bone [DEF-shoulder.R]: mat4x4((0.507095, 0.024689, -0.861537, 0.000000), (-0.861890, 0.013912, -0.506904, 0.000000), (-0.000529, 0.999598, 0.028334, 0.000000), (-0.016577, 0.124301, 0.070883, 1.000000))
INFO: Processing node: DEF-shoulder.R with parent: DEF-spine.003
INFO: Bone [DEF-shoulder.R] parent set to: DEF-spine.003
INFO: Captured local bind transform for bone [DEF-upper_arm.R]: mat4x4((0.258289, 0.150807, -0.954224, 0.000000), (-0.562574, 0.826463, -0.021662, 0.000000), (0.785364, 0.542417, 0.298306, 0.000000), (-0.007058, 0.181885, -0.018465, 1.000000))
INFO: Processing node: DEF-upper_arm.R with parent: DEF-shoulder.R
INFO: Bone [DEF-upper_arm.R] parent set to: DEF-shoulder.R
INFO: Captured local bind transform for bone [DEF-upper_arm.R.001]: mat4x4((1.000000, 0.000000, 0.000000, 0.000000), (0.000000, 1.000000, 0.000000, 0.000000), (0.000000, 0.000000, 1.000000, 0.000000), (-0.000000, 0.131829, -0.000000, 1.000000))
INFO: Processing node: DEF-upper_arm.R.001 with parent: DEF-upper_arm.R
INFO: Bone [DEF-upper_arm.R.001] parent set to: DEF-upper_arm.R
INFO: Captured local bind transform for bone [DEF-forearm.R]: mat4x4((1.000000, -0.000005, -0.000000, 0.000000), (0.000005, 0.996575, 0.082688, 0.000000), (-0.000000, -0.082688, 0.996575, 0.000000), (0.000000, 0.131829, 0.000000, 1.000000))
INFO: Processing node: DEF-forearm.R with parent: DEF-upper_arm.R.001
INFO: Bone [DEF-forearm.R] parent set to: DEF-upper_arm.R.001
INFO: Captured local bind transform for bone [DEF-forearm.R.001]: mat4x4((1.000000, 0.000000, -0.000015, 0.000000), (-0.000000, 1.000000, -0.000000, 0.000000), (0.000015, 0.000000, 1.000000, 0.000000), (0.000000, 0.120149, -0.000000, 1.000000))
INFO: Processing node: DEF-forearm.R.001 with parent: DEF-forearm.R
INFO: Bone [DEF-forearm.R.001] parent set to: DEF-forearm.R
INFO: Captured local bind transform for bone [DEF-hand.R]: mat4x4((0.999640, -0.026780, 0.001932, 0.000000), (0.026850, 0.997089, -0.071362, 0.000000), (-0.000016, 0.071389, 0.997449, 0.000000), (0.000000, 0.120149, -0.000000, 1.000000))
INFO: Processing node: DEF-hand.R with parent: DEF-forearm.R.001
INFO: Bone [DEF-hand.R] parent set to: DEF-forearm.R.001
INFO: Captured local bind transform for bone [DEF-breast.L]: mat4x4((-1.000000, 0.000000, 0.000000, 0.000000), (-0.000000, -0.028560, 0.999592, 0.000000), (0.000000, 0.999592, 0.028560, 0.000000), (0.107252, -0.004422, -0.038731, 1.000000))
INFO: Processing node: DEF-breast.L with parent: DEF-spine.003
INFO: Bone [DEF-breast.L] parent set to: DEF-spine.003
INFO: Captured local bind transform for bone [DEF-breast.R]: mat4x4((-1.000000, -0.000000, -0.000000, 0.000000), (0.000000, -0.028560, 0.999592, 0.000000), (-0.000000, 0.999592, 0.028560, 0.000000), (-0.107252, -0.004422, -0.038731, 1.000000))
INFO: Processing node: DEF-breast.R with parent: DEF-spine.003
INFO: Bone [DEF-breast.R] parent set to: DEF-spine.003
INFO: Captured local bind transform for bone [DEF-pelvis.L]: mat4x4((-0.421772, -0.168578, 0.890893, 0.000000), (0.536322, 0.745855, 0.395043, 0.000000), (-0.731073, 0.644423, -0.224169, 0.000000), (0.000000, -0.154366, -0.017744, 1.000000))
INFO: Processing node: DEF-pelvis.L with parent: DEF-spine.001
INFO: Bone [DEF-pelvis.L] parent set to: DEF-spine.001
INFO: Captured local bind transform for bone [DEF-thigh.L]: mat4x4((-0.077224, 0.629594, -0.773077, 0.000000), (0.385980, -0.696050, -0.605420, 0.000000), (-0.919269, -0.345146, -0.189259, 0.000000), (-0.038970, 0.132744, -0.057264, 1.000000))
INFO: Processing node: DEF-thigh.L with parent: DEF-pelvis.L
INFO: Bone [DEF-thigh.L] parent set to: DEF-pelvis.L
INFO: Captured local bind transform for bone [DEF-thigh.L.001]: mat4x4((1.000000, -0.000000, 0.000010, 0.000000), (0.000000, 1.000000, 0.000000, 0.000000), (-0.000010, -0.000000, 1.000000, 0.000000), (-0.000000, 0.254006, -0.000000, 1.000000))
INFO: Processing node: DEF-thigh.L.001 with parent: DEF-thigh.L
INFO: Bone [DEF-thigh.L.001] parent set to: DEF-thigh.L
INFO: Captured local bind transform for bone [DEF-shin.L]: mat4x4((1.000000, 0.000000, 0.000026, 0.000000), (-0.000003, 0.991792, 0.127862, 0.000000), (-0.000025, -0.127862, 0.991792, 0.000000), (0.000000, 0.254006, -0.000000, 1.000000))
INFO: Processing node: DEF-shin.L with parent: DEF-thigh.L.001
INFO: Bone [DEF-shin.L] parent set to: DEF-thigh.L.001
INFO: Captured local bind transform for bone [DEF-shin.L.001]: mat4x4((1.000000, 0.000000, 0.000000, 0.000000), (0.000000, 1.000000, 0.000000, 0.000000), (0.000000, 0.000000, 1.000000, 0.000000), (0.000000, 0.212020, 0.000000, 1.000000))
INFO: Processing node: DEF-shin.L.001 with parent: DEF-shin.L
INFO: Bone [DEF-shin.L.001] parent set to: DEF-shin.L
INFO: Captured local bind transform for bone [DEF-foot.L]: mat4x4((0.886178, -0.312474, 0.342123, 0.000000), (0.463249, 0.612520, -0.640484, 0.000000), (-0.009423, 0.726071, 0.687555, 0.000000), (0.000000, 0.212020, 0.000000, 1.000000))
INFO: Processing node: DEF-foot.L with parent: DEF-shin.L.001
INFO: Bone [DEF-foot.L] parent set to: DEF-shin.L.001
INFO: Captured local bind transform for bone [DEF-toe.L]: mat4x4((-1.000000, -0.000008, 0.000000, 0.000000), (-0.000006, 0.738795, -0.673930, 0.000000), (0.000005, -0.673930, -0.738795, 0.000000), (-0.000000, 0.093590, -0.000000, 1.000000))
INFO: Processing node: DEF-toe.L with parent: DEF-foot.L
INFO: Bone [DEF-toe.L] parent set to: DEF-foot.L
INFO: Captured local bind transform for bone [DEF-pelvis.R]: mat4x4((-0.421772, 0.168578, -0.890893, 0.000000), (-0.536322, 0.745855, 0.395043, 0.000000), (0.731073, 0.644423, -0.224169, 0.000000), (-0.000000, -0.154366, -0.017744, 1.000000))
INFO: Processing node: DEF-pelvis.R with parent: DEF-spine.001
INFO: Bone [DEF-pelvis.R] parent set to: DEF-spine.001
INFO: Captured local bind transform for bone [DEF-thigh.R]: mat4x4((-0.077224, -0.629594, 0.773077, 0.000000), (-0.385980, -0.696050, -0.605420, 0.000000), (0.919269, -0.345146, -0.189259, 0.000000), (0.038970, 0.132744, -0.057264, 1.000000))
INFO: Processing node: DEF-thigh.R with parent: DEF-pelvis.R
INFO: Bone [DEF-thigh.R] parent set to: DEF-pelvis.R
INFO: Captured local bind transform for bone [DEF-thigh.R.001]: mat4x4((1.000000, -0.000000, -0.000010, 0.000000), (0.000000, 1.000000, 0.000000, 0.000000), (0.000010, -0.000000, 1.000000, 0.000000), (0.000000, 0.254006, -0.000000, 1.000000))
INFO: Processing node: DEF-thigh.R.001 with parent: DEF-thigh.R
INFO: Bone [DEF-thigh.R.001] parent set to: DEF-thigh.R
INFO: Captured local bind transform for bone [DEF-shin.R]: mat4x4((1.000000, -0.000000, -0.000026, 0.000000), (0.000003, 0.991792, 0.127862, 0.000000), (0.000025, -0.127862, 0.991792, 0.000000), (-0.000000, 0.254006, 0.000000, 1.000000))
INFO: Processing node: DEF-shin.R with parent: DEF-thigh.R.001
INFO: Bone [DEF-shin.R] parent set to: DEF-thigh.R.001
INFO: Captured local bind transform for bone [DEF-shin.R.001]: mat4x4((1.000000, 0.000000, 0.000000, 0.000000), (0.000000, 1.000000, 0.000000, 0.000000), (0.000000, 0.000000, 1.000000, 0.000000), (-0.000000, 0.212020, 0.000000, 1.000000))
INFO: Processing node: DEF-shin.R.001 with parent: DEF-shin.R
INFO: Bone [DEF-shin.R.001] parent set to: DEF-shin.R
INFO: Captured local bind transform for bone [DEF-foot.R]: mat4x4((0.886178, 0.312474, -0.342123, 0.000000), (-0.463249, 0.612520, -0.640484, 0.000000), (0.009423, 0.726071, 0.687555, 0.000000), (-0.000000, 0.212020, -0.000000, 1.000000))
INFO: Processing node: DEF-foot.R with parent: DEF-shin.R.001
INFO: Bone [DEF-foot.R] parent set to: DEF-shin.R.001
INFO: Captured local bind transform for bone [DEF-toe.R]: mat4x4((-1.000000, 0.000008, -0.000000, 0.000000), (0.000006, 0.738795, -0.673930, 0.000000), (-0.000005, -0.673930, -0.738795, 0.000000), (0.000000, 0.093590, 0.000000, 1.000000))
INFO: Processing node: DEF-toe.R with parent: DEF-foot.R
INFO: Bone [DEF-toe.R] parent set to: DEF-foot.R
INFO: Bone hierarchy successfully built from scene graph.
INFO: Loaded 1 meshes.
INFO: INFO: Model loaded successfully.
INFO: DEBUG: Bounding Box Center: (-0.000000, 0.940108, -0.027487)
INFO: DEBUG: Bounding Box Radius: 1.230948
INFO: DEBUG: Adjusted Camera Position: (-0.000000, 0.940108, 7.401939)
INFO: INFO: Attempting to load animation: Action.001 from file: Character_TPose_Anim wo NLA.fbx
INFO: Loading animation from: Character_TPose_Anim wo NLA.fbx
WARNING: === DEBUG: Animation Transform at T=0 for DEF-forearm.L ===
WARNING: animationLocalTransform:
mat4x4((1.000000, -0.000001, -0.000000, 0.000000), (0.000001, 0.996575, 0.082688, 0.000000), (0.000000, -0.082688, 0.996575, 0.000000), (0.000000, 0.131829, 0.000000, 1.000000))
WARNING: bindPose:
mat4x4((0.001501, 0.954291, 0.298875, -0.000000), (0.999878, 0.003219, -0.015300, 0.000000), (-0.015563, 0.298861, -0.954170, -0.000000), (0.439895, 1.485949, -0.072786, 1.000000))
WARNING: correctedLocal (post-fix):
mat4x4((1.000000, -0.000001, -0.000000, 0.000000), (0.000001, 0.996575, 0.082688, 0.000000), (0.000000, -0.082688, 0.996575, 0.000000), (0.000000, 0.131829, 0.000000, 1.000000))
WARNING: === DEBUG: Animation Transform at T=0 for DEF-upper_arm.L ===
WARNING: animationLocalTransform:
mat4x4((0.258287, -0.150809, 0.954225, 0.000000), (0.562575, 0.826463, -0.021659, 0.000000), (-0.785365, 0.542417, 0.298306, 0.000000), (0.007058, 0.181885, -0.018465, 1.000000))
WARNING: bindPose:
mat4x4((0.001501, 0.954291, 0.298874, -0.000000), (0.997444, -0.022782, 0.067732, 0.000000), (0.071445, 0.298008, -0.951886, -0.000000), (0.176911, 1.491956, -0.090644, 1.000000))
WARNING: correctedLocal (post-fix):
mat4x4((0.258287, -0.150809, 0.954225, 0.000000), (0.562575, 0.826463, -0.021659, 0.000000), (-0.785365, 0.542417, 0.298306, 0.000000), (0.007058, 0.181885, -0.018465, 1.000000))
WARNING: Injecting bind pose for bone: root
WARNING: Injecting bind pose for bone: root
INFO: Animation loaded and re-normalized relative to model bind pose.
INFO: INFO: Successfully loaded animation: Action.001
INFO: Switched to animation: Action.001
INFO: INFO: Set current animation to Action.001.
INFO: DEBUG: Depth testing and blending enabled.
INFO: Debug: Animation time updated to: 0.323494
INFO: INFO: Interpolating keyframes at animation time: 0.323494
INFO: INFO: Keyframe count: 31
INFO: Interpolating Keyframes
INFO: Bone Transform Interpolation at factor: 0.161747
INFO: INFO: Interpolated bone: DEF-forearm.L with factor: 0.161747
WARNING: ANIM FINAL MATRIX: DEF-forearm.L @ time 0.323494
WARNING: mat4x4((1.000000, -0.000001, -0.000072, 0.000000), (0.000007, 0.996421, 0.084527, 0.000000), (0.000071, -0.084527, 0.996421, 0.000000), (0.000000, 0.131829, 0.000000, 1.000000))
INFO: Interpolating Keyframes
INFO: Bone Transform Interpolation at factor: 0.161747
INFO: INFO: Interpolated bone: DEF-forearm.L.001 with factor: 0.161747
INFO: Interpolating Keyframes
INFO: Bone Transform Interpolation at factor: 0.161747
INFO: INFO: Interpolated bone: DEF-forearm.R with factor: 0.161747
INFO: Interpolating Keyframes
INFO: Bone Transform Interpolation at factor: 0.161747
INFO: INFO: Interpolated bone: DEF-forearm.R.001 with factor: 0.161747
INFO: Interpolating Keyframes
INFO: Bone Transform Interpolation at factor: 0.161747
INFO: INFO: Interpolated bone: DEF-hand.L with factor: 0.161747
INFO: Interpolating Keyframes
INFO: Bone Transform Interpolation at factor: 0.161747
INFO: INFO: Interpolated bone: DEF-hand.R with factor: 0.161747
INFO: Interpolating Keyframes
INFO: Bone Transform Interpolation at factor: 0.161747
INFO: INFO: Interpolated bone: DEF-shin.L with factor: 0.161747
INFO: Interpolating Keyframes
INFO: Bone Transform Interpolation at factor: 0.161747
INFO: INFO: Interpolated bone: DEF-shin.L.001 with factor: 0.161747
INFO: Interpolating Keyframes
INFO: Bone Transform Interpolation at factor: 0.161747
INFO: INFO: Interpolated bone: DEF-shin.R with factor: 0.161747
INFO: Interpolating Keyframes
INFO: Bone Transform Interpolation at factor: 0.161747
INFO: INFO: Interpolated bone: DEF-shin.R.001 with factor: 0.161747
INFO: Interpolating Keyframes
INFO: Bone Transform Interpolation at factor: 0.161747
INFO: INFO: Interpolated bone: DEF-thigh.L.001 with factor: 0.161747
INFO: Interpolating Keyframes
INFO: Bone Transform Interpolation at factor: 0.161747
INFO: INFO: Interpolated bone: DEF-thigh.R.001 with factor: 0.161747
INFO: Interpolating Keyframes
INFO: Bone Transform Interpolation at factor: 0.161747
INFO: INFO: Interpolated bone: DEF-upper_arm.L with factor: 0.161747
WARNING: ANIM FINAL MATRIX: DEF-upper_arm.L @ time 0.323494
WARNING: mat4x4((0.256526, -0.153591, 0.954256, 0.000000), (0.563325, 0.826028, -0.018483, 0.000000), (-0.785403, 0.542298, 0.298420, 0.000000), (0.007058, 0.181885, -0.018465, 1.000000))
INFO: Interpolating Keyframes
INFO: Bone Transform Interpolation at factor: 0.161747
INFO: INFO: Interpolated bone: DEF-upper_arm.L.001 with factor: 0.161747
INFO: Interpolating Keyframes
INFO: Bone Transform Interpolation at factor: 0.161747
INFO: INFO: Interpolated bone: DEF-upper_arm.R with factor: 0.161747
INFO: Interpolating Keyframes
INFO: Bone Transform Interpolation at factor: 0.161747
INFO: INFO: Interpolated bone: DEF-upper_arm.R.001 with factor: 0.161747
WARNING: DEBUG: Final (GlobalInverse * Global * Offset) Transform for bone [DEF-breast.L]:
mat4x4((1.000000, -0.000000, 0.000000, 0.000000), (0.000000, 1.000000, -0.000000, 0.000000), (-0.000000, 0.000000, 1.000000, 0.000000), (-0.000000, -0.000000, 0.000001, 1.000000))
INFO: DEBUG: After Storing Bone DEF-breast.L
INFO: Applied globalInverse * global * offset for bone: DEF-breast.L
WARNING: DEBUG: Final (GlobalInverse * Global * Offset) Transform for bone [DEF-breast.R]:
mat4x4((1.000000, 0.000000, -0.000000, 0.000000), (-0.000000, 1.000000, -0.000000, 0.000000), (0.000000, 0.000000, 1.000000, 0.000000), (0.000000, -0.000000, 0.000001, 1.000000))
INFO: DEBUG: After Storing Bone DEF-breast.R
INFO: Applied globalInverse * global * offset for bone: DEF-breast.R
WARNING: DEBUG: Final (GlobalInverse * Global * Offset) Transform for bone [DEF-foot.L]:
mat4x4((1.000000, 0.000004, -0.000011, 0.000000), (-0.000004, 1.000000, 0.000012, 0.000000), (0.000012, -0.000011, 1.000000, 0.000000), (0.000000, -0.000001, 0.000001, 1.000000))
INFO: DEBUG: After Storing Bone DEF-foot.L
INFO: Applied globalInverse * global * offset for bone: DEF-foot.L
WARNING: DEBUG: Final (GlobalInverse * Global * Offset) Transform for bone [DEF-foot.R]:
mat4x4((1.000000, -0.000005, 0.000012, 0.000000), (0.000004, 1.000000, 0.000012, 0.000000), (-0.000012, -0.000011, 1.000000, 0.000000), (-0.000001, -0.000001, 0.000001, 1.000000))
INFO: DEBUG: After Storing Bone DEF-foot.R
INFO: Applied globalInverse * global * offset for bone: DEF-foot.R
WARNING: DEBUG: Final (GlobalInverse * Global * Offset) Transform for bone [DEF-forearm.L]:
mat4x4((0.999994, 0.003067, 0.001250, 0.000000), (-0.003067, 0.999995, 0.000028, 0.000000), (-0.001250, -0.000032, 0.999999, 0.000000), (0.004509, -0.000346, -0.000876, 1.000000))
WARNING: === DEBUG: FINAL TRANSFORM APPLY FOR DEF-forearm.L ===
WARNING: Global Transform:
mat4x4((-0.001799, 0.954282, 0.298903, 0.000000), (0.999882, 0.006286, -0.014050, 0.000000), (-0.015286, 0.298843, -0.954180, 0.000000), (0.439935, 1.486948, -0.073070, 1.000000))
WARNING: Offset Matrix (Inverse Bind Pose):
mat4x4((0.001501, 0.999878, -0.015562, 0.000000), (0.954291, 0.003219, 0.298861, 0.000000), (0.298875, -0.015300, -0.954170, 0.000000), (-1.396935, -0.445738, -0.506697, 1.000000))
WARNING: Global Inverse Transform:
mat4x4((1.000000, -0.000000, 0.000000, -0.000000), (-0.000000, 1.000000, -0.000000, 0.000000), (0.000000, -0.000000, 1.000000, -0.000000), (-0.000000, 0.000000, -0.000000, 1.000000))
WARNING: Resulting Final Transform:
mat4x4((0.999994, 0.003067, 0.001250, 0.000000), (-0.003067, 0.999995, 0.000028, 0.000000), (-0.001250, -0.000032, 0.999999, 0.000000), (0.004509, -0.000346, -0.000876, 1.000000))
INFO: Decomposed transform for DEF-forearm.L: Translation(0.00450897, -0.000346184, -0.000875764), Scale(1, 1, 1)
INFO: DEBUG: After Storing Bone DEF-forearm.L
INFO: Applied globalInverse * global * offset for bone: DEF-forearm.L
WARNING: DEBUG: Final (GlobalInverse * Global * Offset) Transform for bone [DEF-forearm.L.001]:
mat4x4((0.999994, 0.003065, 0.001250, 0.000000), (-0.003065, 0.999995, 0.000105, 0.000000), (-0.001250, -0.000109, 0.999999, 0.000000), (0.004506, -0.000351, -0.000990, 1.000000))
INFO: DEBUG: After Storing Bone DEF-forearm.L.001
INFO: Applied globalInverse * global * offset for bone: DEF-forearm.L.001
WARNING: DEBUG: Final (GlobalInverse * Global * Offset) Transform for bone [DEF-forearm.R]:
mat4x4((0.999994, -0.003066, -0.001250, 0.000000), (0.003066, 0.999995, 0.000027, 0.000000), (0.001250, -0.000031, 0.999999, 0.000000), (-0.004508, -0.000346, -0.000874, 1.000000))
INFO: DEBUG: After Storing Bone DEF-forearm.R
INFO: Applied globalInverse * global * offset for bone: DEF-forearm.R
WARNING: DEBUG: Final (GlobalInverse * Global * Offset) Transform for bone [DEF-forearm.R.001]:
mat4x4((0.999994, -0.003064, -0.001249, 0.000000), (0.003064, 0.999995, 0.000104, 0.000000), (0.001249, -0.000108, 0.999999, 0.000000), (-0.004505, -0.000351, -0.000988, 1.000000))
INFO: DEBUG: After Storing Bone DEF-forearm.R.001
INFO: Applied globalInverse * global * offset for bone: DEF-forearm.R.001
WARNING: DEBUG: Final (GlobalInverse * Global * Offset) Transform for bone [DEF-hand.L]:
mat4x4((0.999962, 0.008698, 0.000004, 0.000000), (-0.008698, 0.999962, 0.000116, 0.000000), (-0.000004, -0.000116, 1.000000, 0.000000), (0.012997, -0.004133, -0.000159, 1.000000))
INFO: DEBUG: After Storing Bone DEF-hand.L
INFO: Applied globalInverse * global * offset for bone: DEF-hand.L
WARNING: DEBUG: Final (GlobalInverse * Global * Offset) Transform for bone [DEF-hand.R]:
mat4x4((0.999962, -0.008698, -0.000004, 0.000000), (0.008698, 0.999962, 0.000116, 0.000000), (0.000003, -0.000116, 1.000000, 0.000000), (-0.012997, -0.004133, -0.000159, 1.000000))
INFO: DEBUG: After Storing Bone DEF-hand.R
INFO: Applied globalInverse * global * offset for bone: DEF-hand.R
WARNING: DEBUG: Final (GlobalInverse * Global * Offset) Transform for bone [DEF-pelvis.L]:
mat4x4((1.000000, 0.000000, 0.000000, 0.000000), (0.000000, 1.000000, 0.000000, 0.000000), (-0.000000, 0.000000, 1.000000, 0.000000), (0.000000, -0.000000, -0.000000, 1.000000))
INFO: DEBUG: After Storing Bone DEF-pelvis.L
INFO: Applied globalInverse * global * offset for bone: DEF-pelvis.L
WARNING: DEBUG: Final (GlobalInverse * Global * Offset) Transform for bone [DEF-pelvis.R]:
mat4x4((1.000000, -0.000000, -0.000000, 0.000000), (-0.000000, 1.000000, 0.000000, 0.000000), (0.000000, 0.000000, 1.000000, 0.000000), (-0.000000, -0.000000, -0.000000, 1.000000))
INFO: DEBUG: After Storing Bone DEF-pelvis.R
INFO: Applied globalInverse * global * offset for bone: DEF-pelvis.R
WARNING: DEBUG: Final (GlobalInverse * Global * Offset) Transform for bone [DEF-shin.L]:
mat4x4((1.000000, -0.000001, -0.000018, 0.000000), (0.000002, 1.000000, -0.000001, 0.000000), (0.000018, 0.000002, 1.000000, 0.000000), (-0.000000, -0.000000, 0.000003, 1.000000))
INFO: DEBUG: After Storing Bone DEF-shin.L
INFO: Applied globalInverse * global * offset for bone: DEF-shin.L
WARNING: DEBUG: Final (GlobalInverse * Global * Offset) Transform for bone [DEF-shin.L.001]:
mat4x4((1.000000, -0.000001, -0.000013, 0.000000), (0.000002, 1.000000, -0.000002, 0.000000), (0.000013, 0.000002, 1.000000, 0.000000), (-0.000000, -0.000000, 0.000003, 1.000000))
INFO: DEBUG: After Storing Bone DEF-shin.L.001
INFO: Applied globalInverse * global * offset for bone: DEF-shin.L.001
WARNING: DEBUG: Final (GlobalInverse * Global * Offset) Transform for bone [DEF-shin.R]:
mat4x4((1.000000, 0.000001, 0.000018, 0.000000), (-0.000001, 1.000000, -0.000001, 0.000000), (-0.000018, 0.000002, 1.000000, 0.000000), (-0.000000, -0.000000, 0.000003, 1.000000))
INFO: DEBUG: After Storing Bone DEF-shin.R
INFO: Applied globalInverse * global * offset for bone: DEF-shin.R
WARNING: DEBUG: Final (GlobalInverse * Global * Offset) Transform for bone [DEF-shin.R.001]:
mat4x4((1.000000, 0.000001, 0.000013, 0.000000), (-0.000001, 1.000000, -0.000001, 0.000000), (-0.000013, 0.000002, 1.000000, 0.000000), (-0.000000, -0.000000, 0.000003, 1.000000))
INFO: DEBUG: After Storing Bone DEF-shin.R.001
INFO: Applied globalInverse * global * offset for bone: DEF-shin.R.001
WARNING: DEBUG: Final (GlobalInverse * Global * Offset) Transform for bone [DEF-shoulder.L]:
mat4x4((1.000000, -0.000000, -0.000000, 0.000000), (0.000000, 1.000000, -0.000000, 0.000000), (-0.000000, 0.000000, 1.000000, 0.000000), (-0.000000, -0.000000, 0.000001, 1.000000))
INFO: DEBUG: After Storing Bone DEF-shoulder.L
INFO: Applied globalInverse * global * offset for bone: DEF-shoulder.L
WARNING: DEBUG: Final (GlobalInverse * Global * Offset) Transform for bone [DEF-shoulder.R]:
mat4x4((1.000000, 0.000000, 0.000000, 0.000000), (-0.000000, 1.000000, -0.000000, 0.000000), (0.000000, 0.000000, 1.000000, 0.000000), (0.000000, -0.000000, 0.000001, 1.000000))
INFO: DEBUG: After Storing Bone DEF-shoulder.R
INFO: Applied globalInverse * global * offset for bone: DEF-shoulder.R
WARNING: DEBUG: Final (GlobalInverse * Global * Offset) Transform for bone [DEF-spine]:
mat4x4((1.000000, 0.000000, 0.000000, 0.000000), (0.000000, 1.000000, 0.000000, 0.000000), (0.000000, -0.000000, 1.000000, 0.000000), (0.000000, 0.000000, -0.000000, 1.000000))
INFO: DEBUG: After Storing Bone DEF-spine
INFO: Applied globalInverse * global * offset for bone: DEF-spine
WARNING: DEBUG: Final (GlobalInverse * Global * Offset) Transform for bone [DEF-spine.001]:
mat4x4((1.000000, 0.000000, 0.000000, 0.000000), (0.000000, 1.000000, 0.000000, 0.000000), (0.000000, -0.000000, 1.000000, 0.000000), (0.000000, -0.000000, -0.000000, 1.000000))
INFO: DEBUG: After Storing Bone DEF-spine.001
INFO: Applied globalInverse * global * offset for bone: DEF-spine.001
WARNING: DEBUG: Final (GlobalInverse * Global * Offset) Transform for bone [DEF-spine.002]:
mat4x4((1.000000, 0.000000, 0.000000, 0.000000), (0.000000, 1.000000, 0.000000, 0.000000), (0.000000, 0.000000, 1.000000, 0.000000), (0.000000, -0.000000, -0.000000, 1.000000))
INFO: DEBUG: After Storing Bone DEF-spine.002
INFO: Applied globalInverse * global * offset for bone: DEF-spine.002
WARNING: DEBUG: Final (GlobalInverse * Global * Offset) Transform for bone [DEF-spine.003]:
mat4x4((1.000000, 0.000000, 0.000000, 0.000000), (0.000000, 1.000000, -0.000000, 0.000000), (0.000000, 0.000000, 1.000000, 0.000000), (0.000000, -0.000000, 0.000000, 1.000000))
INFO: DEBUG: After Storing Bone DEF-spine.003
INFO: Applied globalInverse * global * offset for bone: DEF-spine.003
WARNING: DEBUG: Final (GlobalInverse * Global * Offset) Transform for bone [DEF-spine.004]:
mat4x4((1.000000, 0.000000, 0.000000, 0.000000), (0.000000, 1.000000, 0.000000, 0.000000), (0.000000, -0.000000, 1.000000, 0.000000), (0.000000, -0.000001, -0.000001, 1.000000))
INFO: DEBUG: After Storing Bone DEF-spine.004
INFO: Applied globalInverse * global * offset for bone: DEF-spine.004
WARNING: DEBUG: Final (GlobalInverse * Global * Offset) Transform for bone [DEF-spine.005]:
mat4x4((1.000000, 0.000000, 0.000000, 0.000000), (0.000000, 1.000000, 0.000000, 0.000000), (0.000000, -0.000000, 1.000000, 0.000000), (0.000000, -0.000000, -0.000000, 1.000000))
INFO: DEBUG: After Storing Bone DEF-spine.005
INFO: Applied globalInverse * global * offset for bone: DEF-spine.005
WARNING: DEBUG: Final (GlobalInverse * Global * Offset) Transform for bone [DEF-spine.006]:
mat4x4((1.000000, 0.000000, 0.000000, 0.000000), (0.000000, 1.000000, 0.000000, 0.000000), (0.000000, -0.000000, 1.000000, 0.000000), (0.000000, -0.000000, -0.000000, 1.000000))
INFO: DEBUG: After Storing Bone DEF-spine.006
INFO: Applied globalInverse * global * offset for bone: DEF-spine.006
WARNING: DEBUG: Final (GlobalInverse * Global * Offset) Transform for bone [DEF-thigh.L]:
mat4x4((1.000000, 0.000001, 0.000004, 0.000000), (-0.000000, 1.000000, -0.000002, 0.000000), (-0.000004, 0.000003, 1.000000, 0.000000), (0.000000, 0.000000, 0.000002, 1.000000))
INFO: DEBUG: After Storing Bone DEF-thigh.L
INFO: Applied globalInverse * global * offset for bone: DEF-thigh.L
WARNING: DEBUG: Final (GlobalInverse * Global * Offset) Transform for bone [DEF-thigh.L.001]:
mat4x4((1.000000, -0.000000, -0.000011, 0.000000), (0.000001, 1.000000, -0.000001, 0.000000), (0.000012, 0.000001, 1.000000, 0.000000), (0.000000, 0.000000, 0.000002, 1.000000))
INFO: DEBUG: After Storing Bone DEF-thigh.L.001
INFO: Applied globalInverse * global * offset for bone: DEF-thigh.L.001
WARNING: DEBUG: Final (GlobalInverse * Global * Offset) Transform for bone [DEF-thigh.R]:
mat4x4((1.000000, -0.000001, -0.000004, 0.000000), (0.000001, 1.000000, -0.000002, 0.000000), (0.000004, 0.000003, 1.000000, 0.000000), (-0.000001, 0.000000, 0.000002, 1.000000))
INFO: DEBUG: After Storing Bone DEF-thigh.R
INFO: Applied globalInverse * global * offset for bone: DEF-thigh.R
WARNING: DEBUG: Final (GlobalInverse * Global * Offset) Transform for bone [DEF-thigh.R.001]:
mat4x4((1.000000, 0.000000, 0.000011, 0.000000), (-0.000000, 1.000000, -0.000001, 0.000000), (-0.000012, 0.000001, 1.000000, 0.000000), (-0.000000, 0.000000, 0.000002, 1.000000))
INFO: DEBUG: After Storing Bone DEF-thigh.R.001
INFO: Applied globalInverse * global * offset for bone: DEF-thigh.R.001
WARNING: DEBUG: Final (GlobalInverse * Global * Offset) Transform for bone [DEF-toe.L]:
mat4x4((1.000000, -0.000001, -0.000001, 0.000000), (0.000001, 1.000000, 0.000000, 0.000000), (0.000001, 0.000000, 1.000000, 0.000000), (0.000000, -0.000001, 0.000001, 1.000000))
INFO: DEBUG: After Storing Bone DEF-toe.L
INFO: Applied globalInverse * global * offset for bone: DEF-toe.L
WARNING: DEBUG: Final (GlobalInverse * Global * Offset) Transform for bone [DEF-toe.R]:
mat4x4((1.000000, 0.000000, 0.000001, 0.000000), (-0.000001, 1.000000, -0.000000, 0.000000), (-0.000001, 0.000001, 1.000000, 0.000000), (-0.000001, -0.000001, 0.000001, 1.000000))
INFO: DEBUG: After Storing Bone DEF-toe.R
INFO: Applied globalInverse * global * offset for bone: DEF-toe.R
WARNING: DEBUG: Final (GlobalInverse * Global * Offset) Transform for bone [DEF-upper_arm.L]:
mat4x4((0.999992, 0.003788, -0.001083, 0.000000), (-0.003788, 0.999993, -0.000109, 0.000000), (0.001082, 0.000114, 0.999999, 0.000000), (0.005752, -0.000649, 0.000355, 1.000000))
WARNING: === DEBUG: FINAL TRANSFORM APPLY FOR DEF-upper_arm.L ===
WARNING: Global Transform:
mat4x4((-0.001790, 0.954324, 0.298768, 0.000000), (0.997595, -0.018996, 0.066654, 0.000000), (0.069285, 0.298168, -0.951995, 0.000000), (0.176911, 1.491956, -0.090643, 1.000000))
WARNING: Offset Matrix (Inverse Bind Pose):
mat4x4((0.001501, 0.997443, 0.071445, 0.000000), (0.954292, -0.022782, 0.298008, 0.000000), (0.298874, 0.067732, -0.951886, 0.000000), (-1.396935, -0.136329, -0.543537, 1.000000))
WARNING: Global Inverse Transform:
mat4x4((1.000000, -0.000000, 0.000000, -0.000000), (-0.000000, 1.000000, -0.000000, 0.000000), (0.000000, -0.000000, 1.000000, -0.000000), (-0.000000, 0.000000, -0.000000, 1.000000))
WARNING: Resulting Final Transform:
mat4x4((0.999992, 0.003788, -0.001083, 0.000000), (-0.003788, 0.999993, -0.000109, 0.000000), (0.001082, 0.000114, 0.999999, 0.000000), (0.005752, -0.000649, 0.000355, 1.000000))
INFO: Decomposed transform for DEF-upper_arm.L: Translation(0.00575155, -0.000648975, 0.000355013), Scale(1, 1, 1)
INFO: DEBUG: After Storing Bone DEF-upper_arm.L
INFO: Applied globalInverse * global * offset for bone: DEF-upper_arm.L
WARNING: DEBUG: Final (GlobalInverse * Global * Offset) Transform for bone [DEF-upper_arm.L.001]:
mat4x4((0.999992, 0.003791, -0.001081, 0.000000), (-0.003791, 0.999993, -0.000039, 0.000000), (0.001081, 0.000043, 0.999999, 0.000000), (0.005755, -0.000655, 0.000250, 1.000000))
INFO: DEBUG: After Storing Bone DEF-upper_arm.L.001
INFO: Applied globalInverse * global * offset for bone: DEF-upper_arm.L.001
WARNING: DEBUG: Final (GlobalInverse * Global * Offset) Transform for bone [DEF-upper_arm.R]:
mat4x4((0.999992, -0.003786, 0.001083, 0.000000), (0.003787, 0.999993, -0.000109, 0.000000), (-0.001083, 0.000113, 0.999999, 0.000000), (-0.005749, -0.000649, 0.000355, 1.000000))
INFO: DEBUG: After Storing Bone DEF-upper_arm.R
INFO: Applied globalInverse * global * offset for bone: DEF-upper_arm.R
WARNING: DEBUG: Final (GlobalInverse * Global * Offset) Transform for bone [DEF-upper_arm.R.001]:
mat4x4((0.999992, -0.003795, 0.001080, 0.000000), (0.003794, 0.999993, -0.000040, 0.000000), (-0.001080, 0.000044, 0.999999, 0.000000), (-0.005760, -0.000657, 0.000251, 1.000000))
INFO: DEBUG: After Storing Bone DEF-upper_arm.R.001
INFO: Applied globalInverse * global * offset for bone: DEF-upper_arm.R.001
WARNING: DEBUG: Final (GlobalInverse * Global * Offset) Transform for bone [root]:
mat4x4((1.000000, 0.000000, 0.000000, 0.000000), (0.000000, 1.000000, 0.000000, 0.000000), (0.000000, 0.000000, 1.000000, 0.000000), (0.000000, 0.000000, 0.000000, 1.000000))
INFO: DEBUG: After Storing Bone root
INFO: Applied globalInverse * global * offset for bone: root
INFO: DEBUG: Max Vertex Attributes: 32
INFO: Model matrix explicitly logged: mat4x4((1.000000, 0.000000, 0.000000, 0.000000), (0.000000, 1.000000, 0.000000, 0.000000), (0.000000, 0.000000, 1.000000, 0.000000), (0.000000, 0.000000, 0.000000, 1.000000))
INFO: View matrix explicitly logged: mat4x4((1.000000, 0.000000, 0.000000, 0.000000), (0.000000, 1.000000, -0.000000, 0.000000), (-0.000000, 0.000000, 1.000000, 0.000000), (0.000000, -0.940108, -7.401939, 1.000000))
INFO: Projection matrix explicitly logged: mat4x4((1.810660, 0.000000, 0.000000, 0.000000), (0.000000, 2.414213, 0.000000, 0.000000), (0.000000, 0.000000, -1.002002, -1.000000), (0.000000, 0.000000, -0.200200, 0.000000))
INFO: Bone [DEF-spine] FINAL TRANSFORM:
INFO: mat4x4((1.000000, 0.000000, 0.000000, 0.000000), (0.000000, 1.000000, 0.000000, 0.000000), (0.000000, -0.000000, 1.000000, 0.000000), (0.000000, 0.000000, -0.000000, 1.000000))
INFO: Bone: DEF-spine Scale: vec3(1.000000, 1.000000, 1.000000) Translation: vec3(0.000000, 0.000000, -0.000000) Skew: vec3(0.000000, 0.000000, 0.000000)
INFO: Decomposed transform for DEF-spine: Translation(0, 0, -1.11759e-07), Scale(1, 1, 1)
INFO: Bone [DEF-spine.001] FINAL TRANSFORM:
INFO: mat4x4((1.000000, 0.000000, 0.000000, 0.000000), (0.000000, 1.000000, 0.000000, 0.000000), (0.000000, -0.000000, 1.000000, 0.000000), (0.000000, -0.000000, -0.000000, 1.000000))
INFO: Bone: DEF-spine.001 Scale: vec3(1.000000, 1.000000, 1.000000) Translation: vec3(0.000000, -0.000000, -0.000000) Skew: vec3(0.000000, 0.000000, 0.000000)
INFO: Decomposed transform for DEF-spine.001: Translation(0, -2.38419e-07, -1.71363e-07), Scale(1, 1, 1)
INFO: Bone [DEF-spine.002] FINAL TRANSFORM:
INFO: mat4x4((1.000000, 0.000000, 0.000000, 0.000000), (0.000000, 1.000000, 0.000000, 0.000000), (0.000000, 0.000000, 1.000000, 0.000000), (0.000000, -0.000000, -0.000000, 1.000000))
INFO: Bone: DEF-spine.002 Scale: vec3(1.000000, 1.000000, 1.000000) Translation: vec3(0.000000, -0.000000, -0.000000) Skew: vec3(0.000000, 0.000000, 0.000000)
INFO: Decomposed transform for DEF-spine.002: Translation(0, -1.19209e-07, -2.23517e-08), Scale(1, 1, 1)
INFO: Bone [DEF-spine.003] FINAL TRANSFORM:
