8, -0.991379, 0.000000), (0.111550, 0.136624, -0.263964, 1.000000))
INFO: Bone: DEF-spine.002 Scale: vec3(1.000000, 1.000000, 1.000000) Translation: vec3(0.111550, 0.136624, -0.263964) Skew: vec3(-0.000000, -0.000000, 0.000000)
INFO: Decomposed transform for DEF-spine.002: Translation(0.11155, 0.136624, -0.263964), Scale(1, 1, 1)
INFO: Bone [DEF-spine.003] FINAL TRANSFORM:
INFO: mat4x4((0.550066, -0.832843, -0.061638, 0.000000), (-0.832711, -0.541380, -0.116188, 0.000000), (0.063397, 0.115238, -0.991313, 0.000000), (0.116739, 0.162425, -0.262694, 1.000000))
INFO: Bone: DEF-spine.003 Scale: vec3(1.000000, 1.000000, 1.000000) Translation: vec3(0.116739, 0.162425, -0.262694) Skew: vec3(-0.000000, -0.000000, 0.000000)
INFO: Decomposed transform for DEF-spine.003: Translation(0.116739, 0.162425, -0.262694), Scale(1, 1, 1)
INFO: Bone [DEF-spine.004] FINAL TRANSFORM:
INFO: mat4x4((0.986079, -0.166262, 0.002186, 0.000000), (-0.166190, -0.985905, -0.019273, 0.000000), (0.005360, 0.018642, -0.999812, 0.000000), (0.117944, -0.033316, -0.262605, 1.000000))
INFO: Bone: DEF-spine.004 Scale: vec3(1.000000, 1.000000, 1.000000) Translation: vec3(0.117944, -0.033316, -0.262605) Skew: vec3(-0.000000, 0.000000, -0.000000)
INFO: Decomposed transform for DEF-spine.004: Translation(0.117944, -0.0333156, -0.262605), Scale(1, 1, 1)
INFO: Bone [DEF-spine.005] FINAL TRANSFORM:
INFO: mat4x4((0.999117, -0.028099, 0.031229, 0.000000), (-0.027579, -0.999476, -0.016939, 0.000000), (0.031689, 0.016063, -0.999368, 0.000000), (0.172001, -0.038610, -0.261696, 1.000000))
INFO: Bone: DEF-spine.005 Scale: vec3(1.000000, 1.000000, 1.000000) Translation: vec3(0.172001, -0.038610, -0.261696) Skew: vec3(-0.000000, 0.000000, -0.000000)
INFO: Decomposed transform for DEF-spine.005: Translation(0.172001, -0.0386095, -0.261696), Scale(1, 1, 1)
INFO: Bone [DEF-spine.006] FINAL TRANSFORM:
INFO: mat4x4((0.997077, 0.052175, -0.055821, 0.000000), (0.024794, -0.911965, -0.409518, 0.000000), (-0.072274, 0.406937, -0.910593, 0.000000), (0.016255, 0.574326, -0.162172, 1.000000))
INFO: Bone: DEF-spine.006 Scale: vec3(1.000000, 1.000000, 1.000000) Translation: vec3(0.016255, 0.574326, -0.162172) Skew: vec3(-0.000000, 0.000000, -0.000000)
INFO: Decomposed transform for DEF-spine.006: Translation(0.0162549, 0.574326, -0.162172), Scale(1, 1, 1)
INFO: Bone [DEF-shoulder.L] FINAL TRANSFORM:
INFO: mat4x4((0.986079, -0.166262, 0.002186, 0.000000), (-0.166190, -0.985906, -0.019274, 0.000000), (0.005360, 0.018642, -0.999812, 0.000000), (0.117944, -0.033315, -0.262606, 1.000000))
INFO: Bone: DEF-shoulder.L Scale: vec3(1.000000, 1.000000, 1.000000) Translation: vec3(0.117944, -0.033315, -0.262606) Skew: vec3(-0.000000, 0.000000, -0.000000)
INFO: Decomposed transform for DEF-shoulder.L: Translation(0.117944, -0.0333153, -0.262606), Scale(1, 1, 1)
INFO: Bone [DEF-upper_arm.L] FINAL TRANSFORM:
INFO: mat4x4((0.185661, -0.564305, 0.802475, 0.000000), (-0.718740, -0.634445, -0.280176, 0.000000), (0.669845, -0.525344, -0.523862, 0.000000), (1.037553, -0.784672, 0.198370, 1.000000))
INFO: Bone: DEF-upper_arm.L Scale: vec3(0.998437, 0.998802, 0.999554) Translation: vec3(1.037553, -0.784672, 0.198370) Skew: vec3(-0.001371, 0.000432, -0.000256)
INFO: Decomposed transform for DEF-upper_arm.L: Translation(1.03755, -0.784672, 0.19837), Scale(0.998437, 0.998802, 0.999554)
INFO: Bone [DEF-upper_arm.L.001] FINAL TRANSFORM:
INFO: mat4x4((0.455092, -0.281227, 0.843201, 0.000000), (-0.731033, -0.658127, 0.174271, 0.000000), (0.508164, -0.696223, -0.505508, 0.000000), (0.762482, -1.076580, 0.279922, 1.000000))
INFO: Bone: DEF-upper_arm.L.001 Scale: vec3(0.998592, 0.998955, 0.999247) Translation: vec3(0.762482, -1.076580, 0.279922) Skew: vec3(-0.001378, 0.000815, -0.000661)
INFO: Decomposed transform for DEF-upper_arm.L.001: Translation(0.762482, -1.07658, 0.279922), Scale(0.998592, 0.998955, 0.999247)
INFO: Bone [DEF-forearm.L] FINAL TRANSFORM:
INFO: mat4x4((0.532417, -0.465552, 0.705409, 0.000000), (-0.767223, 0.089925, 0.635624, 0.000000), (-0.359663, -0.879537, -0.309282, 0.000000), (-0.273847, -1.109903, 0.625531, 1.000000))
INFO: Bone: DEF-forearm.L Scale: vec3(0.998903, 1.000365, 0.999299) Translation: vec3(-0.273847, -1.109903, 0.625531) Skew: vec3(0.000263, -0.000191, -0.001974)
INFO: Decomposed transform for DEF-forearm.L: Translation(-0.273847, -1.1099, 0.625531), Scale(0.998903, 1.00037, 0.999299)
INFO: Bone [DEF-forearm.L.001] FINAL TRANSFORM:
INFO: mat4x4((0.244946, -0.383947, 0.888522, 0.000000), (-0.945740, 0.111112, 0.308079, 0.000000), (-0.216872, -0.915778, -0.335990, 0.000000), (-0.045680, -1.174448, 0.483560, 1.000000))
INFO: Bone: DEF-forearm.L.001 Scale: vec3(0.998442, 1.000841, 0.999286) Translation: vec3(-0.045680, -1.174448, 0.483560) Skew: vec3(-0.000161, -0.000047, -0.000581)
INFO: Decomposed transform for DEF-forearm.L.001: Translation(-0.0456805, -1.17445, 0.48356), Scale(0.998442, 1.00084, 0.999286)
INFO: Bone [DEF-hand.L] FINAL TRANSFORM:
INFO: mat4x4((-0.129193, -0.281191, 0.949409, 0.000000), (-0.969767, 0.239424, -0.059693, 0.000000), (-0.210393, -0.928447, -0.303787, 0.000000), (0.108016, -1.211094, 0.441555, 1.000000))
INFO: Bone: DEF-hand.L Scale: vec3(0.998567, 1.000666, 0.999282) Translation: vec3(0.108016, -1.211094, 0.441555) Skew: vec3(-0.000126, -0.000166, 0.001292)
INFO: Decomposed transform for DEF-hand.L: Translation(0.108016, -1.21109, 0.441555), Scale(0.998567, 1.00067, 0.999282)
INFO: Bone [DEF-shoulder.R] FINAL TRANSFORM:
INFO: mat4x4((0.986079, -0.166262, 0.002186, 0.000000), (-0.166190, -0.985906, -0.019274, 0.000000), (0.005360, 0.018642, -0.999812, 0.000000), (0.117944, -0.033315, -0.262606, 1.000000))
INFO: Bone: DEF-shoulder.R Scale: vec3(1.000000, 1.000000, 1.000000) Translation: vec3(0.117944, -0.033315, -0.262606) Skew: vec3(-0.000000, -0.000000, -0.000000)
INFO: Decomposed transform for DEF-shoulder.R: Translation(0.117944, -0.0333153, -0.262606), Scale(1, 1, 1)
INFO: Bone [DEF-upper_arm.R] FINAL TRANSFORM:
INFO: mat4x4((0.977742, 0.089249, 0.043554, 0.000000), (0.073063, -0.814583, 0.551930, 0.000000), (0.072707, -0.529982, -0.817093, 0.000000), (0.227601, -0.648056, 0.090546, 1.000000))
INFO: Bone: DEF-upper_arm.R Scale: vec3(0.982772, 0.986394, 0.976459) Translation: vec3(0.227601, -0.648056, 0.090546) Skew: vec3(-0.014196, -0.012296, 0.023495)
INFO: Decomposed transform for DEF-upper_arm.R: Translation(0.227601, -0.648056, 0.0905458), Scale(0.982772, 0.986394, 0.976459)
INFO: Bone [DEF-upper_arm.R.001] FINAL TRANSFORM:
INFO: mat4x4((0.976828, -0.050896, 0.128498, 0.000000), (-0.096132, -0.761283, 0.615885, 0.000000), (0.056296, -0.608481, -0.760486, 0.000000), (0.181024, -0.775025, 0.193478, 1.000000))
INFO: Bone: DEF-upper_arm.R.001 Scale: vec3(0.986557, 0.983624, 0.975452) Translation: vec3(0.181024, -0.775025, 0.193478) Skew: vec3(-0.010701, -0.012221, 0.024713)
INFO: Decomposed transform for DEF-upper_arm.R.001: Translation(0.181024, -0.775025, 0.193478), Scale(0.986557, 0.983624, 0.975452)
INFO: Bone [DEF-forearm.R] FINAL TRANSFORM:
INFO: mat4x4((0.721635, 0.509901, -0.409896, 0.000000), (-0.179959, 0.746094, 0.604225, 0.000000), (0.644235, -0.379989, 0.669704, 0.000000), (0.767845, -0.088939, 1.678126, 1.000000))
INFO: Bone: DEF-forearm.R Scale: vec3(0.974049, 0.976790, 1.003939) Translation: vec3(0.767845, -0.088939, 1.678126) Skew: vec3(0.005322, -0.003440, 0.003048)
INFO: Decomposed transform for DEF-forearm.R: Translation(0.767845, -0.088939, 1.67813), Scale(0.974049, 0.97679, 1.00394)
INFO: Bone [DEF-forearm.R.001] FINAL TRANSFORM:
INFO: mat4x4((0.757653, 0.242319, -0.560905, 0.000000), (0.136457, 0.808987, 0.533100, 0.000000), (0.612798, -0.497865, 0.618705, 0.000000), (0.793849, -0.300532, 1.559529, 1.000000))
INFO: Bone: DEF-forearm.R.001 Scale: vec3(0.973330, 0.978404, 1.003024) Translation: vec3(0.793849, -0.300532, 1.559529) Skew: vec3(0.010890, -0.003471, 0.000421)
INFO: Decomposed transform for DEF-forearm.R.001: Translation(0.793849, -0.300532, 1.55953), Scale(0.97333, 0.978404, 1.00302)
INFO: Bone [DEF-hand.R] FINAL TRANSFORM:
INFO: mat4x4((0.885559, -0.277644, -0.309123, 0.000000), (0.367580, 0.863235, 0.274826, 0.000000), (0.221544, -0.372995, 0.900402, 0.000000), (0.503662, -0.384145, 1.894934, 1.000000))
INFO: Bone: DEF-hand.R Scale: vec3(0.978191, 0.977659, 0.999201) Translation: vec3(0.503662, -0.384145, 1.894934) Skew: vec3(0.007050, 0.021910, 0.000927)
INFO: Decomposed transform for DEF-hand.R: Translation(0.503662, -0.384145, 1.89493), Scale(0.978191, 0.977659, 0.999201)
INFO: Bone [DEF-breast.L] FINAL TRANSFORM:
INFO: mat4x4((0.550066, -0.832843, -0.061638, 0.000000), (-0.832711, -0.541380, -0.116188, 0.000000), (0.063397, 0.115238, -0.991313, 0.000000), (0.116739, 0.162424, -0.262694, 1.000000))
INFO: Bone: DEF-breast.L Scale: vec3(1.000000, 1.000000, 1.000000) Translation: vec3(0.116739, 0.162424, -0.262694) Skew: vec3(-0.000000, -0.000000, 0.000000)
INFO: Decomposed transform for DEF-breast.L: Translation(0.116739, 0.162424, -0.262694), Scale(1, 1, 1)
INFO: Bone [DEF-breast.R] FINAL TRANSFORM:
INFO: mat4x4((0.550066, -0.832843, -0.061638, 0.000000), (-0.832711, -0.541380, -0.116188, 0.000000), (0.063397, 0.115238, -0.991313, 0.000000), (0.116739, 0.162424, -0.262694, 1.000000))
INFO: Bone: DEF-breast.R Scale: vec3(1.000000, 1.000000, 1.000000) Translation: vec3(0.116739, 0.162424, -0.262694) Skew: vec3(-0.000000, -0.000000, 0.000000)
INFO: Decomposed transform for DEF-breast.R: Translation(0.116739, 0.162424, -0.262694), Scale(1, 1, 1)
INFO: Bone [DEF-pelvis.L] FINAL TRANSFORM:
INFO: mat4x4((0.971186, -0.234008, -0.045128, 0.000000), (-0.237750, -0.964424, -0.115585, 0.000000), (-0.016474, 0.122984, -0.992271, 0.000000), (0.092230, 0.121752, -0.263759, 1.000000))
INFO: Bone: DEF-pelvis.L Scale: vec3(1.000000, 1.000000, 1.000000) Translation: vec3(0.092230, 0.121752, -0.263759) Skew: vec3(-0.000000, 0.000000, -0.000000)
INFO: Decomposed transform for DEF-pelvis.L: Translation(0.09223, 0.121752, -0.263759), Scale(1, 1, 1)
INFO: Bone [DEF-thigh.L] FINAL TRANSFORM:
INFO: mat4x4((0.924422, -0.044786, 0.360279, 0.000000), (-0.310311, -0.597823, 0.730746, 0.000000), (0.187211, -0.798999, -0.565721, 0.000000), (0.277681, -0.710913, 0.210097, 1.000000))
INFO: Bone: DEF-thigh.L Scale: vec3(0.993158, 0.993813, 0.996706) Translation: vec3(0.277681, -0.710913, 0.210097) Skew: vec3(0.006210, 0.005080, 0.003230)
INFO: Decomposed transform for DEF-thigh.L: Translation(0.277681, -0.710913, 0.210097), Scale(0.993158, 0.993813, 0.996706)
INFO: Bone [DEF-thigh.L.001] FINAL TRANSFORM:
INFO: mat4x4((0.936609, -0.021993, 0.329249, 0.000000), (-0.273024, -0.597016, 0.746275, 0.000000), (0.184714, -0.800553, -0.564357, 0.000000), (0.279092, -0.714186, 0.215979, 1.000000))
INFO: Bone: DEF-thigh.L.001 Scale: vec3(0.993038, 0.993925, 0.996714) Translation: vec3(0.279092, -0.714186, 0.215979) Skew: vec3(0.006390, 0.004846, 0.003165)
INFO: Decomposed transform for DEF-thigh.L.001: Translation(0.279092, -0.714186, 0.215979), Scale(0.993038, 0.993925, 0.996714)
INFO: Bone [DEF-shin.L] FINAL TRANSFORM:
INFO: mat4x4((0.983079, 0.060831, 0.122794, 0.000000), (0.061160, -0.995826, 0.040892, 0.000000), (0.124587, -0.032926, -0.982767, 0.000000), (0.280711, -0.396195, -0.038146, 1.000000))
INFO: Bone: DEF-shin.L Scale: vec3(0.992585, 0.998529, 0.991179) Translation: vec3(0.280711, -0.396195, -0.038146) Skew: vec3(0.000224, -0.000205, 0.004610)
INFO: Decomposed transform for DEF-shin.L: Translation(0.280711, -0.396195, -0.0381462), Scale(0.992585, 0.998529, 0.991179)
INFO: Bone [DEF-shin.L.001] FINAL TRANSFORM:
INFO: mat4x4((0.983098, 0.060555, 0.122788, 0.000000), (0.060891, -0.995843, 0.040837, 0.000000), (0.124568, -0.032905, -0.982770, 0.000000), (0.280670, -0.396155, -0.038153, 1.000000))
INFO: Bone: DEF-shin.L.001 Scale: vec3(0.992586, 0.998528, 0.991179) Translation: vec3(0.280670, -0.396155, -0.038153) Skew: vec3(0.000224, -0.000205, 0.004613)
INFO: Decomposed transform for DEF-shin.L.001: Translation(0.28067, -0.396155, -0.0381528), Scale(0.992586, 0.998528, 0.991179)
INFO: Bone [DEF-foot.L] FINAL TRANSFORM:
INFO: mat4x4((0.992955, -0.010096, 0.005966, 0.000000), (-0.006618, -1.001112, 0.048003, 0.000000), (0.005328, -0.047583, -0.994259, 0.000000), (0.259972, -0.387796, -0.021131, 1.000000))
INFO: Bone: DEF-foot.L Scale: vec3(0.993024, 1.002277, 0.995412) Translation: vec3(0.259972, -0.387796, -0.021131) Skew: vec3(-0.000126, -0.000163, 0.003840)
INFO: Decomposed transform for DEF-foot.L: Translation(0.259972, -0.387796, -0.0211308), Scale(0.993024, 1.00228, 0.995412)
INFO: Bone [DEF-toe.L] FINAL TRANSFORM:
INFO: mat4x4((0.992955, -0.010050, 0.005992, 0.000000), (-0.006574, -1.001116, 0.047930, 0.000000), (0.005356, -0.047509, -0.994263, 0.000000), (0.259975, -0.387800, -0.021137, 1.000000))
INFO: Bone: DEF-toe.L Scale: vec3(0.993024, 1.002277, 0.995412) Translation: vec3(0.259975, -0.387800, -0.021137) Skew: vec3(-0.000127, -0.000164, 0.003839)
INFO: Decomposed transform for DEF-toe.L: Translation(0.259975, -0.3878, -0.0211373), Scale(0.993024, 1.00228, 0.995412)
INFO: Bone [DEF-pelvis.R] FINAL TRANSFORM:
INFO: mat4x4((0.971187, -0.234008, -0.045128, 0.000000), (-0.237750, -0.964425, -0.115586, 0.000000), (-0.016474, 0.122984, -0.992272, 0.000000), (0.092230, 0.121752, -0.263759, 1.000000))
INFO: Bone: DEF-pelvis.R Scale: vec3(1.000000, 1.000000, 1.000000) Translation: vec3(0.092230, 0.121752, -0.263759) Skew: vec3(0.000000, 0.000000, -0.000000)
INFO: Decomposed transform for DEF-pelvis.R: Translation(0.0922302, 0.121752, -0.263759), Scale(1, 1, 1)
INFO: Bone [DEF-thigh.R] FINAL TRANSFORM:
INFO: mat4x4((0.887420, -0.223060, -0.346079, 0.000000), (-0.158742, -0.940398, 0.248072, 0.000000), (-0.403764, -0.185179, -0.875200, 0.000000), (-0.267509, -0.162927, -0.132854, 1.000000))
INFO: Bone: DEF-thigh.R Scale: vec3(0.978285, 0.985285, 0.981140) Translation: vec3(-0.267509, -0.162927, -0.132854) Skew: vec3(0.021592, -0.014705, -0.017593)
INFO: Decomposed transform for DEF-thigh.R: Translation(-0.267509, -0.162927, -0.132854), Scale(0.978285, 0.985285, 0.98114)
INFO: Bone [DEF-thigh.R.001] FINAL TRANSFORM:
INFO: mat4x4((0.898375, -0.099676, -0.380089, 0.000000), (-0.045519, -0.963071, 0.192974, 0.000000), (-0.408154, -0.175937, -0.874973, 0.000000), (-0.256192, -0.146780, -0.142566, 1.000000))
INFO: Bone: DEF-thigh.R.001 Scale: vec3(0.980551, 0.983093, 0.981055) Translation: vec3(-0.256192, -0.146780, -0.142566) Skew: vec3(0.019552, -0.017226, -0.018927)
INFO: Decomposed transform for DEF-thigh.R.001: Translation(-0.256192, -0.14678, -0.142566), Scale(0.980551, 0.983093, 0.981055)
INFO: Bone [DEF-shin.R] FINAL TRANSFORM:
INFO: mat4x4((0.909796, -0.125442, -0.343368, 0.000000), (-0.360571, -0.654628, -0.648319, 0.000000), (-0.132928, 0.722749, -0.638426, 0.000000), (-0.155981, 0.317065, -0.114731, 1.000000))
INFO: Bone: DEF-shin.R Scale: vec3(0.980492, 0.989091, 0.973364) Translation: vec3(-0.155981, 0.317065, -0.114731) Skew: vec3(-0.011544, 0.007978, -0.024042)
INFO: Decomposed transform for DEF-shin.R: Translation(-0.155981, 0.317065, -0.114731), Scale(0.980492, 0.989091, 0.973364)
INFO: Bone [DEF-shin.R.001] FINAL TRANSFORM:
INFO: mat4x4((0.951236, -0.042449, -0.247178, 0.000000), (-0.235904, -0.658111, -0.695228, 0.000000), (-0.122097, 0.729196, -0.633535, 0.000000), (-0.132599, 0.329304, -0.106404, 1.000000))
INFO: Bone: DEF-shin.R.001 Scale: vec3(0.983743, 0.985635, 0.973548) Translation: vec3(-0.132599, 0.329304, -0.106404) Skew: vec3(-0.010834, 0.009919, -0.025391)
INFO: Decomposed transform for DEF-shin.R.001: Translation(-0.132599, 0.329304, -0.106404), Scale(0.983743, 0.985635, 0.973548)
INFO: Bone [DEF-foot.R] FINAL TRANSFORM:
INFO: mat4x4((0.984241, 0.109809, 0.016074, 0.000000), (0.087297, -0.981848, -0.123017, 0.000000), (-0.003807, 0.118630, -0.976753, 0.000000), (-0.075004, 0.255845, -0.022630, 1.000000))
INFO: Bone: DEF-foot.R Scale: vec3(0.990478, 0.993075, 0.983911) Translation: vec3(-0.075004, 0.255845, -0.022630) Skew: vec3(0.003267, -0.006588, -0.024269)
INFO: Decomposed transform for DEF-foot.R: Translation(-0.0750042, 0.255845, -0.0226304), Scale(0.990478, 0.993075, 0.983911)
INFO: Bone [DEF-toe.R] FINAL TRANSFORM:
INFO: mat4x4((0.987619, 0.090320, 0.000787, 0.000000), (0.066413, -0.986697, -0.099694, 0.000000), (-0.015062, 0.094830, -0.981131, 0.000000), (-0.075604, 0.252143, -0.024122, 1.000000))
INFO: Bone: DEF-toe.R Scale: vec3(0.991741, 0.993657, 0.985788) Translation: vec3(-0.075604, 0.252143, -0.024122) Skew: vec3(0.003138, -0.007245, -0.023954)
INFO: Decomposed transform for DEF-toe.R: Translation(-0.075604, 0.252143, -0.0241224), Scale(0.991741, 0.993657, 0.985788)
INFO: DEBUG: Max Vertex Attributes: 32
INFO: Drawing mesh with VAO: 1
INFO: Drawing mesh with VAO: 2
INFO: DEBUG: Depth testing and blending enabled.
INFO: Applied animation frame at t=0.428469
INFO: DEBUG: After Storing Bone DEF-breast.L
INFO: DEBUG: After Storing Bone DEF-breast.R
INFO: DEBUG: After Storing Bone DEF-foot.L
INFO: DEBUG: After Storing Bone DEF-foot.R
INFO: DEBUG: After Storing Bone DEF-forearm.L
INFO: DEBUG: After Storing Bone DEF-forearm.L.001
INFO: DEBUG: After Storing Bone DEF-forearm.R
INFO: DEBUG: After Storing Bone DEF-forearm.R.001
INFO: DEBUG: After Storing Bone DEF-hand.L
INFO: DEBUG: After Storing Bone DEF-hand.R
INFO: DEBUG: After Storing Bone DEF-pelvis.L
INFO: DEBUG: After Storing Bone DEF-pelvis.R
INFO: DEBUG: After Storing Bone DEF-shin.L
INFO: DEBUG: After Storing Bone DEF-shin.L.001
INFO: DEBUG: After Storing Bone DEF-shin.R
INFO: DEBUG: After Storing Bone DEF-shin.R.001
INFO: DEBUG: After Storing Bone DEF-shoulder.L
INFO: DEBUG: After Storing Bone DEF-shoulder.R
INFO: DEBUG: After Storing Bone DEF-spine
INFO: DEBUG: After Storing Bone DEF-spine.001
INFO: DEBUG: After Storing Bone DEF-spine.002
INFO: DEBUG: After Storing Bone DEF-spine.003
INFO: DEBUG: After Storing Bone DEF-spine.004
INFO: DEBUG: After Storing Bone DEF-spine.005
INFO: DEBUG: After Storing Bone DEF-spine.006
INFO: DEBUG: After Storing Bone DEF-thigh.L
INFO: DEBUG: After Storing Bone DEF-thigh.L.001
INFO: DEBUG: After Storing Bone DEF-thigh.R
INFO: DEBUG: After Storing Bone DEF-thigh.R.001
INFO: DEBUG: After Storing Bone DEF-toe.L
INFO: DEBUG: After Storing Bone DEF-toe.R
INFO: DEBUG: After Storing Bone DEF-upper_arm.L
INFO: DEBUG: After Storing Bone DEF-upper_arm.L.001
INFO: DEBUG: After Storing Bone DEF-upper_arm.R
INFO: DEBUG: After Storing Bone DEF-upper_arm.R.001
INFO: DEBUG: After Storing Bone root
INFO: DEBUG: Animation time = 0.019843
INFO: DEBUG: Max Vertex Attributes: 32
INFO: Bone [DEF-spine] FINAL TRANSFORM:
INFO: mat4x4((0.959842, -0.276136, -0.049518, 0.000000), (-0.280122, -0.953007, -0.115372, 0.000000), (-0.015332, 0.124610, -0.992088, 0.000000), (0.087003, 0.124992, -0.263561, 1.000000))
INFO: Bone: DEF-spine Scale: vec3(1.000000, 1.000000, 1.000000) Translation: vec3(0.087003, 0.124992, -0.263561) Skew: vec3(-0.000000, -0.000000, 0.000000)
INFO: Decomposed transform for DEF-spine: Translation(0.0870033, 0.124992, -0.263561), Scale(1, 1, 1)
INFO: Bone [DEF-spine.001] FINAL TRANSFORM:
INFO: mat4x4((0.959842, -0.276136, -0.049517, 0.000000), (-0.280122, -0.953007, -0.115372, 0.000000), (-0.015332, 0.124610, -0.992088, 0.000000), (0.087004, 0.124992, -0.263561, 1.000000))
INFO: Bone: DEF-spine.001 Scale: vec3(1.000000, 1.000000, 1.000000) Translation: vec3(0.087004, 0.124992, -0.263561) Skew: vec3(-0.000000, -0.000000, 0.000000)
INFO: Decomposed transform for DEF-spine.001: Translation(0.0870039, 0.124992, -0.263561), Scale(1, 1, 1)
INFO: Bone [DEF-spine.002] FINAL TRANSFORM:
INFO: mat4x4((0.886646, -0.460679, -0.040423, 0.000000), (-0.461875, -0.877801, -0.127037, 0.000000), (0.023040, 0.131308, -0.991074, 0.000000), (0.108826, 0.141398, -0.263794, 1.000000))
INFO: Bone: DEF-spine.002 Scale: vec3(1.000000, 1.000000, 1.000000) Translation: vec3(0.108826, 0.141398, -0.263794) Skew: vec3(-0.000000, -0.000000, 0.000000)
INFO: Decomposed transform for DEF-spine.002: Translation(0.108826, 0.141398, -0.263794), Scale(1, 1, 1)
INFO: Bone [DEF-spine.003] FINAL TRANSFORM:
INFO: mat4x4((0.477481, -0.876066, -0.067239, 0.000000), (-0.875866, -0.468498, -0.115624, 0.000000), (0.069792, 0.114101, -0.991015, 0.000000), (0.117720, 0.169606, -0.262320, 1.000000))
INFO: Bone: DEF-spine.003 Scale: vec3(1.000000, 1.000000, 1.000000) Translation: vec3(0.117720, 0.169606, -0.262320) Skew: vec3(-0.000000, -0.000000, 0.000000)
INFO: Decomposed transform for DEF-spine.003: Translation(0.11772, 0.169606, -0.26232), Scale(1, 1, 1)
INFO: Bone [DEF-spine.004] FINAL TRANSFORM:
INFO: mat4x4((0.983933, -0.178536, 0.001126, 0.000000), (-0.178519, -0.983898, -0.008807, 0.000000), (0.002680, 0.008464, -0.999961, 0.000000), (0.109773, -0.048178, -0.261615, 1.000000))
INFO: Bone: DEF-spine.004 Scale: vec3(1.000000, 1.000000, 1.000000) Translation: vec3(0.109773, -0.048178, -0.261615) Skew: vec3(-0.000000, -0.000000, 0.000000)
INFO: Decomposed transform for DEF-spine.004: Translation(0.109773, -0.0481776, -0.261615), Scale(1, 1, 1)
INFO: Bone [DEF-spine.005] FINAL TRANSFORM:
INFO: mat4x4((0.998776, -0.040259, 0.028729, 0.000000), (-0.040082, -0.999174, -0.006721, 0.000000), (0.028976, 0.005562, -0.999565, 0.000000), (0.163762, -0.054137, -0.260802, 1.000000))
INFO: Bone: DEF-spine.005 Scale: vec3(1.000000, 1.000000, 1.000000) Translation: vec3(0.163762, -0.054137, -0.260802) Skew: vec3(-0.000000, -0.000000, -0.000000)
INFO: Decomposed transform for DEF-spine.005: Translation(0.163762, -0.054137, -0.260802), Scale(1, 1, 1)
INFO: Bone [DEF-spine.006] FINAL TRANSFORM:
INFO: mat4x4((0.998155, 0.008654, -0.060098, 0.000000), (-0.016804, -0.911757, -0.410388, 0.000000), (-0.058347, 0.410641, -0.909929, 0.000000), (0.030951, 0.580760, -0.161015, 1.000000))
INFO: Bone: DEF-spine.006 Scale: vec3(1.000000, 1.000000, 1.000000) Translation: vec3(0.030951, 0.580760, -0.161015) Skew: vec3(-0.000000, 0.000000, -0.000000)
INFO: Decomposed transform for DEF-spine.006: Translation(0.0309506, 0.58076, -0.161015), Scale(1, 1, 1)
INFO: Bone [DEF-shoulder.L] FINAL TRANSFORM:
INFO: mat4x4((0.983933, -0.178536, 0.001126, 0.000000), (-0.178520, -0.983898, -0.008807, 0.000000), (0.002681, 0.008465, -0.999961, 0.000000), (0.109773, -0.048177, -0.261615, 1.000000))
INFO: Bone: DEF-shoulder.L Scale: vec3(1.000000, 1.000001, 1.000001) Translation: vec3(0.109773, -0.048177, -0.261615) Skew: vec3(-0.000000, 0.000000, -0.000000)
INFO: Decomposed transform for DEF-shoulder.L: Translation(0.109773, -0.0481774, -0.261615), Scale(1, 1, 1)
INFO: Bone [DEF-upper_arm.L] FINAL TRANSFORM:
INFO: mat4x4((0.106766, -0.551955, 0.824798, 0.000000), (-0.751243, -0.587505, -0.296180, 0.000000), (0.651054, -0.588852, -0.477888, 0.000000), (1.006473, -0.877599, 0.254258, 1.000000))
INFO: Bone: DEF-upper_arm.L Scale: vec3(0.998171, 0.998624, 0.999496) Translation: vec3(1.006473, -0.877599, 0.254258) Skew: vec3(-0.001608, 0.000370, -0.000220)
INFO: Decomposed transform for DEF-upper_arm.L: Translation(1.00647, -0.877599, 0.254258), Scale(0.998171, 0.998624, 0.999496)
INFO: Bone [DEF-upper_arm.L.001] FINAL TRANSFORM:
INFO: mat4x4((0.389405, -0.293283, 0.871204, 0.000000), (-0.786257, -0.597609, 0.149456, 0.000000), (0.479375, -0.743917, -0.463744, 0.000000), (0.711952, -1.141226, 0.327704, 1.000000))
INFO: Bone: DEF-upper_arm.L.001 Scale: vec3(0.998322, 0.998836, 0.999133) Translation: vec3(0.711952, -1.141226, 0.327704) Skew: vec3(-0.001653, 0.000836, -0.000698)
INFO: Decomposed transform for DEF-upper_arm.L.001: Translation(0.711952, -1.14123, 0.327704), Scale(0.998322, 0.998836, 0.999133)
INFO: Bone [DEF-forearm.L] FINAL TRANSFORM:
INFO: mat4x4((0.538205, -0.400921, 0.739539, 0.000000), (-0.813765, -0.016912, 0.580594, 0.000000), (-0.219954, -0.914353, -0.335465, 0.000000), (-0.150401, -1.210977, 0.587737, 1.000000))
INFO: Bone: DEF-forearm.L Scale: vec3(0.998659, 0.999793, 0.998478) Translation: vec3(-0.150401, -1.210977, 0.587737) Skew: vec3(-0.000315, 0.000114, -0.001823)
INFO: Decomposed transform for DEF-forearm.L: Translation(-0.150401, -1.21098, 0.587737), Scale(0.998659, 0.999793, 0.998478)
INFO: Bone [DEF-forearm.L.001] FINAL TRANSFORM:
INFO: mat4x4((0.210184, -0.356565, 0.908334, 0.000000), (-0.975756, -0.015584, 0.219057, 0.000000), (-0.063093, -0.932568, -0.351407, 0.000000), (0.109632, -1.245983, 0.457321, 1.000000))
INFO: Bone: DEF-forearm.L.001 Scale: vec3(0.998192, 1.000164, 0.998574) Translation: vec3(0.109632, -1.245983, 0.457321) Skew: vec3(-0.000883, 0.000065, -0.000556)
INFO: Decomposed transform for DEF-forearm.L.001: Translation(0.109632, -1.24598, 0.457321), Scale(0.998192, 1.00016, 0.998574)
INFO: Bone [DEF-hand.L] FINAL TRANSFORM:
INFO: mat4x4((-0.235070, -0.347397, 0.905917, 0.000000), (-0.965940, 0.189058, -0.176829, 0.000000), (-0.109121, -0.916857, -0.380192, 0.000000), (0.246482, -1.207977, 0.379159, 1.000000))
INFO: Bone: DEF-hand.L Scale: vec3(0.998313, 1.000026, 0.998539) Translation: vec3(0.246482, -1.207977, 0.379159) Skew: vec3(-0.000707, -0.000258, 0.001195)
INFO: Decomposed transform for DEF-hand.L: Translation(0.246482, -1.20798, 0.379159), Scale(0.998313, 1.00003, 0.998539)
INFO: Bone [DEF-shoulder.R] FINAL TRANSFORM:
INFO: mat4x4((0.983933, -0.178535, 0.001126, 0.000000), (-0.178519, -0.983898, -0.008807, 0.000000), (0.002680, 0.008465, -0.999961, 0.000000), (0.109773, -0.048177, -0.261615, 1.000000))
INFO: Bone: DEF-shoulder.R Scale: vec3(1.000000, 1.000001, 1.000000) Translation: vec3(0.109773, -0.048177, -0.261615) Skew: vec3(-0.000000, -0.000000, 0.000000)
INFO: Decomposed transform for DEF-shoulder.R: Translation(0.109773, -0.0481775, -0.261615), Scale(1, 1, 1)
INFO: Bone [DEF-upper_arm.R] FINAL TRANSFORM:
INFO: mat4x4((0.977796, 0.079853, -0.011341, 0.000000), (0.097012, -0.814352, 0.546902, 0.000000), (0.020258, -0.528635, -0.819765, 0.000000), (0.155529, -0.641565, 0.076578, 1.000000))
INFO: Bone: DEF-upper_arm.R Scale: vec3(0.981117, 0.985445, 0.975424) Translation: vec3(0.155529, -0.641565, 0.076578) Skew: vec3(-0.016176, -0.013697, 0.024437)
INFO: Decomposed transform for DEF-upper_arm.R: Translation(0.155529, -0.641565, 0.0765784), Scale(0.981117, 0.985445, 0.975424)
INFO: Bone [DEF-upper_arm.R.001] FINAL TRANSFORM:
INFO: mat4x4((0.979994, -0.065635, 0.077238, 0.000000), (-0.074078, -0.756767, 0.622792, 0.000000), (0.005524, -0.609915, -0.759874, 0.000000), (0.111582, -0.772766, 0.186397, 1.000000))
INFO: Bone: DEF-upper_arm.R.001 Scale: vec3(0.985222, 0.982548, 0.974224) Translation: vec3(0.111582, -0.772766, 0.186397) Skew: vec3(-0.012271, -0.013801, 0.026009)
INFO: Decomposed transform for DEF-upper_arm.R.001: Translation(0.111582, -0.772766, 0.186397), Scale(0.985222, 0.982548, 0.974224)
INFO: Bone [DEF-forearm.R] FINAL TRANSFORM:
INFO: mat4x4((0.716698, 0.491754, -0.435492, 0.000000), (-0.128008, 0.741488, 0.620197, 0.000000), (0.661597, -0.407105, 0.635476, 0.000000), (0.779619, -0.119000, 1.640284, 1.000000))
INFO: Bone: DEF-forearm.R Scale: vec3(0.972179, 0.975104, 1.003597) Translation: vec3(0.779619, -0.119000, 1.640284) Skew: vec3(0.007742, -0.002844, 0.002949)
INFO: Decomposed transform for DEF-forearm.R: Translation(0.779619, -0.119, 1.64028), Scale(0.972179, 0.975104, 1.0036)
INFO: Bone [DEF-forearm.R.001] FINAL TRANSFORM:
INFO: mat4x4((0.737970, 0.233142, -0.587263, 0.000000), (0.177919, 0.795352, 0.538738, 0.000000), (0.625698, -0.520021, 0.585672, 0.000000), (0.794069, -0.323447, 1.521163, 1.000000))
INFO: Bone: DEF-forearm.R.001 Scale: vec3(0.971511, 0.976974, 1.002365) Translation: vec3(0.794069, -0.323447, 1.521163) Skew: vec3(0.013529, -0.003528, 0.000366)
INFO: Decomposed transform for DEF-forearm.R.001: Translation(0.794069, -0.323447, 1.52116), Scale(0.971511, 0.976974, 1.00236)
INFO: Bone [DEF-hand.R] FINAL TRANSFORM:
INFO: mat4x4((0.877223, -0.305634, -0.304372, 0.000000), (0.386242, 0.862628, 0.242584, 0.000000), (0.222127, -0.346845, 0.909388, 0.000000), (0.493762, -0.367013, 1.904087, 1.000000))
INFO: Bone: DEF-hand.R Scale: vec3(0.977535, 0.975785, 0.997982) Translation: vec3(0.493762, -0.367013, 1.904087) Skew: vec3(0.007359, 0.024673, 0.001402)
INFO: Decomposed transform for DEF-hand.R: Translation(0.493762, -0.367013, 1.90409), Scale(0.977535, 0.975785, 0.997982)
INFO: Bone [DEF-breast.L] FINAL TRANSFORM:
INFO: mat4x4((0.477481, -0.876066, -0.067239, 0.000000), (-0.875866, -0.468498, -0.115623, 0.000000), (0.069792, 0.114100, -0.991015, 0.000000), (0.117721, 0.169606, -0.262319, 1.000000))
INFO: Bone: DEF-breast.L Scale: vec3(1.000000, 1.000000, 1.000000) Translation: vec3(0.117721, 0.169606, -0.262319) Skew: vec3(-0.000000, -0.000000, 0.000000)
INFO: Decomposed transform for DEF-breast.L: Translation(0.117721, 0.169606, -0.262319), Scale(1, 1, 1)
INFO: Bone [DEF-breast.R] FINAL TRANSFORM:
INFO: mat4x4((0.477481, -0.876066, -0.067239, 0.000000), (-0.875866, -0.468498, -0.115623, 0.000000), (0.069792, 0.114100, -0.991015, 0.000000), (0.117721, 0.169606, -0.262319, 1.000000))
INFO: Bone: DEF-breast.R Scale: vec3(1.000000, 1.000000, 1.000000) Translation: vec3(0.117721, 0.169606, -0.262319) Skew: vec3(-0.000000, -0.000000, 0.000000)
INFO: Decomposed transform for DEF-breast.R: Translation(0.117721, 0.169606, -0.262319), Scale(1, 1, 1)
INFO: Bone [DEF-pelvis.L] FINAL TRANSFORM:
INFO: mat4x4((0.959842, -0.276136, -0.049518, 0.000000), (-0.280122, -0.953006, -0.115372, 0.000000), (-0.015332, 0.124610, -0.992087, 0.000000), (0.087003, 0.124992, -0.263561, 1.000000))
INFO: Bone: DEF-pelvis.L Scale: vec3(1.000000, 1.000000, 1.000000) Translation: vec3(0.087003, 0.124992, -0.263561) Skew: vec3(-0.000000, 0.000000, -0.000000)
INFO: Decomposed transform for DEF-pelvis.L: Translation(0.0870034, 0.124992, -0.263561), Scale(1, 1, 1)
INFO: Bone [DEF-thigh.L] FINAL TRANSFORM:
INFO: mat4x4((0.911024, -0.074698, 0.389770, 0.000000), (-0.349501, -0.603742, 0.708634, 0.000000), (0.186168, -0.792624, -0.575442, 0.000000), (0.270988, -0.706475, 0.195301, 1.000000))
INFO: Bone: DEF-thigh.L Scale: vec3(0.993713, 0.994389, 0.996991) Translation: vec3(0.270988, -0.706475, 0.195301) Skew: vec3(0.005732, 0.004563, 0.002934)
INFO: Decomposed transform for DEF-thigh.L: Translation(0.270988, -0.706475, 0.195301), Scale(0.993713, 0.994389, 0.996991)
INFO: Bone [DEF-thigh.L.001] FINAL TRANSFORM:
INFO: mat4x4((0.929615, -0.042934, 0.348054, 0.000000), (-0.298723, -0.604075, 0.731404, 0.000000), (0.182634, -0.794724, -0.573694, 0.000000), (0.272616, -0.711161, 0.203371, 1.000000))
INFO: Bone: DEF-thigh.L.001 Scale: vec3(0.993563, 0.994528, 0.997002) Translation: vec3(0.272616, -0.711161, 0.203371) Skew: vec3(0.005953, 0.004264, 0.002839)
INFO: Decomposed transform for DEF-thigh.L.001: Translation(0.272616, -0.711161, 0.203371), Scale(0.993563, 0.994528, 0.997002)
INFO: Bone [DEF-shin.L] FINAL TRANSFORM:
INFO: mat4x4((0.984101, 0.040280, 0.127604, 0.000000), (0.035443, -0.995494, 0.072056, 0.000000), (0.129916, -0.067104, -0.981139, 0.000000), (0.276890, -0.411722, -0.038909, 1.000000))
INFO: Bone: DEF-shin.L Scale: vec3(0.993157, 0.998719, 0.991975) Translation: vec3(0.276890, -0.411722, -0.038909) Skew: vec3(0.000716, -0.000050, 0.004009)
INFO: Decomposed transform for DEF-shin.L: Translation(0.27689, -0.411722, -0.0389087), Scale(0.993157, 0.998719, 0.991975)
INFO: Bone [DEF-shin.L.001] FINAL TRANSFORM:
INFO: mat4x4((0.983589, 0.050853, 0.127454, 0.000000), (0.045743, -0.994954, 0.074237, 0.000000), (0.130576, -0.067919, -0.980995, 0.000000), (0.278376, -0.413268, -0.038588, 1.000000))
INFO: Bone: DEF-shin.L.001 Scale: vec3(0.993115, 0.998761, 0.991975) Translation: vec3(0.278376, -0.413268, -0.038588) Skew: vec3(0.000730, -0.000053, 0.003889)
INFO: Decomposed transform for DEF-shin.L.001: Translation(0.278376, -0.413268, -0.0385876), Scale(0.993115, 0.998761, 0.991975)
INFO: Bone [DEF-foot.L] FINAL TRANSFORM:
INFO: mat4x4((0.993381, -0.011494, 0.006493, 0.000000), (-0.008739, -1.001015, 0.043109, 0.000000), (0.005822, -0.042782, -0.994622, 0.000000), (0.258918, -0.402758, -0.026178, 1.000000))
INFO: Bone: DEF-foot.L Scale: vec3(0.993468, 1.001976, 0.995559) Translation: vec3(0.258918, -0.402758, -0.026178) Skew: vec3(-0.000102, -0.000185, 0.003118)
INFO: Decomposed transform for DEF-foot.L: Translation(0.258918, -0.402758, -0.0261779), Scale(0.993468, 1.00198, 0.995559)
INFO: Bone [DEF-toe.L] FINAL TRANSFORM:
INFO: mat4x4((0.993382, -0.011439, 0.006524, 0.000000), (-0.008686, -1.001019, 0.043036, 0.000000), (0.005856, -0.042709, -0.994626, 0.000000), (0.258921, -0.402764, -0.026185, 1.000000))
INFO: Bone: DEF-toe.L Scale: vec3(0.993469, 1.001976, 0.995559) Translation: vec3(0.258921, -0.402764, -0.026185) Skew: vec3(-0.000103, -0.000186, 0.003117)
INFO: Decomposed transform for DEF-toe.L: Translation(0.258921, -0.402764, -0.0261853), Scale(0.993469, 1.00198, 0.995559)
INFO: Bone [DEF-pelvis.R] FINAL TRANSFORM:
INFO: mat4x4((0.959842, -0.276136, -0.049517, 0.000000), (-0.280121, -0.953007, -0.115372, 0.000000), (-0.015332, 0.124610, -0.992088, 0.000000), (0.087004, 0.124991, -0.263561, 1.000000))
INFO: Bone: DEF-pelvis.R Scale: vec3(1.000000, 1.000001, 1.000000) Translation: vec3(0.087004, 0.124991, -0.263561) Skew: vec3(0.000000, 0.000000, 0.000000)
INFO: Decomposed transform for DEF-pelvis.R: Translation(0.0870036, 0.124991, -0.263561), Scale(1, 1, 1)
INFO: Bone [DEF-thigh.R] FINAL TRANSFORM:
INFO: mat4x4((0.879236, -0.264819, -0.338142, 0.000000), (-0.194094, -0.927239, 0.271059, 0.000000), (-0.409112, -0.191759, -0.871641, 0.000000), (-0.277650, -0.167120, -0.125538, 1.000000))
INFO: Bone: DEF-thigh.R Scale: vec3(0.978532, 0.985203, 0.981454) Translation: vec3(-0.277650, -0.167120, -0.125538) Skew: vec3(0.021406, -0.014772, -0.017386)
INFO: Decomposed transform for DEF-thigh.R: Translation(-0.27765, -0.16712, -0.125538), Scale(0.978532, 0.985203, 0.981454)
INFO: Bone [DEF-thigh.R.001] FINAL TRANSFORM:
INFO: mat4x4((0.895626, -0.129657, -0.378712, 0.000000), (-0.069633, -0.957581, 0.210790, 0.000000), (-0.413649, -0.181386, -0.871617, 0.000000), (-0.264573, -0.149903, -0.136655, 1.000000))
INFO: Bone: DEF-thigh.R.001 Scale: vec3(0.981010, 0.982804, 0.981364) Translation: vec3(-0.264573, -0.149903, -0.136655) Skew: vec3(0.019131, -0.017519, -0.018707)
INFO: Decomposed transform for DEF-thigh.R.001: Translation(-0.264573, -0.149903, -0.136655), Scale(0.98101, 0.982804, 0.981364)
INFO: Bone [DEF-shin.R] FINAL TRANSFORM:
INFO: mat4x4((0.907606, -0.139961, -0.345728, 0.000000), (-0.371572, -0.654423, -0.641858, 0.000000), (-0.126334, 0.719075, -0.643867, 0.000000), (-0.157054, 0.316000, -0.114715, 1.000000))
INFO: Bone: DEF-shin.R Scale: vec3(0.981257, 0.988803, 0.973361) Translation: vec3(-0.157054, 0.316000, -0.114715) Skew: vec3(-0.010583, 0.007641, -0.024466)
INFO: Decomposed transform for DEF-shin.R: Translation(-0.157054, 0.316, -0.114715), Scale(0.981257, 0.988803, 0.973361)
INFO: Bone [DEF-shin.R.001] FINAL TRANSFORM:
INFO: mat4x4((0.951422, -0.054557, -0.247652, 0.000000), (-0.243557, -0.659895, -0.690309, 0.000000), (-0.115111, 0.725596, -0.638918, 0.000000), (-0.132850, 0.328337, -0.106310, 1.000000))
INFO: Bone: DEF-shin.R.001 Scale: vec3(0.984638, 0.985228, 0.973538) Translation: vec3(-0.132850, 0.328337, -0.106310) Skew: vec3(-0.009902, 0.009518, -0.025531)
INFO: Decomposed transform for DEF-shin.R.001: Translation(-0.13285, 0.328337, -0.10631), Scale(0.984638, 0.985228, 0.973538)
INFO: Bone [DEF-foot.R] FINAL TRANSFORM:
INFO: mat4x4((0.986034, 0.101897, 0.015885, 0.000000), (0.080003, -0.981982, -0.120581, 0.000000), (-0.002706, 0.116666, -0.977090, 0.000000), (-0.075487, 0.255850, -0.022381, 1.000000))
INFO: Bone: DEF-foot.R Scale: vec3(0.991412, 0.992314, 0.984009) Translation: vec3(-0.075487, 0.255850, -0.022381) Skew: vec3(0.002959, -0.006459, -0.023471)
INFO: Decomposed transform for DEF-foot.R: Translation(-0.0754866, 0.25585, -0.0223809), Scale(0.991412, 0.992314, 0.984009)
INFO: Bone [DEF-toe.R] FINAL TRANSFORM:
INFO: mat4x4((0.989272, 0.082367, 0.000646, 0.000000), (0.059056, -0.986615, -0.097246, 0.000000), (-0.014151, 0.092967, -0.981411, 0.000000), (-0.076114, 0.252153, -0.023864, 1.000000))
INFO: Bone: DEF-toe.R Scale: vec3(0.992695, 0.992885, 0.985877) Translation: vec3(-0.076114, 0.252153, -0.023864) Skew: vec3(0.002777, -0.007128, -0.023238)
INFO: Decomposed transform for DEF-toe.R: Translation(-0.0761145, 0.252153, -0.0238639), Scale(0.992695, 0.992885, 0.985877)
INFO: DEBUG: Max Vertex Attributes: 32
INFO: Drawing mesh with VAO: 1
INFO: Drawing mesh with VAO: 2
INFO: DEBUG: Depth testing and blending enabled.
INFO: Applied animation frame at t=0.453476
INFO: DEBUG: After Storing Bone DEF-breast.L
INFO: DEBUG: After Storing Bone DEF-breast.R
INFO: DEBUG: After Storing Bone DEF-foot.L
INFO: DEBUG: After Storing Bone DEF-foot.R
INFO: DEBUG: After Storing Bone DEF-forearm.L
INFO: DEBUG: After Storing Bone DEF-forearm.L.001
INFO: DEBUG: After Storing Bone DEF-forearm.R
INFO: DEBUG: After Storing Bone DEF-forearm.R.001
INFO: DEBUG: After Storing Bone DEF-hand.L
INFO: DEBUG: After Storing Bone DEF-hand.R
INFO: DEBUG: After Storing Bone DEF-pelvis.L
INFO: DEBUG: After Storing Bone DEF-pelvis.R
INFO: DEBUG: After Storing Bone DEF-shin.L
INFO: DEBUG: After Storing Bone DEF-shin.L.001
INFO: DEBUG: After Storing Bone DEF-shin.R
INFO: DEBUG: After Storing Bone DEF-shin.R.001
INFO: DEBUG: After Storing Bone DEF-shoulder.L
INFO: DEBUG: After Storing Bone DEF-shoulder.R
INFO: DEBUG: After Storing Bone DEF-spine
INFO: DEBUG: After Storing Bone DEF-spine.001
INFO: DEBUG: After Storing Bone DEF-spine.002
INFO: DEBUG: After Storing Bone DEF-spine.003
INFO: DEBUG: After Storing Bone DEF-spine.004
INFO: DEBUG: After Storing Bone DEF-spine.005
INFO: DEBUG: After Storing Bone DEF-spine.006
INFO: DEBUG: After Storing Bone DEF-thigh.L
INFO: DEBUG: After Storing Bone DEF-thigh.L.001
INFO: DEBUG: After Storing Bone DEF-thigh.R
INFO: DEBUG: After Storing Bone DEF-thigh.R.001
INFO: DEBUG: After Storing Bone DEF-toe.L
INFO: DEBUG: After Storing Bone DEF-toe.R
INFO: DEBUG: After Storing Bone DEF-upper_arm.L
INFO: DEBUG: After Storing Bone DEF-upper_arm.L.001
INFO: DEBUG: After Storing Bone DEF-upper_arm.R
INFO: DEBUG: After Storing Bone DEF-upper_arm.R.001
INFO: DEBUG: After Storing Bone root
INFO: DEBUG: Animation time = 0.025007
INFO: DEBUG: Max Vertex Attributes: 32
INFO: Bone [DEF-spine] FINAL TRANSFORM:
INFO: mat4x4((0.947823, -0.314278, -0.053492, 0.000000), (-0.318484, -0.940903, -0.115197, 0.000000), (-0.014127, 0.126223, -0.991901, 0.000000), (0.082405, 0.128421, -0.263368, 1.000000))
INFO: Bone: DEF-spine Scale: vec3(1.000000, 1.000000, 1.000000) Translation: vec3(0.082405, 0.128421, -0.263368) Skew: vec3(-0.000000, -0.000000, 0.000000)
INFO: Decomposed transform for DEF-spine: Translation(0.0824054, 0.128421, -0.263368), Scale(1, 1, 1)
INFO: Bone [DEF-spine.001] FINAL TRANSFORM:
INFO: mat4x4((0.947823, -0.314278, -0.053492, 0.000000), (-0.318484, -0.940903, -0.115198, 0.000000), (-0.014127, 0.126223, -0.991902, 0.000000), (0.082406, 0.128421, -0.263368, 1.000000))
INFO: Bone: DEF-spine.001 Scale: vec3(1.000000, 1.000000, 1.000000) Translation: vec3(0.082406, 0.128421, -0.263368) Skew: vec3(-0.000000, -0.000000, 0.000000)
INFO: Decomposed transform for DEF-spine.001: Translation(0.082406, 0.128421, -0.263368), Scale(1, 1, 1)
INFO: Bone [DEF-spine.002] FINAL TRANSFORM:
INFO: mat4x4((0.862771, -0.503673, -0.044041, 0.000000), (-0.504877, -0.853635, -0.128090, 0.000000), (0.026921, 0.132748, -0.990784, 0.000000), (0.106696, 0.146053, -0.263628, 1.000000))
INFO: Bone: DEF-spine.002 Scale: vec3(1.000000, 1.000000, 1.000000) Translation: vec3(0.106696, 0.146053, -0.263628) Skew: vec3(-0.000000, -0.000000, 0.000000)
INFO: Decomposed transform for DEF-spine.002: Translation(0.106696, 0.146053, -0.263628), Scale(1, 1, 1)
INFO: Bone [DEF-spine.003] FINAL TRANSFORM:
