INFO: Bone [DEF-forearm.L.001] FINAL TRANSFORM:
INFO: mat4x4((0.921242, -0.027688, -0.393572, 0.000000), (0.073886, -0.989620, 0.229102, 0.000000), (-0.417748, -0.250540, -0.853155, 0.000000), (-0.532491, -0.229215, 0.167596, 1.000000))
INFO: Bone: DEF-forearm.L.001 Scale: vec3(1.002173, 1.018463, 0.981290) Translation: vec3(-0.532491, -0.229215, 0.167596) Skew: vec3(0.021850, -0.042842, 0.005192)
INFO: Decomposed transform for DEF-forearm.L.001: Translation(-0.532491, -0.229215, 0.167596), Scale(1.00217, 1.01846, 0.98129)
INFO: Bone [DEF-hand.L] FINAL TRANSFORM:
INFO: mat4x4((1.005523, 0.004038, -0.004568, 0.000000), (-0.005231, -1.011853, -0.004975, 0.000000), (0.002528, -0.001352, -0.983582, 0.000000), (-0.177268, -0.008022, -0.143666, 1.000000))
INFO: Bone: DEF-hand.L Scale: vec3(1.005541, 1.011837, 0.983542) Translation: vec3(-0.177268, -0.008022, -0.143666) Skew: vec3(0.006344, 0.007108, -0.009163)
INFO: Decomposed transform for DEF-hand.L: Translation(-0.177268, -0.00802203, -0.143666), Scale(1.00554, 1.01184, 0.983542)
INFO: Bone [DEF-shoulder.R] FINAL TRANSFORM:
INFO: mat4x4((0.991563, -0.129599, -0.002596, 0.000000), (-0.129599, -0.990764, -0.039878, 0.000000), (0.002596, 0.039878, -0.999201, 0.000000), (-0.036360, 0.039127, -0.175994, 1.000000))
INFO: Bone: DEF-shoulder.R Scale: vec3(1.000000, 1.000000, 1.000000) Translation: vec3(-0.036360, 0.039127, -0.175994) Skew: vec3(-0.000000, -0.000000, 0.000000)
INFO: Decomposed transform for DEF-shoulder.R: Translation(-0.0363595, 0.0391268, -0.175994), Scale(1, 1, 1)
INFO: Bone [DEF-upper_arm.R] FINAL TRANSFORM:
INFO: mat4x4((0.949205, 0.034788, 0.318299, 0.000000), (-0.048293, -0.975793, 0.245062, 0.000000), (0.331340, -0.245868, -0.901496, 0.000000), (0.420864, -0.322496, 0.058658, 1.000000))
INFO: Bone: DEF-upper_arm.R Scale: vec3(1.001755, 1.007252, 0.991243) Translation: vec3(0.420864, -0.322496, 0.058658) Skew: vec3(0.003031, 0.019146, -0.001767)
INFO: Decomposed transform for DEF-upper_arm.R: Translation(0.420864, -0.322496, 0.0586582), Scale(1.00176, 1.00725, 0.991243)
INFO: Bone [DEF-upper_arm.R.001] FINAL TRANSFORM:
INFO: mat4x4((0.934948, -0.106790, 0.343486, 0.000000), (-0.210589, -0.946157, 0.273861, 0.000000), (0.307625, -0.327441, -0.883788, 0.000000), (0.362690, -0.457296, 0.091834, 1.000000))
INFO: Bone: DEF-upper_arm.R.001 Scale: vec3(1.001756, 1.007252, 0.991243) Translation: vec3(0.362690, -0.457296, 0.091834) Skew: vec3(0.003031, 0.019146, -0.001767)
INFO: Decomposed transform for DEF-upper_arm.R.001: Translation(0.36269, -0.457296, 0.0918341), Scale(1.00176, 1.00725, 0.991243)
INFO: Bone [DEF-forearm.R] FINAL TRANSFORM:
INFO: mat4x4((0.881932, -0.057206, 0.465468, 0.000000), (-0.337518, -0.788820, 0.523558, 0.000000), (0.348404, -0.623157, -0.695191, 0.000000), (0.372644, -0.758942, 0.389467, 1.000000))
INFO: Bone: DEF-forearm.R Scale: vec3(0.998868, 1.005082, 0.996254) Translation: vec3(0.372644, -0.758942, 0.389467) Skew: vec3(0.010151, 0.019422, -0.008808)
INFO: Decomposed transform for DEF-forearm.R: Translation(0.372644, -0.758942, 0.389467), Scale(0.998868, 1.00508, 0.996254)
INFO: Bone [DEF-forearm.R.001] FINAL TRANSFORM:
INFO: mat4x4((0.941998, 0.103960, 0.323571, 0.000000), (-0.104458, -0.836492, 0.545654, 0.000000), (0.338875, -0.550733, -0.756061, 0.000000), (0.418256, -0.631423, 0.277346, 1.000000))
INFO: Bone: DEF-forearm.R.001 Scale: vec3(1.001432, 1.004137, 0.994640) Translation: vec3(0.418256, -0.631423, 0.277346) Skew: vec3(0.012906, 0.017395, -0.008755)
INFO: Decomposed transform for DEF-forearm.R.001: Translation(0.418256, -0.631423, 0.277346), Scale(1.00143, 1.00414, 0.99464)
INFO: Bone [DEF-hand.R] FINAL TRANSFORM:
INFO: mat4x4((1.006509, 0.000280, -0.001788, 0.000000), (0.001621, -1.006884, 0.002111, 0.000000), (0.006697, 0.004339, -0.986943, 0.000000), (0.142341, -0.167812, -0.144248, 1.000000))
INFO: Bone: DEF-hand.R Scale: vec3(1.006511, 1.006886, 0.986918) Translation: vec3(0.142341, -0.167812, -0.144248) Skew: vec3(-0.006493, 0.008563, 0.001328)
INFO: Decomposed transform for DEF-hand.R: Translation(0.142341, -0.167812, -0.144248), Scale(1.00651, 1.00689, 0.986918)
INFO: Bone [DEF-breast.L] FINAL TRANSFORM:
INFO: mat4x4((0.991563, -0.129600, -0.002596, 0.000000), (-0.129599, -0.990764, -0.039876, 0.000000), (0.002596, 0.039877, -0.999201, 0.000000), (-0.036359, 0.039125, -0.175994, 1.000000))
INFO: Bone: DEF-breast.L Scale: vec3(1.000000, 1.000000, 1.000000) Translation: vec3(-0.036359, 0.039125, -0.175994) Skew: vec3(-0.000000, -0.000000, 0.000000)
INFO: Decomposed transform for DEF-breast.L: Translation(-0.0363593, 0.0391252, -0.175994), Scale(1, 1, 1)
INFO: Bone [DEF-breast.R] FINAL TRANSFORM:
INFO: mat4x4((0.991563, -0.129600, -0.002596, 0.000000), (-0.129599, -0.990764, -0.039876, 0.000000), (0.002596, 0.039877, -0.999201, 0.000000), (-0.036359, 0.039125, -0.175993, 1.000000))
INFO: Bone: DEF-breast.R Scale: vec3(1.000000, 1.000000, 1.000000) Translation: vec3(-0.036359, 0.039125, -0.175993) Skew: vec3(-0.000000, -0.000000, 0.000000)
INFO: Decomposed transform for DEF-breast.R: Translation(-0.0363593, 0.0391253, -0.175993), Scale(1, 1, 1)
INFO: Bone [DEF-pelvis.L] FINAL TRANSFORM:
INFO: mat4x4((0.991563, -0.129600, -0.002596, 0.000000), (-0.129600, -0.990764, -0.039876, 0.000000), (0.002596, 0.039876, -0.999201, 0.000000), (-0.036360, 0.039125, -0.175994, 1.000000))
INFO: Bone: DEF-pelvis.L Scale: vec3(1.000000, 1.000000, 1.000000) Translation: vec3(-0.036360, 0.039125, -0.175994) Skew: vec3(-0.000000, 0.000000, -0.000000)
INFO: Decomposed transform for DEF-pelvis.L: Translation(-0.0363596, 0.039125, -0.175994), Scale(1, 1, 1)
INFO: Bone [DEF-thigh.L] FINAL TRANSFORM:
INFO: mat4x4((0.998452, -0.068446, 0.187573, 0.000000), (-0.167058, -0.812131, 0.591235, 0.000000), (0.098355, -0.575167, -0.770187, 0.000000), (0.047965, -0.519298, 0.103375, 1.000000))
INFO: Bone: DEF-thigh.L Scale: vec3(1.018221, 1.018343, 0.966236) Translation: vec3(0.047965, -0.519298, 0.103375) Skew: vec3(-0.004761, -0.007008, -0.000301)
INFO: Decomposed transform for DEF-thigh.L: Translation(0.0479655, -0.519298, 0.103375), Scale(1.01822, 1.01834, 0.966236)
INFO: Bone [DEF-thigh.L.001] FINAL TRANSFORM:
INFO: mat4x4((0.988072, -0.109694, 0.220126, 0.000000), (-0.218910, -0.809457, 0.577823, 0.000000), (0.101391, -0.572541, -0.771749, 0.000000), (0.045041, -0.513021, 0.097452, 1.000000))
INFO: Bone: DEF-thigh.L.001 Scale: vec3(1.018221, 1.018343, 0.966236) Translation: vec3(0.045041, -0.513021, 0.097452) Skew: vec3(-0.004761, -0.007008, -0.000301)
INFO: Decomposed transform for DEF-thigh.L.001: Translation(0.045041, -0.513021, 0.0974519), Scale(1.01822, 1.01834, 0.966236)
INFO: Bone [DEF-shin.L] FINAL TRANSFORM:
INFO: mat4x4((1.030883, -0.052653, 0.106049, 0.000000), (-0.044137, -1.005003, -0.253539, 0.000000), (0.083510, 0.253999, -0.893434, 0.000000), (0.050313, -0.141785, -0.037634, 1.000000))
INFO: Bone: DEF-shin.L Scale: vec3(1.037660, 1.037260, 0.931805) Translation: vec3(0.050313, -0.141785, -0.037634) Skew: vec3(-0.033970, -0.022787, -0.018090)
INFO: Decomposed transform for DEF-shin.L: Translation(0.050313, -0.141785, -0.0376343), Scale(1.03766, 1.03726, 0.931805)
INFO: Bone [DEF-shin.L.001] FINAL TRANSFORM:
INFO: mat4x4((1.031540, -0.002052, 0.121500, 0.000000), (0.008166, -1.007431, -0.244070, 0.000000), (0.086607, 0.249794, -0.894103, 0.000000), (0.057359, -0.149869, -0.038708, 1.000000))
INFO: Bone: DEF-shin.L.001 Scale: vec3(1.038673, 1.036443, 0.931630) Translation: vec3(0.057359, -0.149869, -0.038708) Skew: vec3(-0.034250, -0.020470, -0.017801)
INFO: Decomposed transform for DEF-shin.L.001: Translation(0.0573585, -0.149869, -0.0387076), Scale(1.03867, 1.03644, 0.93163)
INFO: Bone [DEF-foot.L] FINAL TRANSFORM:
INFO: mat4x4((1.002782, -0.010091, 0.011542, 0.000000), (-0.019390, -1.034857, 0.026604, 0.000000), (-0.036115, 0.031807, -0.969438, 0.000000), (0.047252, -0.171287, 0.006370, 1.000000))
INFO: Bone: DEF-foot.L Scale: vec3(1.002900, 1.035344, 0.967821) Translation: vec3(0.047252, -0.171287, 0.006370) Skew: vec3(-0.058300, -0.049170, -0.008372)
INFO: Decomposed transform for DEF-foot.L: Translation(0.0472523, -0.171287, 0.0063701), Scale(1.0029, 1.03534, 0.967821)
INFO: Bone [DEF-toe.L] FINAL TRANSFORM:
INFO: mat4x4((1.002785, -0.010050, 0.011566, 0.000000), (-0.019354, -1.034853, 0.026467, 0.000000), (-0.036087, 0.031953, -0.969442, 0.000000), (0.047254, -0.171288, 0.006361, 1.000000))
INFO: Bone: DEF-toe.L Scale: vec3(1.002902, 1.035336, 0.967828) Translation: vec3(0.047254, -0.171288, 0.006361) Skew: vec3(-0.058322, -0.049164, -0.008380)
INFO: Decomposed transform for DEF-toe.L: Translation(0.0472541, -0.171288, 0.00636148), Scale(1.0029, 1.03534, 0.967828)
INFO: Bone [DEF-pelvis.R] FINAL TRANSFORM:
INFO: mat4x4((0.991563, -0.129599, -0.002596, 0.000000), (-0.129599, -0.990764, -0.039876, 0.000000), (0.002596, 0.039876, -0.999201, 0.000000), (-0.036359, 0.039125, -0.175994, 1.000000))
INFO: Bone: DEF-pelvis.R Scale: vec3(1.000000, 1.000000, 1.000000) Translation: vec3(-0.036359, 0.039125, -0.175994) Skew: vec3(-0.000000, 0.000000, -0.000000)
INFO: Decomposed transform for DEF-pelvis.R: Translation(-0.0363593, 0.039125, -0.175994), Scale(1, 1, 1)
INFO: Bone [DEF-thigh.R] FINAL TRANSFORM:
INFO: mat4x4((0.996378, -0.151340, -0.145500, 0.000000), (-0.108227, -0.975592, 0.271321, 0.000000), (-0.162270, -0.232688, -0.919860, 0.000000), (-0.187658, -0.216095, -0.073839, 1.000000))
INFO: Bone: DEF-thigh.R Scale: vec3(1.018255, 1.018385, 0.962571) Translation: vec3(-0.187658, -0.216095, -0.073839) Skew: vec3(-0.005110, 0.007522, 0.000321)
INFO: Decomposed transform for DEF-thigh.R: Translation(-0.187658, -0.216095, -0.0738392), Scale(1.01826, 1.01839, 0.962571)
INFO: Bone [DEF-thigh.R.001] FINAL TRANSFORM:
INFO: mat4x4((0.999591, -0.113107, -0.157694, 0.000000), (-0.069241, -0.981423, 0.262914, 0.000000), (-0.163820, -0.229879, -0.920292, 0.000000), (-0.183845, -0.210989, -0.076348, 1.000000))
INFO: Bone: DEF-thigh.R.001 Scale: vec3(1.018255, 1.018385, 0.962571) Translation: vec3(-0.183845, -0.210989, -0.076348) Skew: vec3(-0.005110, 0.007522, 0.000321)
INFO: Decomposed transform for DEF-thigh.R.001: Translation(-0.183845, -0.210989, -0.0763479), Scale(1.01826, 1.01839, 0.962571)
INFO: Bone [DEF-shin.R] FINAL TRANSFORM:
INFO: mat4x4((1.007248, -0.237944, -0.078231, 0.000000), (-0.215460, -0.791493, -0.636047, 0.000000), (0.104621, 0.585335, -0.713712, 0.000000), (-0.069175, 0.188488, -0.064283, 1.000000))
INFO: Bone: DEF-shin.R Scale: vec3(1.037924, 1.037799, 0.928188) Translation: vec3(-0.069175, 0.188488, -0.064283) Skew: vec3(-0.033537, 0.022771, 0.019560)
INFO: Decomposed transform for DEF-shin.R: Translation(-0.0691753, 0.188488, -0.0642827), Scale(1.03792, 1.0378, 0.928188)
INFO: Bone [DEF-shin.R.001] FINAL TRANSFORM:
INFO: mat4x4((1.025424, -0.141609, 0.007981, 0.000000), (-0.086374, -0.809444, -0.647647, 0.000000), (0.113852, 0.591982, -0.707495, 0.000000), (-0.048754, 0.200794, -0.052659, 1.000000))
INFO: Bone: DEF-shin.R.001 Scale: vec3(1.035187, 1.040048, 0.928630) Translation: vec3(-0.048754, 0.200794, -0.052659) Skew: vec3(-0.032443, 0.028368, 0.019398)
INFO: Decomposed transform for DEF-shin.R.001: Translation(-0.0487535, 0.200794, -0.0526593), Scale(1.03519, 1.04005, 0.92863)
INFO: Bone [DEF-foot.R] FINAL TRANSFORM:
INFO: mat4x4((0.998923, -0.003363, -0.002681, 0.000000), (0.002851, -1.005769, -0.006269, 0.000000), (0.014342, -0.010879, -0.995933, 0.000000), (-0.049574, 0.142697, 0.004923, 1.000000))
INFO: Bone: DEF-foot.R Scale: vec3(0.998932, 1.005773, 0.995804) Translation: vec3(-0.049574, 0.142697, 0.004923) Skew: vec3(0.017093, 0.017123, 0.006217)
INFO: Decomposed transform for DEF-foot.R: Translation(-0.0495743, 0.142697, 0.00492276), Scale(0.998932, 1.00577, 0.995804)
INFO: Bone [DEF-toe.R] FINAL TRANSFORM:
INFO: mat4x4((0.998923, -0.003389, -0.002697, 0.000000), (0.002827, -1.005771, -0.006452, 0.000000), (0.014326, -0.010694, -0.995932, 0.000000), (-0.049576, 0.142698, 0.004914, 1.000000))
INFO: Bone: DEF-toe.R Scale: vec3(0.998932, 1.005776, 0.995801) Translation: vec3(-0.049576, 0.142698, 0.004914) Skew: vec3(0.017089, 0.017123, 0.006221)
INFO: Decomposed transform for DEF-toe.R: Translation(-0.0495756, 0.142698, 0.00491366), Scale(0.998932, 1.00578, 0.995801)
INFO: DEBUG: Max Vertex Attributes: 32
INFO: Drawing mesh with VAO: 1
INFO: Drawing mesh with VAO: 2
INFO: DEBUG: Depth testing and blending enabled.
INFO: DEBUG: Frame #17 at t=0.283333
WARNING: DEBUG: animationTime = 0.283333
WARNING: DEBUG: Interpolating between keyframes 17 (time = 0.283333) and 18 (time = 0.300000)
WARNING: DEBUG: Lerp factor = 0.000000
INFO: DEBUG: After Storing Bone DEF-breast.L
INFO: DEBUG: After Storing Bone DEF-breast.R
INFO: DEBUG: After Storing Bone DEF-foot.L
INFO: DEBUG: After Storing Bone DEF-foot.R
INFO: DEBUG: After Storing Bone DEF-forearm.L
INFO: DEBUG: After Storing Bone DEF-forearm.L.001
INFO: DEBUG: After Storing Bone DEF-forearm.R
INFO: DEBUG: After Storing Bone DEF-forearm.R.001
INFO: DEBUG: After Storing Bone DEF-hand.L
INFO: DEBUG: After Storing Bone DEF-hand.R
INFO: DEBUG: After Storing Bone DEF-pelvis.L
INFO: DEBUG: After Storing Bone DEF-pelvis.R
INFO: DEBUG: After Storing Bone DEF-shin.L
INFO: DEBUG: After Storing Bone DEF-shin.L.001
INFO: DEBUG: After Storing Bone DEF-shin.R
INFO: DEBUG: After Storing Bone DEF-shin.R.001
INFO: DEBUG: After Storing Bone DEF-shoulder.L
INFO: DEBUG: After Storing Bone DEF-shoulder.R
INFO: DEBUG: After Storing Bone DEF-spine
INFO: DEBUG: After Storing Bone DEF-spine.001
INFO: DEBUG: After Storing Bone DEF-spine.002
INFO: DEBUG: After Storing Bone DEF-spine.003
INFO: DEBUG: After Storing Bone DEF-spine.004
INFO: DEBUG: After Storing Bone DEF-spine.005
INFO: DEBUG: After Storing Bone DEF-spine.006
INFO: DEBUG: After Storing Bone DEF-thigh.L
INFO: DEBUG: After Storing Bone DEF-thigh.L.001
INFO: DEBUG: After Storing Bone DEF-thigh.R
INFO: DEBUG: After Storing Bone DEF-thigh.R.001
INFO: DEBUG: After Storing Bone DEF-toe.L
INFO: DEBUG: After Storing Bone DEF-toe.R
INFO: DEBUG: After Storing Bone DEF-upper_arm.L
INFO: DEBUG: After Storing Bone DEF-upper_arm.L.001
INFO: DEBUG: After Storing Bone DEF-upper_arm.R
INFO: DEBUG: After Storing Bone DEF-upper_arm.R.001
INFO: DEBUG: After Storing Bone root
INFO: DEBUG: Max Vertex Attributes: 32
INFO: Bone [DEF-spine] FINAL TRANSFORM:
INFO: mat4x4((0.991563, -0.129600, -0.002596, 0.000000), (-0.129600, -0.990764, -0.039876, 0.000000), (0.002596, 0.039876, -0.999201, 0.000000), (-0.040106, 0.039125, -0.175994, 1.000000))
INFO: Bone: DEF-spine Scale: vec3(1.000000, 1.000000, 1.000000) Translation: vec3(-0.040106, 0.039125, -0.175994) Skew: vec3(-0.000000, 0.000000, -0.000000)
INFO: Decomposed transform for DEF-spine: Translation(-0.0401064, 0.039125, -0.175994), Scale(1, 1, 1)
INFO: Bone [DEF-spine.001] FINAL TRANSFORM:
INFO: mat4x4((0.991563, -0.129600, -0.002596, 0.000000), (-0.129600, -0.990764, -0.039876, 0.000000), (0.002596, 0.039876, -0.999201, 0.000000), (-0.040106, 0.039125, -0.175994, 1.000000))
INFO: Bone: DEF-spine.001 Scale: vec3(1.000000, 1.000000, 1.000000) Translation: vec3(-0.040106, 0.039125, -0.175994) Skew: vec3(-0.000000, -0.000000, 0.000000)
INFO: Decomposed transform for DEF-spine.001: Translation(-0.0401064, 0.0391247, -0.175994), Scale(1, 1, 1)
INFO: Bone [DEF-spine.002] FINAL TRANSFORM:
INFO: mat4x4((0.991563, -0.129600, -0.002596, 0.000000), (-0.129600, -0.990764, -0.039876, 0.000000), (0.002596, 0.039876, -0.999201, 0.000000), (-0.040106, 0.039125, -0.175994, 1.000000))
INFO: Bone: DEF-spine.002 Scale: vec3(1.000000, 1.000000, 1.000000) Translation: vec3(-0.040106, 0.039125, -0.175994) Skew: vec3(-0.000000, -0.000000, 0.000000)
INFO: Decomposed transform for DEF-spine.002: Translation(-0.0401064, 0.0391248, -0.175994), Scale(1, 1, 1)
INFO: Bone [DEF-spine.003] FINAL TRANSFORM:
INFO: mat4x4((0.991563, -0.129600, -0.002596, 0.000000), (-0.129600, -0.990764, -0.039876, 0.000000), (0.002596, 0.039877, -0.999201, 0.000000), (-0.040106, 0.039125, -0.175994, 1.000000))
INFO: Bone: DEF-spine.003 Scale: vec3(1.000000, 1.000000, 1.000000) Translation: vec3(-0.040106, 0.039125, -0.175994) Skew: vec3(-0.000000, -0.000000, 0.000000)
INFO: Decomposed transform for DEF-spine.003: Translation(-0.0401063, 0.0391253, -0.175994), Scale(1, 1, 1)
INFO: Bone [DEF-spine.004] FINAL TRANSFORM:
INFO: mat4x4((0.991563, -0.129599, -0.002596, 0.000000), (-0.129599, -0.990764, -0.039877, 0.000000), (0.002596, 0.039878, -0.999201, 0.000000), (-0.040106, 0.039127, -0.175993, 1.000000))
INFO: Bone: DEF-spine.004 Scale: vec3(1.000000, 1.000000, 1.000000) Translation: vec3(-0.040106, 0.039127, -0.175993) Skew: vec3(-0.000000, -0.000000, 0.000000)
INFO: Decomposed transform for DEF-spine.004: Translation(-0.0401062, 0.0391266, -0.175993), Scale(1, 1, 1)
INFO: Bone [DEF-spine.005] FINAL TRANSFORM:
INFO: mat4x4((0.996693, -0.080780, 0.008772, 0.000000), (-0.080372, -0.995975, -0.039674, 0.000000), (0.011942, 0.038838, -0.999174, 0.000000), (-0.020915, 0.037020, -0.175932, 1.000000))
INFO: Bone: DEF-spine.005 Scale: vec3(1.000000, 1.000000, 1.000000) Translation: vec3(-0.020915, 0.037020, -0.175932) Skew: vec3(-0.000000, -0.000000, -0.000000)
INFO: Decomposed transform for DEF-spine.005: Translation(-0.0209153, 0.0370198, -0.175932), Scale(1, 1, 1)
INFO: Bone [DEF-spine.006] FINAL TRANSFORM:
INFO: mat4x4((0.998915, -0.026484, -0.038307, 0.000000), (-0.036991, -0.950945, -0.307140, 0.000000), (-0.028294, 0.308224, -0.950893, 0.000000), (-0.078968, 0.457979, -0.126998, 1.000000))
INFO: Bone: DEF-spine.006 Scale: vec3(1.000000, 1.000000, 1.000000) Translation: vec3(-0.078968, 0.457979, -0.126998) Skew: vec3(-0.000000, -0.000000, 0.000000)
INFO: Decomposed transform for DEF-spine.006: Translation(-0.0789684, 0.457979, -0.126998), Scale(1, 1, 1)
INFO: Bone [DEF-shoulder.L] FINAL TRANSFORM:
INFO: mat4x4((0.991563, -0.129600, -0.002596, 0.000000), (-0.129600, -0.990764, -0.039878, 0.000000), (0.002596, 0.039878, -0.999201, 0.000000), (-0.040106, 0.039127, -0.175994, 1.000000))
INFO: Bone: DEF-shoulder.L Scale: vec3(1.000000, 1.000000, 1.000000) Translation: vec3(-0.040106, 0.039127, -0.175994) Skew: vec3(-0.000000, 0.000000, -0.000000)
INFO: Decomposed transform for DEF-shoulder.L: Translation(-0.040106, 0.0391267, -0.175994), Scale(1, 1, 1)
INFO: Bone [DEF-upper_arm.L] FINAL TRANSFORM:
INFO: mat4x4((0.976474, 0.127668, -0.193984, 0.000000), (0.049241, -0.936316, -0.384763, 0.000000), (-0.256015, 0.345149, -0.886570, 0.000000), (-0.369093, 0.420136, -0.033312, 1.000000))
INFO: Bone: DEF-upper_arm.L Scale: vec3(1.003708, 1.013482, 0.984634) Translation: vec3(-0.369093, 0.420136, -0.033312) Skew: vec3(0.005463, -0.034350, 0.003129)
INFO: Decomposed transform for DEF-upper_arm.L: Translation(-0.369093, 0.420136, -0.0333117), Scale(1.00371, 1.01348, 0.984634)
INFO: Bone [DEF-upper_arm.L.001] FINAL TRANSFORM:
INFO: mat4x4((0.966111, 0.231816, -0.142552, 0.000000), (0.177623, -0.937164, -0.342532, 0.000000), (-0.237801, 0.283019, -0.913252, 0.000000), (-0.323998, 0.314862, -0.073790, 1.000000))
INFO: Bone: DEF-upper_arm.L.001 Scale: vec3(1.003708, 1.013481, 0.984635) Translation: vec3(-0.323998, 0.314862, -0.073790) Skew: vec3(0.005463, -0.034350, 0.003129)
INFO: Decomposed transform for DEF-upper_arm.L.001: Translation(-0.323998, 0.314862, -0.0737902), Scale(1.00371, 1.01348, 0.984635)
INFO: Bone [DEF-forearm.L] FINAL TRANSFORM:
INFO: mat4x4((0.892801, 0.110267, -0.438168, 0.000000), (0.230227, -0.967275, 0.217816, 0.000000), (-0.422401, -0.308303, -0.834393, 0.000000), (-0.506179, -0.336741, 0.201921, 1.000000))
INFO: Bone: DEF-forearm.L Scale: vec3(1.000622, 1.017869, 0.983490) Translation: vec3(-0.506179, -0.336741, 0.201921) Skew: vec3(0.019358, -0.046247, 0.003387)
INFO: Decomposed transform for DEF-forearm.L: Translation(-0.506179, -0.336741, 0.201921), Scale(1.00062, 1.01787, 0.98349)
INFO: Bone [DEF-forearm.L.001] FINAL TRANSFORM:
INFO: mat4x4((0.923737, -0.026258, -0.387813, 0.000000), (0.073350, -0.989884, 0.227935, 0.000000), (-0.412130, -0.249541, -0.856325, 0.000000), (-0.529391, -0.228856, 0.162115, 1.000000))
INFO: Bone: DEF-forearm.L.001 Scale: vec3(1.002187, 1.018419, 0.981425) Translation: vec3(-0.529391, -0.228856, 0.162115) Skew: vec3(0.021836, -0.042756, 0.005244)
INFO: Decomposed transform for DEF-forearm.L.001: Translation(-0.529391, -0.228856, 0.162115), Scale(1.00219, 1.01842, 0.981425)
INFO: Bone [DEF-hand.L] FINAL TRANSFORM:
INFO: mat4x4((1.005418, 0.003972, -0.004229, 0.000000), (-0.005153, -1.011767, -0.005173, 0.000000), (0.002230, -0.001464, -0.983780, 0.000000), (-0.178664, -0.008070, -0.144012, 1.000000))
INFO: Bone: DEF-hand.L Scale: vec3(1.005435, 1.011752, 0.983741) Translation: vec3(-0.178664, -0.008070, -0.144012) Skew: vec3(0.006648, 0.006468, -0.009022)
INFO: Decomposed transform for DEF-hand.L: Translation(-0.178664, -0.00807011, -0.144012), Scale(1.00543, 1.01175, 0.983741)
INFO: Bone [DEF-shoulder.R] FINAL TRANSFORM:
INFO: mat4x4((0.991563, -0.129599, -0.002596, 0.000000), (-0.129599, -0.990764, -0.039878, 0.000000), (0.002596, 0.039878, -0.999201, 0.000000), (-0.040106, 0.039127, -0.175994, 1.000000))
INFO: Bone: DEF-shoulder.R Scale: vec3(1.000000, 1.000000, 1.000000) Translation: vec3(-0.040106, 0.039127, -0.175994) Skew: vec3(-0.000000, -0.000000, 0.000000)
INFO: Decomposed transform for DEF-shoulder.R: Translation(-0.0401062, 0.0391268, -0.175994), Scale(1, 1, 1)
INFO: Bone [DEF-upper_arm.R] FINAL TRANSFORM:
INFO: mat4x4((0.948650, 0.033707, 0.320116, 0.000000), (-0.049061, -0.976486, 0.242554, 0.000000), (0.333135, -0.243718, -0.901260, 0.000000), (0.419383, -0.319827, 0.058970, 1.000000))
INFO: Bone: DEF-upper_arm.R Scale: vec3(1.001772, 1.007353, 0.991093) Translation: vec3(0.419383, -0.319827, 0.058970) Skew: vec3(0.003079, 0.019445, -0.001794)
INFO: Decomposed transform for DEF-upper_arm.R: Translation(0.419383, -0.319827, 0.0589703), Scale(1.00177, 1.00735, 0.991093)
INFO: Bone [DEF-upper_arm.R.001] FINAL TRANSFORM:
INFO: mat4x4((0.934380, -0.107526, 0.344848, 0.000000), (-0.210944, -0.947000, 0.271032, 0.000000), (0.309451, -0.325099, -0.883854, 0.000000), (0.361307, -0.454319, 0.091600, 1.000000))
INFO: Bone: DEF-upper_arm.R.001 Scale: vec3(1.001772, 1.007353, 0.991093) Translation: vec3(0.361307, -0.454319, 0.091600) Skew: vec3(0.003078, 0.019445, -0.001794)
INFO: Decomposed transform for DEF-upper_arm.R.001: Translation(0.361307, -0.454319, 0.0916), Scale(1.00177, 1.00735, 0.991093)
INFO: Bone [DEF-forearm.R] FINAL TRANSFORM:
INFO: mat4x4((0.881670, -0.058270, 0.468709, 0.000000), (-0.335907, -0.791114, 0.529842, 0.000000), (0.352518, -0.621568, -0.686010, 0.000000), (0.374327, -0.757177, 0.402017, 1.000000))
INFO: Bone: DEF-forearm.R Scale: vec3(1.000213, 1.009666, 0.990192) Translation: vec3(0.374327, -0.757177, 0.402017) Skew: vec3(0.009887, 0.025731, -0.001703)
INFO: Decomposed transform for DEF-forearm.R: Translation(0.374327, -0.757177, 0.402017), Scale(1.00021, 1.00967, 0.990192)
INFO: Bone [DEF-forearm.R.001] FINAL TRANSFORM:
INFO: mat4x4((0.941517, 0.103651, 0.325387, 0.000000), (-0.102302, -0.838834, 0.553318, 0.000000), (0.342821, -0.548833, -0.747659, 0.000000), (0.419762, -0.629064, 0.288762, 1.000000))
INFO: Bone: DEF-forearm.R.001 Scale: vec3(1.001536, 1.010078, 0.988481) Translation: vec3(0.419762, -0.629064, 0.288762) Skew: vec3(0.011706, 0.022835, -0.003186)
INFO: Decomposed transform for DEF-forearm.R.001: Translation(0.419762, -0.629064, 0.288762), Scale(1.00154, 1.01008, 0.988481)
INFO: Bone [DEF-hand.R] FINAL TRANSFORM:
INFO: mat4x4((1.007172, -0.000783, -0.000823, 0.000000), (0.003994, -1.007708, 0.008877, 0.000000), (0.005854, 0.011296, -0.985368, 0.000000), (0.139785, -0.160751, -0.139782, 1.000000))
INFO: Bone: DEF-hand.R Scale: vec3(1.007172, 1.007743, 0.985225) Translation: vec3(0.139785, -0.160751, -0.139782) Skew: vec3(-0.020283, 0.006750, 0.004734)
INFO: Decomposed transform for DEF-hand.R: Translation(0.139785, -0.160751, -0.139782), Scale(1.00717, 1.00774, 0.985225)
INFO: Bone [DEF-breast.L] FINAL TRANSFORM:
INFO: mat4x4((0.991563, -0.129600, -0.002596, 0.000000), (-0.129599, -0.990764, -0.039876, 0.000000), (0.002596, 0.039877, -0.999201, 0.000000), (-0.040106, 0.039125, -0.175994, 1.000000))
INFO: Bone: DEF-breast.L Scale: vec3(1.000000, 1.000000, 1.000000) Translation: vec3(-0.040106, 0.039125, -0.175994) Skew: vec3(-0.000000, -0.000000, 0.000000)
INFO: Decomposed transform for DEF-breast.L: Translation(-0.040106, 0.0391252, -0.175994), Scale(1, 1, 1)
INFO: Bone [DEF-breast.R] FINAL TRANSFORM:
INFO: mat4x4((0.991563, -0.129600, -0.002596, 0.000000), (-0.129599, -0.990764, -0.039876, 0.000000), (0.002596, 0.039877, -0.999201, 0.000000), (-0.040106, 0.039125, -0.175993, 1.000000))
INFO: Bone: DEF-breast.R Scale: vec3(1.000000, 1.000000, 1.000000) Translation: vec3(-0.040106, 0.039125, -0.175993) Skew: vec3(-0.000000, -0.000000, 0.000000)
INFO: Decomposed transform for DEF-breast.R: Translation(-0.040106, 0.0391253, -0.175993), Scale(1, 1, 1)
INFO: Bone [DEF-pelvis.L] FINAL TRANSFORM:
INFO: mat4x4((0.991563, -0.129600, -0.002596, 0.000000), (-0.129600, -0.990764, -0.039876, 0.000000), (0.002596, 0.039876, -0.999201, 0.000000), (-0.040106, 0.039125, -0.175994, 1.000000))
INFO: Bone: DEF-pelvis.L Scale: vec3(1.000000, 1.000000, 1.000000) Translation: vec3(-0.040106, 0.039125, -0.175994) Skew: vec3(-0.000000, 0.000000, -0.000000)
INFO: Decomposed transform for DEF-pelvis.L: Translation(-0.0401063, 0.039125, -0.175994), Scale(1, 1, 1)
INFO: Bone [DEF-thigh.L] FINAL TRANSFORM:
INFO: mat4x4((0.997657, -0.066936, 0.192292, 0.000000), (-0.168457, -0.813263, 0.589279, 0.000000), (0.103120, -0.573977, -0.770594, 0.000000), (0.048570, -0.518456, 0.102346, 1.000000))
INFO: Bone: DEF-thigh.L Scale: vec3(1.018222, 1.018343, 0.966349) Translation: vec3(0.048570, -0.518456, 0.102346) Skew: vec3(-0.004750, -0.006993, -0.000301)
INFO: Decomposed transform for DEF-thigh.L: Translation(0.0485703, -0.518456, 0.102346), Scale(1.01822, 1.01834, 0.966349)
INFO: Bone [DEF-thigh.L.001] FINAL TRANSFORM:
INFO: mat4x4((0.987095, -0.108593, 0.225005, 0.000000), (-0.220679, -0.810632, 0.575499, 0.000000), (0.106185, -0.571322, -0.772149, 0.000000), (0.045641, -0.512122, 0.096368, 1.000000))
INFO: Bone: DEF-thigh.L.001 Scale: vec3(1.018222, 1.018343, 0.966349) Translation: vec3(0.045641, -0.512122, 0.096368) Skew: vec3(-0.004750, -0.006993, -0.000301)
INFO: Decomposed transform for DEF-thigh.L.001: Translation(0.0456409, -0.512122, 0.0963681), Scale(1.01822, 1.01834, 0.966349)
INFO: Bone [DEF-shin.L] FINAL TRANSFORM:
INFO: mat4x4((1.030350, -0.052453, 0.111089, 0.000000), (-0.042835, -1.005359, -0.252063, 0.000000), (0.087802, 0.252627, -0.893575, 0.000000), (0.050950, -0.141945, -0.038203, 1.000000))
INFO: Bone: DEF-shin.L Scale: vec3(1.037648, 1.037192, 0.931960) Translation: vec3(0.050950, -0.141945, -0.038203) Skew: vec3(-0.034039, -0.022802, -0.018028)
INFO: Decomposed transform for DEF-shin.L: Translation(0.05095, -0.141945, -0.0382028), Scale(1.03765, 1.03719, 0.93196)
INFO: Bone [DEF-shin.L.001] FINAL TRANSFORM:
INFO: mat4x4((1.030916, -0.001035, 0.126695, 0.000000), (0.010241, -1.007788, -0.242179, 0.000000), (0.090952, 0.248357, -0.894232, 0.000000), (0.058115, -0.150154, -0.039243, 1.000000))
INFO: Bone: DEF-shin.L.001 Scale: vec3(1.038673, 1.036366, 0.931782) Translation: vec3(0.058115, -0.150154, -0.039243) Skew: vec3(-0.034324, -0.020446, -0.017727)
INFO: Decomposed transform for DEF-shin.L.001: Translation(0.058115, -0.150154, -0.0392433), Scale(1.03867, 1.03637, 0.931782)
INFO: Bone [DEF-foot.L] FINAL TRANSFORM:
INFO: mat4x4((1.002777, -0.010410, 0.011902, 0.000000), (-0.019608, -1.034819, 0.026739, 0.000000), (-0.036667, 0.031767, -0.969576, 0.000000), (0.047190, -0.171203, 0.006310, 1.000000))
INFO: Bone: DEF-foot.L Scale: vec3(1.002902, 1.035315, 0.967929) Translation: vec3(0.047190, -0.171203, 0.006310) Skew: vec3(-0.058371, -0.050106, -0.008256)
INFO: Decomposed transform for DEF-foot.L: Translation(0.0471904, -0.171203, 0.00631001), Scale(1.0029, 1.03531, 0.967929)
INFO: Bone [DEF-toe.L] FINAL TRANSFORM:
INFO: mat4x4((1.002780, -0.010367, 0.011926, 0.000000), (-0.019571, -1.034815, 0.026603, 0.000000), (-0.036638, 0.031913, -0.969580, 0.000000), (0.047192, -0.171205, 0.006301, 1.000000))
INFO: Bone: DEF-toe.L Scale: vec3(1.002904, 1.035306, 0.967936) Translation: vec3(0.047192, -0.171205, 0.006301) Skew: vec3(-0.058392, -0.050100, -0.008264)
INFO: Decomposed transform for DEF-toe.L: Translation(0.0471921, -0.171205, 0.0063013), Scale(1.0029, 1.03531, 0.967936)
INFO: Bone [DEF-pelvis.R] FINAL TRANSFORM:
INFO: mat4x4((0.991563, -0.129599, -0.002596, 0.000000), (-0.129599, -0.990764, -0.039876, 0.000000), (0.002596, 0.039876, -0.999201, 0.000000), (-0.040106, 0.039125, -0.175994, 1.000000))
INFO: Bone: DEF-pelvis.R Scale: vec3(1.000000, 1.000000, 1.000000) Translation: vec3(-0.040106, 0.039125, -0.175994) Skew: vec3(-0.000000, 0.000000, -0.000000)
INFO: Decomposed transform for DEF-pelvis.R: Translation(-0.040106, 0.039125, -0.175994), Scale(1, 1, 1)
INFO: Bone [DEF-thigh.R] FINAL TRANSFORM:
INFO: mat4x4((0.997180, -0.150779, -0.140503, 0.000000), (-0.108904, -0.975463, 0.271513, 0.000000), (-0.157571, -0.233444, -0.920371, 0.000000), (-0.187022, -0.216739, -0.073872, 1.000000))
INFO: Bone: DEF-thigh.R Scale: vec3(1.018255, 1.018385, 0.962460) Translation: vec3(-0.187022, -0.216739, -0.073872) Skew: vec3(-0.005120, 0.007537, 0.000322)
INFO: Decomposed transform for DEF-thigh.R: Translation(-0.187022, -0.216739, -0.0738716), Scale(1.01825, 1.01839, 0.96246)
INFO: Bone [DEF-thigh.R.001] FINAL TRANSFORM:
INFO: mat4x4((1.000390, -0.113119, -0.152532, 0.000000), (-0.070450, -0.981199, 0.263426, 0.000000), (-0.159097, -0.230677, -0.920806, 0.000000), (-0.183255, -0.211709, -0.076329, 1.000000))
INFO: Bone: DEF-thigh.R.001 Scale: vec3(1.018255, 1.018385, 0.962460) Translation: vec3(-0.183255, -0.211709, -0.076329) Skew: vec3(-0.005120, 0.007537, 0.000322)
INFO: Decomposed transform for DEF-thigh.R.001: Translation(-0.183255, -0.211709, -0.0763285), Scale(1.01825, 1.01838, 0.96246)
INFO: Bone [DEF-shin.R] FINAL TRANSFORM:
INFO: mat4x4((1.007429, -0.238834, -0.073138, 0.000000), (-0.212805, -0.790660, -0.638019, 0.000000), (0.108938, 0.585871, -0.712484, 0.000000), (-0.068437, 0.188376, -0.063698, 1.000000))
INFO: Bone: DEF-shin.R Scale: vec3(1.037932, 1.037827, 0.928080) Translation: vec3(-0.068437, 0.188376, -0.063698) Skew: vec3(-0.033492, 0.022766, 0.019601)
INFO: Decomposed transform for DEF-shin.R: Translation(-0.0684366, 0.188376, -0.0636979), Scale(1.03793, 1.03783, 0.92808)
INFO: Bone [DEF-shin.R.001] FINAL TRANSFORM:
INFO: mat4x4((1.025304, -0.141895, 0.013903, 0.000000), (-0.082732, -0.808811, -0.648993, 0.000000), (0.118204, 0.592554, -0.706163, 0.000000), (-0.047926, 0.200748, -0.051862, 1.000000))
INFO: Bone: DEF-shin.R.001 Scale: vec3(1.035170, 1.040098, 0.928525) Translation: vec3(-0.047926, 0.200748, -0.051862) Skew: vec3(-0.032391, 0.028399, 0.019428)
INFO: Decomposed transform for DEF-shin.R.001: Translation(-0.047926, 0.200748, -0.051862), Scale(1.03517, 1.0401, 0.928525)
INFO: Bone [DEF-foot.R] FINAL TRANSFORM:
INFO: mat4x4((0.998992, -0.003412, -0.001949, 0.000000), (0.003434, -1.005607, -0.006212, 0.000000), (0.014157, -0.011201, -0.995935, 0.000000), (-0.049516, 0.142546, 0.005029, 1.000000))
INFO: Bone: DEF-foot.R Scale: vec3(0.998999, 1.005609, 0.995818) Translation: vec3(-0.049516, 0.142546, 0.005029) Skew: vec3(0.017363, 0.016206, 0.006843)
INFO: Decomposed transform for DEF-foot.R: Translation(-0.0495162, 0.142546, 0.00502936), Scale(0.998999, 1.00561, 0.995818)
INFO: Bone [DEF-toe.R] FINAL TRANSFORM:
INFO: mat4x4((0.998992, -0.003434, -0.001962, 0.000000), (0.003416, -1.005609, -0.006394, 0.000000), (0.014143, -0.011016, -0.995934, 0.000000), (-0.049517, 0.142548, 0.005021, 1.000000))
INFO: Bone: DEF-toe.R Scale: vec3(0.999000, 1.005612, 0.995814) Translation: vec3(-0.049517, 0.142548, 0.005021) Skew: vec3(0.017359, 0.016205, 0.006846)
INFO: Decomposed transform for DEF-toe.R: Translation(-0.0495173, 0.142548, 0.00502066), Scale(0.999, 1.00561, 0.995814)
INFO: DEBUG: Max Vertex Attributes: 32
INFO: Drawing mesh with VAO: 1
INFO: Drawing mesh with VAO: 2
INFO: DEBUG: Depth testing and blending enabled.
INFO: DEBUG: Frame #19 at t=0.316667
WARNING: DEBUG: animationTime = 0.316667
WARNING: DEBUG: Interpolating between keyframes 19 (time = 0.316667) and 20 (time = 0.333333)
WARNING: DEBUG: Lerp factor = 0.000000
INFO: DEBUG: After Storing Bone DEF-breast.L
INFO: DEBUG: After Storing Bone DEF-breast.R
INFO: DEBUG: After Storing Bone DEF-foot.L
INFO: DEBUG: After Storing Bone DEF-foot.R
INFO: DEBUG: After Storing Bone DEF-forearm.L
INFO: DEBUG: After Storing Bone DEF-forearm.L.001
INFO: DEBUG: After Storing Bone DEF-forearm.R
INFO: DEBUG: After Storing Bone DEF-forearm.R.001
INFO: DEBUG: After Storing Bone DEF-hand.L
INFO: DEBUG: After Storing Bone DEF-hand.R
INFO: DEBUG: After Storing Bone DEF-pelvis.L
INFO: DEBUG: After Storing Bone DEF-pelvis.R
INFO: DEBUG: After Storing Bone DEF-shin.L
INFO: DEBUG: After Storing Bone DEF-shin.L.001
INFO: DEBUG: After Storing Bone DEF-shin.R
INFO: DEBUG: After Storing Bone DEF-shin.R.001
INFO: DEBUG: After Storing Bone DEF-shoulder.L
INFO: DEBUG: After Storing Bone DEF-shoulder.R
INFO: DEBUG: After Storing Bone DEF-spine
INFO: DEBUG: After Storing Bone DEF-spine.001
INFO: DEBUG: After Storing Bone DEF-spine.002
INFO: DEBUG: After Storing Bone DEF-spine.003
INFO: DEBUG: After Storing Bone DEF-spine.004
INFO: DEBUG: After Storing Bone DEF-spine.005
INFO: DEBUG: After Storing Bone DEF-spine.006
INFO: DEBUG: After Storing Bone DEF-thigh.L
INFO: DEBUG: After Storing Bone DEF-thigh.L.001
INFO: DEBUG: After Storing Bone DEF-thigh.R
INFO: DEBUG: After Storing Bone DEF-thigh.R.001
INFO: DEBUG: After Storing Bone DEF-toe.L
INFO: DEBUG: After Storing Bone DEF-toe.R
INFO: DEBUG: After Storing Bone DEF-upper_arm.L
INFO: DEBUG: After Storing Bone DEF-upper_arm.L.001
INFO: DEBUG: After Storing Bone DEF-upper_arm.R
INFO: DEBUG: After Storing Bone DEF-upper_arm.R.001
INFO: DEBUG: After Storing Bone root
INFO: DEBUG: Max Vertex Attributes: 32
INFO: Bone [DEF-spine] FINAL TRANSFORM:
INFO: mat4x4((0.991563, -0.129600, -0.002596, 0.000000), (-0.129600, -0.990764, -0.039876, 0.000000), (0.002596, 0.039876, -0.999201, 0.000000), (-0.047291, 0.039125, -0.175994, 1.000000))
INFO: Bone: DEF-spine Scale: vec3(1.000000, 1.000000, 1.000000) Translation: vec3(-0.047291, 0.039125, -0.175994) Skew: vec3(-0.000000, 0.000000, -0.000000)
INFO: Decomposed transform for DEF-spine: Translation(-0.0472908, 0.039125, -0.175994), Scale(1, 1, 1)
INFO: Bone [DEF-spine.001] FINAL TRANSFORM:
INFO: mat4x4((0.991563, -0.129600, -0.002596, 0.000000), (-0.129600, -0.990764, -0.039876, 0.000000), (0.002596, 0.039876, -0.999201, 0.000000), (-0.047291, 0.039125, -0.175994, 1.000000))
INFO: Bone: DEF-spine.001 Scale: vec3(1.000000, 1.000000, 1.000000) Translation: vec3(-0.047291, 0.039125, -0.175994) Skew: vec3(-0.000000, -0.000000, 0.000000)
INFO: Decomposed transform for DEF-spine.001: Translation(-0.0472908, 0.0391247, -0.175994), Scale(1, 1, 1)
INFO: Bone [DEF-spine.002] FINAL TRANSFORM:
INFO: mat4x4((0.991563, -0.129600, -0.002596, 0.000000), (-0.129600, -0.990764, -0.039876, 0.000000), (0.002596, 0.039876, -0.999201, 0.000000), (-0.047291, 0.039125, -0.175994, 1.000000))
INFO: Bone: DEF-spine.002 Scale: vec3(1.000000, 1.000000, 1.000000) Translation: vec3(-0.047291, 0.039125, -0.175994) Skew: vec3(-0.000000, -0.000000, 0.000000)
INFO: Decomposed transform for DEF-spine.002: Translation(-0.0472908, 0.0391248, -0.175994), Scale(1, 1, 1)
INFO: Bone [DEF-spine.003] FINAL TRANSFORM:
INFO: mat4x4((0.991563, -0.129600, -0.002596, 0.000000), (-0.129600, -0.990764, -0.039876, 0.000000), (0.002596, 0.039877, -0.999201, 0.000000), (-0.047291, 0.039125, -0.175994, 1.000000))
INFO: Bone: DEF-spine.003 Scale: vec3(1.000000, 1.000000, 1.000000) Translation: vec3(-0.047291, 0.039125, -0.175994) Skew: vec3(-0.000000, -0.000000, 0.000000)
INFO: Decomposed transform for DEF-spine.003: Translation(-0.0472907, 0.0391253, -0.175994), Scale(1, 1, 1)
INFO: Bone [DEF-spine.004] FINAL TRANSFORM:
INFO: mat4x4((0.991563, -0.129599, -0.002596, 0.000000), (-0.129599, -0.990764, -0.039877, 0.000000), (0.002596, 0.039878, -0.999201, 0.000000), (-0.047291, 0.039127, -0.175993, 1.000000))
INFO: Bone: DEF-spine.004 Scale: vec3(1.000000, 1.000000, 1.000000) Translation: vec3(-0.047291, 0.039127, -0.175993) Skew: vec3(-0.000000, -0.000000, 0.000000)
INFO: Decomposed transform for DEF-spine.004: Translation(-0.0472906, 0.0391266, -0.175993), Scale(1, 1, 1)
INFO: Bone [DEF-spine.005] FINAL TRANSFORM:
INFO: mat4x4((0.995506, -0.094533, 0.005577, 0.000000), (-0.094239, -0.994754, -0.039798, 0.000000), (0.009310, 0.039094, -0.999192, 0.000000), (-0.033505, 0.037532, -0.175972, 1.000000))
INFO: Bone: DEF-spine.005 Scale: vec3(1.000000, 1.000000, 1.000000) Translation: vec3(-0.033505, 0.037532, -0.175972) Skew: vec3(-0.000000, -0.000000, -0.000000)
INFO: Decomposed transform for DEF-spine.005: Translation(-0.0335051, 0.0375318, -0.175972), Scale(1, 1, 1)
INFO: Bone [DEF-spine.006] FINAL TRANSFORM:
INFO: mat4x4((0.997767, -0.054823, -0.038148, 0.000000), (-0.063839, -0.950704, -0.303459, 0.000000), (-0.019631, 0.305216, -0.952081, 0.000000), (-0.075338, 0.453349, -0.128481, 1.000000))
INFO: Bone: DEF-spine.006 Scale: vec3(1.000000, 1.000000, 1.000000) Translation: vec3(-0.075338, 0.453349, -0.128481) Skew: vec3(-0.000000, 0.000000, 0.000000)
INFO: Decomposed transform for DEF-spine.006: Translation(-0.075338, 0.453349, -0.128481), Scale(1, 1, 1)
INFO: Bone [DEF-shoulder.L] FINAL TRANSFORM:
INFO: mat4x4((0.991563, -0.129600, -0.002596, 0.000000), (-0.129600, -0.990764, -0.039878, 0.000000), (0.002596, 0.039878, -0.999201, 0.000000), (-0.047290, 0.039127, -0.175994, 1.000000))
INFO: Bone: DEF-shoulder.L Scale: vec3(1.000000, 1.000000, 1.000000) Translation: vec3(-0.047290, 0.039127, -0.175994) Skew: vec3(-0.000000, 0.000000, -0.000000)
INFO: Decomposed transform for DEF-shoulder.L: Translation(-0.0472904, 0.0391267, -0.175994), Scale(1, 1, 1)
INFO: Bone [DEF-upper_arm.L] FINAL TRANSFORM:
INFO: mat4x4((0.978600, 0.124004, -0.185710, 0.000000), (0.049434, -0.937271, -0.382409, 0.000000), (-0.246978, 0.344266, -0.889620, 0.000000), (-0.364174, 0.419466, -0.038733, 1.000000))
INFO: Bone: DEF-upper_arm.L Scale: vec3(1.003755, 1.013483, 0.984774) Translation: vec3(-0.364174, 0.419466, -0.038733) Skew: vec3(0.005436, -0.034184, 0.003114)
INFO: Decomposed transform for DEF-upper_arm.L: Translation(-0.364174, 0.419466, -0.0387329), Scale(1.00375, 1.01348, 0.984774)
INFO: Bone [DEF-upper_arm.L.001] FINAL TRANSFORM:
INFO: mat4x4((0.967909, 0.229632, -0.133959, 0.000000), (0.179058, -0.938378, -0.338442, 0.000000), (-0.228451, 0.281229, -0.916330, 0.000000), (-0.318413, 0.312630, -0.079066, 1.000000))
INFO: Bone: DEF-upper_arm.L.001 Scale: vec3(1.003755, 1.013483, 0.984774) Translation: vec3(-0.318413, 0.312630, -0.079066) Skew: vec3(0.005436, -0.034184, 0.003114)
INFO: Decomposed transform for DEF-upper_arm.L.001: Translation(-0.318413, 0.31263, -0.079066), Scale(1.00375, 1.01348, 0.984774)
INFO: Bone [DEF-forearm.L] FINAL TRANSFORM:
INFO: mat4x4((0.898224, 0.111767, -0.426625, 0.000000), (0.227833, -0.967798, 0.217722, 0.000000), (-0.411734, -0.305933, -0.840843, 0.000000), (-0.500836, -0.335213, 0.191125, 1.000000))
INFO: Bone: DEF-forearm.L Scale: vec3(1.000653, 1.017807, 0.983730) Translation: vec3(-0.500836, -0.335213, 0.191125) Skew: vec3(0.019343, -0.046016, 0.003527)
INFO: Decomposed transform for DEF-forearm.L: Translation(-0.500836, -0.335213, 0.191125), Scale(1.00065, 1.01781, 0.98373)
INFO: Bone [DEF-forearm.L.001] FINAL TRANSFORM:
