INFO: ImGui initialized successfully.
INFO: DEBUG: Initializing shaders...
INFO: DEBUG: Bone shader compiled successfully.
INFO: Shaders initialized successfully.
INFO: PhysicsManager initialized successfully.
INFO: Entering SceneTest2.
INFO: Loading model from path: Character_TPose_Anim wo NLA.fbx
INFO: Global inverse transform set from root node transformation.
INFO: Global inverse transform matrix: mat4x4((1.000000, -0.000000, 0.000000, -0.000000), (-0.000000, 1.000000, -0.000000, 0.000000), (0.000000, -0.000000, 1.000000, -0.000000), (-0.000000, 0.000000, -0.000000, 1.000000))
WARNING: DEBUG: Loaded Assimp Offset Matrix for bone [DEF-spine]:
mat4x4((1.000000, 0.000000, 0.000000, 0.000000), (0.000000, 0.971880, -0.235478, 0.000000), (0.000000, 0.235478, 0.971880, 0.000000), (0.000000, -0.916629, 0.341921, 1.000000))
INFO: New bone added: DEF-spine assigned index: 0
WARNING: DEBUG: Loaded Assimp Offset Matrix for bone [DEF-spine.001]:
mat4x4((1.000000, 0.000000, 0.000000, 0.000000), (0.000000, 0.992413, -0.122954, 0.000000), (0.000000, 0.122954, 0.992412, 0.000000), (0.000000, -1.104045, 0.217266, 1.000000))
INFO: New bone added: DEF-spine.001 assigned index: 1
WARNING: DEBUG: Loaded Assimp Offset Matrix for bone [DEF-spine.002]:
mat4x4((1.000000, 0.000000, 0.000000, 0.000000), (0.000000, 0.999869, 0.016174, 0.000000), (0.000000, -0.016174, 0.999869, 0.000000), (0.000000, -1.211187, 0.049404, 1.000000))
INFO: New bone added: DEF-spine.002 assigned index: 2
WARNING: DEBUG: Loaded Assimp Offset Matrix for bone [DEF-spine.003]:
mat4x4((1.000000, 0.000000, 0.000000, 0.000000), (0.000000, 0.999592, 0.028560, 0.000000), (0.000000, -0.028560, 0.999592, 0.000000), (0.000000, -1.385738, 0.032239, 1.000000))
INFO: New bone added: DEF-spine.003 assigned index: 3
WARNING: DEBUG: Loaded Assimp Offset Matrix for bone [DEF-spine.004]:
mat4x4((1.000000, 0.000000, 0.000000, 0.000000), (0.000000, 0.929516, -0.368784, 0.000000), (0.000000, 0.368784, 0.929515, 0.000000), (0.000000, -1.420450, 0.646168, 1.000000))
INFO: New bone added: DEF-spine.004 assigned index: 4
WARNING: DEBUG: Loaded Assimp Offset Matrix for bone [DEF-spine.005]:
mat4x4((1.000000, 0.000000, 0.000000, 0.000000), (0.000000, 0.982436, -0.186599, 0.000000), (0.000000, 0.186599, 0.982436, 0.000000), (0.000000, -1.575778, 0.354954, 1.000000))
INFO: New bone added: DEF-spine.005 assigned index: 5
WARNING: DEBUG: Loaded Assimp Offset Matrix for bone [DEF-spine.006]:
mat4x4((1.000000, 0.000000, 0.000000, 0.000000), (0.000000, 1.000000, 0.000000, 0.000000), (0.000000, -0.000000, 1.000000, 0.000000), (0.000000, -1.670135, 0.044083, 1.000000))
INFO: New bone added: DEF-spine.006 assigned index: 6
WARNING: DEBUG: Loaded Assimp Offset Matrix for bone [DEF-shoulder.L]:
mat4x4((0.507095, 0.861890, 0.000529, 0.000000), (-0.000074, -0.000570, 1.000000, 0.000000), (0.861890, -0.507095, -0.000226, 0.000000), (-0.004417, -0.015707, -1.510536, 1.000000))
INFO: New bone added: DEF-shoulder.L assigned index: 7
WARNING: DEBUG: Loaded Assimp Offset Matrix for bone [DEF-upper_arm.L]:
mat4x4((0.001501, 0.997443, 0.071445, 0.000000), (0.954292, -0.022782, 0.298008, 0.000000), (0.298874, 0.067732, -0.951886, 0.000000), (-1.396935, -0.136329, -0.543537, 1.000000))
INFO: New bone added: DEF-upper_arm.L assigned index: 8
WARNING: DEBUG: Loaded Assimp Offset Matrix for bone [DEF-upper_arm.L.001]:
mat4x4((0.001501, 0.997443, 0.071445, 0.000000), (0.954291, -0.022782, 0.298009, 0.000000), (0.298874, 0.067732, -0.951886, 0.000000), (-1.396935, -0.268158, -0.543538, 1.000000))
INFO: New bone added: DEF-upper_arm.L.001 assigned index: 9
WARNING: DEBUG: Loaded Assimp Offset Matrix for bone [DEF-forearm.L]:
mat4x4((0.001501, 0.999878, -0.015562, 0.000000), (0.954291, 0.003219, 0.298861, 0.000000), (0.298875, -0.015300, -0.954170, 0.000000), (-1.396935, -0.445738, -0.506697, 1.000000))
INFO: New bone added: DEF-forearm.L assigned index: 10
WARNING: DEBUG: Loaded Assimp Offset Matrix for bone [DEF-forearm.L.001]:
mat4x4((0.001501, 0.999878, -0.015562, 0.000000), (0.954291, 0.003219, 0.298862, 0.000000), (0.298875, -0.015300, -0.954170, 0.000000), (-1.396935, -0.565887, -0.506697, 1.000000))
INFO: New bone added: DEF-forearm.L.001 assigned index: 11
WARNING: DEBUG: Loaded Assimp Offset Matrix for bone [DEF-hand.L]:
mat4x4((0.028306, 0.997909, 0.058098, 0.000000), (0.953443, -0.044410, 0.298287, 0.000000), (0.300243, 0.046949, -0.952706, 0.000000), (-1.413800, -0.609125, -0.555832, 1.000000))
INFO: New bone added: DEF-hand.L assigned index: 12
WARNING: DEBUG: Loaded Assimp Offset Matrix for bone [DEF-shoulder.R]:
mat4x4((0.507095, -0.861890, -0.000529, 0.000000), (0.000074, -0.000570, 1.000000, 0.000000), (-0.861890, -0.507095, -0.000226, 0.000000), (0.004417, -0.015707, -1.510536, 1.000000))
INFO: New bone added: DEF-shoulder.R assigned index: 13
WARNING: DEBUG: Loaded Assimp Offset Matrix for bone [DEF-upper_arm.R]:
mat4x4((0.001501, -0.997443, -0.071445, 0.000000), (-0.954292, -0.022782, 0.298008, 0.000000), (-0.298874, 0.067732, -0.951886, 0.000000), (1.396935, -0.136329, -0.543537, 1.000000))
INFO: New bone added: DEF-upper_arm.R assigned index: 14
WARNING: DEBUG: Loaded Assimp Offset Matrix for bone [DEF-upper_arm.R.001]:
mat4x4((0.001501, -0.997443, -0.071445, 0.000000), (-0.954291, -0.022782, 0.298009, 0.000000), (-0.298874, 0.067732, -0.951886, 0.000000), (1.396935, -0.268158, -0.543538, 1.000000))
INFO: New bone added: DEF-upper_arm.R.001 assigned index: 15
WARNING: DEBUG: Loaded Assimp Offset Matrix for bone [DEF-forearm.R]:
mat4x4((0.001501, -0.999878, 0.015562, 0.000000), (-0.954291, 0.003219, 0.298861, 0.000000), (-0.298875, -0.015300, -0.954170, 0.000000), (1.396935, -0.445738, -0.506696, 1.000000))
INFO: New bone added: DEF-forearm.R assigned index: 16
WARNING: DEBUG: Loaded Assimp Offset Matrix for bone [DEF-forearm.R.001]:
mat4x4((0.001501, -0.999878, 0.015562, 0.000000), (-0.954291, 0.003219, 0.298861, 0.000000), (-0.298875, -0.015300, -0.954170, 0.000000), (1.396935, -0.565887, -0.506697, 1.000000))
INFO: New bone added: DEF-forearm.R.001 assigned index: 17
WARNING: DEBUG: Loaded Assimp Offset Matrix for bone [DEF-hand.R]:
mat4x4((0.028306, -0.997910, -0.058098, 0.000000), (-0.953443, -0.044411, 0.298287, 0.000000), (-0.300244, 0.046949, -0.952706, 0.000000), (1.413800, -0.609126, -0.555832, 1.000000))
INFO: New bone added: DEF-hand.R assigned index: 18
WARNING: DEBUG: Loaded Assimp Offset Matrix for bone [DEF-breast.L]:
mat4x4((-1.000000, -0.000000, 0.000000, 0.000000), (0.000000, 0.000000, 1.000000, 0.000000), (-0.000000, 1.000000, -0.000000, 0.000000), (0.107252, 0.110391, -1.378726, 1.000000))
INFO: New bone added: DEF-breast.L assigned index: 19
WARNING: DEBUG: Loaded Assimp Offset Matrix for bone [DEF-breast.R]:
mat4x4((-1.000000, 0.000000, -0.000000, 0.000000), (-0.000000, 0.000000, 1.000000, 0.000000), (0.000000, 1.000000, -0.000000, 0.000000), (-0.107252, 0.110391, -1.378726, 1.000000))
INFO: New bone added: DEF-breast.R assigned index: 20
WARNING: DEBUG: Loaded Assimp Offset Matrix for bone [DEF-pelvis.L]:
mat4x4((-0.421772, 0.536322, -0.731073, 0.000000), (-0.276838, 0.691624, 0.667096, 0.000000), (0.863406, 0.483751, -0.143234, 0.000000), (0.369463, -0.615484, -0.664677, 1.000000))
INFO: New bone added: DEF-pelvis.L assigned index: 21
WARNING: DEBUG: Loaded Assimp Offset Matrix for bone [DEF-thigh.L]:
mat4x4((0.935413, -0.093497, 0.340971, 0.000000), (-0.058897, -0.992132, -0.110475, 0.000000), (0.348618, 0.083257, -0.933560, 0.000000), (-0.033043, 1.046192, -0.002256, 1.000000))
INFO: New bone added: DEF-thigh.L assigned index: 22
WARNING: DEBUG: Loaded Assimp Offset Matrix for bone [DEF-thigh.L.001]:
mat4x4((0.935411, -0.093497, 0.340975, 0.000000), (-0.058896, -0.992132, -0.110475, 0.000000), (0.348622, 0.083257, -0.933559, 0.000000), (-0.033043, 0.792186, -0.002256, 1.000000))
INFO: New bone added: DEF-thigh.L.001 assigned index: 23
WARNING: DEBUG: Loaded Assimp Offset Matrix for bone [DEF-shin.L]:
mat4x4((0.935418, -0.049135, 0.350112, 0.000000), (-0.058899, -0.998115, 0.017290, 0.000000), (0.348603, -0.036795, -0.936548, 0.000000), (-0.033043, 0.533475, -0.071050, 1.000000))
INFO: New bone added: DEF-shin.L assigned index: 24
WARNING: DEBUG: Loaded Assimp Offset Matrix for bone [DEF-shin.L.001]:
mat4x4((0.935418, -0.049135, 0.350112, 0.000000), (-0.058899, -0.998115, 0.017290, 0.000000), (0.348602, -0.036795, -0.936549, 0.000000), (-0.033043, 0.321455, -0.071050, 1.000000))
INFO: New bone added: DEF-shin.L.001 assigned index: 25
WARNING: DEBUG: Loaded Assimp Offset Matrix for bone [DEF-foot.L]:
mat4x4((0.964083, 0.178992, 0.196227, 0.000000), (0.265600, -0.649715, -0.712269, 0.000000), (0.000001, 0.738805, -0.673920, 0.000000), (-0.087785, 0.097230, 0.030920, 1.000000))
INFO: New bone added: DEF-foot.L assigned index: 26
WARNING: DEBUG: Loaded Assimp Offset Matrix for bone [DEF-toe.L]:
mat4x4((-0.964083, 0.000000, -0.265599, 0.000000), (-0.265600, 0.000000, 0.964084, 0.000000), (0.000000, 1.000000, 0.000000, 0.000000), (0.087785, -0.018148, -0.025298, 1.000000))
INFO: New bone added: DEF-toe.L assigned index: 27
WARNING: DEBUG: Loaded Assimp Offset Matrix for bone [DEF-pelvis.R]:
mat4x4((-0.421772, -0.536322, 0.731073, 0.000000), (0.276838, 0.691624, 0.667096, 0.000000), (-0.863406, 0.483751, -0.143234, 0.000000), (-0.369463, -0.615484, -0.664677, 1.000000))
INFO: New bone added: DEF-pelvis.R assigned index: 28
WARNING: DEBUG: Loaded Assimp Offset Matrix for bone [DEF-thigh.R]:
mat4x4((0.935413, 0.093497, -0.340971, 0.000000), (0.058897, -0.992132, -0.110475, 0.000000), (-0.348618, 0.083257, -0.933560, 0.000000), (0.033043, 1.046192, -0.002256, 1.000000))
INFO: New bone added: DEF-thigh.R assigned index: 29
WARNING: DEBUG: Loaded Assimp Offset Matrix for bone [DEF-thigh.R.001]:
mat4x4((0.935411, 0.093497, -0.340975, 0.000000), (0.058896, -0.992132, -0.110475, 0.000000), (-0.348622, 0.083257, -0.933559, 0.000000), (0.033043, 0.792186, -0.002256, 1.000000))
INFO: New bone added: DEF-thigh.R.001 assigned index: 30
WARNING: DEBUG: Loaded Assimp Offset Matrix for bone [DEF-shin.R]:
mat4x4((0.935418, 0.049135, -0.350112, 0.000000), (0.058899, -0.998115, 0.017290, 0.000000), (-0.348603, -0.036795, -0.936548, 0.000000), (0.033043, 0.533475, -0.071050, 1.000000))
INFO: New bone added: DEF-shin.R assigned index: 31
WARNING: DEBUG: Loaded Assimp Offset Matrix for bone [DEF-shin.R.001]:
mat4x4((0.935418, 0.049135, -0.350112, 0.000000), (0.058899, -0.998115, 0.017290, 0.000000), (-0.348602, -0.036795, -0.936549, 0.000000), (0.033043, 0.321455, -0.071050, 1.000000))
INFO: New bone added: DEF-shin.R.001 assigned index: 32
WARNING: DEBUG: Loaded Assimp Offset Matrix for bone [DEF-foot.R]:
mat4x4((0.964083, -0.178992, -0.196227, 0.000000), (-0.265600, -0.649715, -0.712269, 0.000000), (-0.000001, 0.738805, -0.673920, 0.000000), (0.087785, 0.097230, 0.030920, 1.000000))
INFO: New bone added: DEF-foot.R assigned index: 33
WARNING: DEBUG: Loaded Assimp Offset Matrix for bone [DEF-toe.R]:
mat4x4((-0.964083, -0.000000, 0.265599, 0.000000), (0.265600, 0.000000, 0.964084, 0.000000), (-0.000000, 1.000000, 0.000000, 0.000000), (-0.087785, -0.018148, -0.025298, 1.000000))
INFO: New bone added: DEF-toe.R assigned index: 34
INFO: Mesh loaded successfully with explicit vertex and Assimp offset matrix logging.
INFO: Debug: VAO Bone IDs bound to location 3.
INFO: Debug: VAO Bone Weights bound to location 4.
INFO: Explicitly logging vertex attribute configuration:
INFO: Position bound to location 0
INFO: Normal bound to location 1
INFO: TexCoords bound to location 2
INFO: BoneIDs bound to location 3 (int attribute)
INFO: Bone Weights bound to location 4 (GL_FLOAT)
INFO: Vertex data size: 25344
INFO: Indices count: 25344
INFO: Vertex[0] Position: vec3(0.077874, 1.767432, -0.061131)
INFO: Vertex[0] Normal: vec3(0.980582, -0.019239, -0.195162)
INFO: Vertex[0] TexCoords: vec2(0.750000, 0.125000)
INFO: Vertex[0] BoneIDs: [5, 6, -1, -1]
INFO: Vertex[0] Weights: [0.032047, 0.967953, 0.000000, 0.000000]
INFO: ==== Explicit Bone Mapping BEGIN ====
INFO: Bone Mapping ID[2] maps to Bone Name[DEF-spine.002]
INFO: Bone Mapping ID[23] maps to Bone Name[DEF-thigh.L.001]
INFO: Bone Mapping ID[0] maps to Bone Name[DEF-spine]
INFO: Bone Mapping ID[1] maps to Bone Name[DEF-spine.001]
INFO: Bone Mapping ID[3] maps to Bone Name[DEF-spine.003]
INFO: Bone Mapping ID[4] maps to Bone Name[DEF-spine.004]
INFO: Bone Mapping ID[22] maps to Bone Name[DEF-thigh.L]
INFO: Bone Mapping ID[9] maps to Bone Name[DEF-upper_arm.L.001]
INFO: Bone Mapping ID[5] maps to Bone Name[DEF-spine.005]
INFO: Bone Mapping ID[32] maps to Bone Name[DEF-shin.R.001]
INFO: Bone Mapping ID[11] maps to Bone Name[DEF-forearm.L.001]
INFO: Bone Mapping ID[6] maps to Bone Name[DEF-spine.006]
INFO: Bone Mapping ID[7] maps to Bone Name[DEF-shoulder.L]
INFO: Bone Mapping ID[8] maps to Bone Name[DEF-upper_arm.L]
INFO: Bone Mapping ID[31] maps to Bone Name[DEF-shin.R]
INFO: Bone Mapping ID[10] maps to Bone Name[DEF-forearm.L]
INFO: Bone Mapping ID[12] maps to Bone Name[DEF-hand.L]
INFO: Bone Mapping ID[13] maps to Bone Name[DEF-shoulder.R]
INFO: Bone Mapping ID[14] maps to Bone Name[DEF-upper_arm.R]
INFO: Bone Mapping ID[15] maps to Bone Name[DEF-upper_arm.R.001]
INFO: Bone Mapping ID[24] maps to Bone Name[DEF-shin.L]
INFO: Bone Mapping ID[16] maps to Bone Name[DEF-forearm.R]
INFO: Bone Mapping ID[25] maps to Bone Name[DEF-shin.L.001]
INFO: Bone Mapping ID[17] maps to Bone Name[DEF-forearm.R.001]
INFO: Bone Mapping ID[18] maps to Bone Name[DEF-hand.R]
INFO: Bone Mapping ID[19] maps to Bone Name[DEF-breast.L]
INFO: Bone Mapping ID[20] maps to Bone Name[DEF-breast.R]
INFO: Bone Mapping ID[21] maps to Bone Name[DEF-pelvis.L]
INFO: Bone Mapping ID[26] maps to Bone Name[DEF-foot.L]
INFO: Bone Mapping ID[27] maps to Bone Name[DEF-toe.L]
INFO: Bone Mapping ID[28] maps to Bone Name[DEF-pelvis.R]
INFO: Bone Mapping ID[29] maps to Bone Name[DEF-thigh.R]
INFO: Bone Mapping ID[30] maps to Bone Name[DEF-thigh.R.001]
INFO: Bone Mapping ID[33] maps to Bone Name[DEF-foot.R]
INFO: Bone Mapping ID[34] maps to Bone Name[DEF-toe.R]
INFO: ==== EXPLICIT BONE MAPPING END ====
INFO: DEF-spine offset matrix explicitly logged for verification:
INFO: mat4x4((1.000000, 0.000000, 0.000000, 0.000000), (0.000000, 0.971880, -0.235478, 0.000000), (0.000000, 0.235478, 0.971880, 0.000000), (0.000000, -0.916629, 0.341921, 1.000000))
INFO: Processing node: RootNode with parent:
INFO: Processing node: Sphere with parent:
INFO: Processing node: metarig with parent:
INFO: Processing node: spine with parent:
INFO: Processing node: spine.001 with parent:
INFO: Processing node: spine.002 with parent:
INFO: Processing node: spine.003 with parent:
INFO: Processing node: spine.004 with parent:
INFO: Processing node: spine.005 with parent:
INFO: Processing node: spine.006 with parent:
INFO: Processing node: shoulder.L with parent:
INFO: Processing node: upper_arm.L with parent:
INFO: Processing node: forearm.L with parent:
INFO: Processing node: hand.L with parent:
INFO: Processing node: shoulder.R with parent:
INFO: Processing node: upper_arm.R with parent:
INFO: Processing node: forearm.R with parent:
INFO: Processing node: hand.R with parent:
INFO: Processing node: breast.L with parent:
INFO: Processing node: breast.R with parent:
INFO: Processing node: pelvis.L with parent:
INFO: Processing node: pelvis.R with parent:
INFO: Processing node: thigh.L with parent:
INFO: Processing node: shin.L with parent:
INFO: Processing node: foot.L with parent:
INFO: Processing node: toe.L with parent:
INFO: Processing node: heel.02.L with parent:
INFO: Processing node: thigh.R with parent:
INFO: Processing node: shin.R with parent:
INFO: Processing node: foot.R with parent:
INFO: Processing node: toe.R with parent:
INFO: Processing node: heel.02.R with parent:
INFO: Processing node: rig with parent:
INFO: Processing node: root with parent:
INFO: Captured local bind transform for bone [DEF-spine]: mat4x4((1.000000, 0.000000, 0.000000, 0.000000), (0.000000, 0.971880, 0.235478, 0.000000), (0.000000, -0.235478, 0.971880, 0.000000), (0.000000, 0.971368, -0.116460, 1.000000))
INFO: Processing node: DEF-spine with parent:
INFO: Bone [DEF-spine] parent set to:
INFO: Captured local bind transform for bone [DEF-spine.001]: mat4x4((1.000000, 0.000000, 0.000000, 0.000000), (0.000000, 0.993458, -0.114195, 0.000000), (0.000000, 0.114195, 0.993458, 0.000000), (0.000000, 0.155383, 0.000000, 1.000000))
INFO: Processing node: DEF-spine.001 with parent: DEF-spine
INFO: Bone [DEF-spine.001] parent set to: DEF-spine
INFO: Captured local bind transform for bone [DEF-spine.002]: mat4x4((1.000000, 0.000000, 0.000000, 0.000000), (0.000000, 0.990294, -0.138989, 0.000000), (0.000000, 0.138989, 0.990294, 0.000000), (0.000000, 0.088520, 0.000000, 1.000000))
INFO: Processing node: DEF-spine.002 with parent: DEF-spine.001
INFO: Bone [DEF-spine.002] parent set to: DEF-spine.001
INFO: Captured local bind transform for bone [DEF-spine.003]: mat4x4((1.000000, 0.000000, 0.000000, 0.000000), (0.000000, 0.999923, -0.012389, 0.000000), (0.000000, 0.012389, 0.999923, 0.000000), (0.000000, 0.174045, 0.000000, 1.000000))
INFO: Processing node: DEF-spine.003 with parent: DEF-spine.002
INFO: Bone [DEF-spine.003] parent set to: DEF-spine.002
INFO: Captured local bind transform for bone [DEF-spine.004]: mat4x4((1.000000, 0.000000, 0.000000, 0.000000), (0.000000, 0.918604, 0.395180, 0.000000), (0.000000, -0.395180, 0.918604, 0.000000), (0.000000, 0.174446, 0.000000, 1.000000))
INFO: Processing node: DEF-spine.004 with parent: DEF-spine.003
INFO: Bone [DEF-spine.004] parent set to: DEF-spine.003
INFO: Captured local bind transform for bone [DEF-spine.005]: mat4x4((1.000000, 0.000000, 0.000000, 0.000000), (0.000000, 0.982004, -0.188860, 0.000000), (0.000000, 0.188860, 0.982004, 0.000000), (0.000000, 0.059934, 0.000000, 1.000000))
INFO: Processing node: DEF-spine.005 with parent: DEF-spine.004
INFO: Bone [DEF-spine.005] parent set to: DEF-spine.004
INFO: Captured local bind transform for bone [DEF-spine.006]: mat4x4((1.000000, 0.000000, 0.000000, 0.000000), (0.000000, 0.982436, -0.186599, 0.000000), (0.000000, 0.186599, 0.982436, 0.000000), (0.000000, 0.056798, 0.000000, 1.000000))
INFO: Processing node: DEF-spine.006 with parent: DEF-spine.005
INFO: Bone [DEF-spine.006] parent set to: DEF-spine.005
INFO: Captured local bind transform for bone [DEF-shoulder.L]: mat4x4((0.507095, -0.024689, 0.861537, 0.000000), (0.861890, 0.013912, -0.506904, 0.000000), (0.000529, 0.999598, 0.028334, 0.000000), (0.016577, 0.124301, 0.070883, 1.000000))
WARNING: ARM CHAIN NODE FOUND: DEF-shoulder.L  -> Parent: DEF-spine.003
INFO: Processing node: DEF-shoulder.L with parent: DEF-spine.003
INFO: Bone [DEF-shoulder.L] parent set to: DEF-spine.003
INFO: Captured local bind transform for bone [DEF-upper_arm.L]: mat4x4((0.258290, -0.150805, 0.954224, 0.000000), (0.564177, 0.825353, -0.022273, 0.000000), (-0.784213, 0.544105, 0.298261, 0.000000), (0.007058, 0.181885, -0.018464, 1.000000))
WARNING: ARM CHAIN NODE FOUND: DEF-upper_arm.L  -> Parent: DEF-shoulder.L
INFO: Processing node: DEF-upper_arm.L with parent: DEF-shoulder.L
INFO: Bone [DEF-upper_arm.L] parent set to: DEF-shoulder.L
INFO: Captured local bind transform for bone [DEF-upper_arm.L.001]: mat4x4((1.000000, 0.000000, 0.000000, 0.000000), (0.000000, 1.000000, 0.000000, 0.000000), (0.000000, 0.000000, 1.000000, 0.000000), (-0.000000, 0.131829, -0.000000, 1.000000))
WARNING: ARM CHAIN NODE FOUND: DEF-upper_arm.L.001  -> Parent: DEF-upper_arm.L
INFO: Processing node: DEF-upper_arm.L.001 with parent: DEF-upper_arm.L
INFO: Bone [DEF-upper_arm.L.001] parent set to: DEF-upper_arm.L
INFO: Captured local bind transform for bone [DEF-forearm.L]: mat4x4((1.000000, -0.000000, -0.000000, 0.000000), (0.000000, 0.996212, 0.086960, 0.000000), (0.000000, -0.086960, 0.996212, 0.000000), (0.000000, 0.131829, 0.000000, 1.000000))
WARNING: ARM CHAIN NODE FOUND: DEF-forearm.L  -> Parent: DEF-upper_arm.L.001
INFO: Processing node: DEF-forearm.L with parent: DEF-upper_arm.L.001
INFO: Bone [DEF-forearm.L] parent set to: DEF-upper_arm.L.001
INFO: Captured local bind transform for bone [DEF-forearm.L.001]: mat4x4((1.000000, 0.000000, 0.000000, 0.000000), (0.000000, 1.000000, 0.000000, 0.000000), (0.000000, 0.000000, 1.000000, 0.000000), (-0.000000, 0.120149, 0.000000, 1.000000))
WARNING: ARM CHAIN NODE FOUND: DEF-forearm.L.001  -> Parent: DEF-forearm.L
INFO: Processing node: DEF-forearm.L.001 with parent: DEF-forearm.L
INFO: Bone [DEF-forearm.L.001] parent set to: DEF-forearm.L
INFO: Captured local bind transform for bone [DEF-hand.L]: mat4x4((0.999639, 0.026777, -0.001976, 0.000000), (-0.026850, 0.996926, -0.073599, 0.000000), (-0.000001, 0.073626, 0.997286, 0.000000), (-0.000000, 0.120149, -0.000000, 1.000000))
WARNING: ARM CHAIN NODE FOUND: DEF-hand.L  -> Parent: DEF-forearm.L.001
INFO: Processing node: DEF-hand.L with parent: DEF-forearm.L.001
INFO: Bone [DEF-hand.L] parent set to: DEF-forearm.L.001
INFO: Captured local bind transform for bone [DEF-shoulder.R]: mat4x4((0.507095, 0.024689, -0.861537, 0.000000), (-0.861890, 0.013912, -0.506904, 0.000000), (-0.000529, 0.999598, 0.028334, 0.000000), (-0.016577, 0.124301, 0.070883, 1.000000))
INFO: Processing node: DEF-shoulder.R with parent: DEF-spine.003
INFO: Bone [DEF-shoulder.R] parent set to: DEF-spine.003
INFO: Captured local bind transform for bone [DEF-upper_arm.R]: mat4x4((0.258289, 0.150806, -0.954225, 0.000000), (-0.564179, 0.825352, -0.022273, 0.000000), (0.784212, 0.544106, 0.298261, 0.000000), (-0.007058, 0.181885, -0.018464, 1.000000))
INFO: Processing node: DEF-upper_arm.R with parent: DEF-shoulder.R
INFO: Bone [DEF-upper_arm.R] parent set to: DEF-shoulder.R
INFO: Captured local bind transform for bone [DEF-upper_arm.R.001]: mat4x4((1.000000, 0.000000, 0.000000, 0.000000), (0.000000, 1.000000, 0.000000, 0.000000), (0.000000, 0.000000, 1.000000, 0.000000), (0.000000, 0.131829, -0.000000, 1.000000))
INFO: Processing node: DEF-upper_arm.R.001 with parent: DEF-upper_arm.R
INFO: Bone [DEF-upper_arm.R.001] parent set to: DEF-upper_arm.R
INFO: Captured local bind transform for bone [DEF-forearm.R]: mat4x4((1.000000, 0.000000, -0.000000, 0.000000), (-0.000000, 0.996212, 0.086960, 0.000000), (0.000000, -0.086960, 0.996212, 0.000000), (-0.000000, 0.131829, -0.000000, 1.000000))
INFO: Processing node: DEF-forearm.R with parent: DEF-upper_arm.R.001
INFO: Bone [DEF-forearm.R] parent set to: DEF-upper_arm.R.001
INFO: Captured local bind transform for bone [DEF-forearm.R.001]: mat4x4((1.000000, 0.000000, 0.000000, 0.000000), (0.000000, 1.000000, 0.000000, 0.000000), (0.000000, 0.000000, 1.000000, 0.000000), (0.000000, 0.120149, -0.000000, 1.000000))
INFO: Processing node: DEF-forearm.R.001 with parent: DEF-forearm.R
INFO: Bone [DEF-forearm.R.001] parent set to: DEF-forearm.R
INFO: Captured local bind transform for bone [DEF-hand.R]: mat4x4((0.999639, -0.026778, 0.001977, 0.000000), (0.026851, 0.996926, -0.073600, 0.000000), (-0.000000, 0.073627, 0.997286, 0.000000), (0.000000, 0.120149, 0.000000, 1.000000))
INFO: Processing node: DEF-hand.R with parent: DEF-forearm.R.001
INFO: Bone [DEF-hand.R] parent set to: DEF-forearm.R.001
INFO: Captured local bind transform for bone [DEF-breast.L]: mat4x4((-1.000000, 0.000000, 0.000000, 0.000000), (-0.000000, -0.028560, 0.999592, 0.000000), (0.000000, 0.999592, 0.028560, 0.000000), (0.107252, -0.004422, -0.038731, 1.000000))
INFO: Processing node: DEF-breast.L with parent: DEF-spine.003
INFO: Bone [DEF-breast.L] parent set to: DEF-spine.003
INFO: Captured local bind transform for bone [DEF-breast.R]: mat4x4((-1.000000, -0.000000, -0.000000, 0.000000), (0.000000, -0.028560, 0.999592, 0.000000), (-0.000000, 0.999592, 0.028560, 0.000000), (-0.107252, -0.004422, -0.038731, 1.000000))
INFO: Processing node: DEF-breast.R with parent: DEF-spine.003
INFO: Bone [DEF-breast.R] parent set to: DEF-spine.003
INFO: Captured local bind transform for bone [DEF-pelvis.L]: mat4x4((-0.421772, -0.168578, 0.890893, 0.000000), (0.536322, 0.745856, 0.395042, 0.000000), (-0.731073, 0.644423, -0.224169, 0.000000), (0.000000, -0.154366, -0.017744, 1.000000))
INFO: Processing node: DEF-pelvis.L with parent: DEF-spine.001
INFO: Bone [DEF-pelvis.L] parent set to: DEF-spine.001
INFO: Captured local bind transform for bone [DEF-thigh.L]: mat4x4((-0.077225, 0.629594, -0.773077, 0.000000), (0.385979, -0.696050, -0.605421, 0.000000), (-0.919270, -0.345145, -0.189257, 0.000000), (-0.038970, 0.132744, -0.057263, 1.000000))
INFO: Processing node: DEF-thigh.L with parent: DEF-pelvis.L
INFO: Bone [DEF-thigh.L] parent set to: DEF-pelvis.L
INFO: Captured local bind transform for bone [DEF-thigh.L.001]: mat4x4((1.000000, 0.000000, 0.000011, 0.000000), (0.000000, 1.000000, -0.000000, 0.000000), (-0.000011, 0.000000, 1.000000, 0.000000), (-0.000000, 0.254006, 0.000000, 1.000000))
INFO: Processing node: DEF-thigh.L.001 with parent: DEF-thigh.L
INFO: Bone [DEF-thigh.L.001] parent set to: DEF-thigh.L
INFO: Captured local bind transform for bone [DEF-shin.L]: mat4x4((1.000000, 0.000001, 0.000027, 0.000000), (-0.000004, 0.991792, 0.127859, 0.000000), (-0.000026, -0.127859, 0.991792, 0.000000), (-0.000000, 0.254006, 0.000000, 1.000000))
INFO: Processing node: DEF-shin.L with parent: DEF-thigh.L.001
INFO: Bone [DEF-shin.L] parent set to: DEF-thigh.L.001
INFO: Captured local bind transform for bone [DEF-shin.L.001]: mat4x4((1.000000, 0.000000, 0.000000, 0.000000), (0.000000, 1.000000, 0.000000, 0.000000), (0.000000, 0.000000, 1.000000, 0.000000), (0.000000, 0.212019, 0.000000, 1.000000))
INFO: Processing node: DEF-shin.L.001 with parent: DEF-shin.L
INFO: Bone [DEF-shin.L.001] parent set to: DEF-shin.L
INFO: Captured local bind transform for bone [DEF-foot.L]: mat4x4((0.886180, -0.312472, 0.342120, 0.000000), (0.463245, 0.612519, -0.640488, 0.000000), (-0.009420, 0.726073, 0.687553, 0.000000), (0.000000, 0.212020, 0.000000, 1.000000))
INFO: Processing node: DEF-foot.L with parent: DEF-shin.L.001
INFO: Bone [DEF-foot.L] parent set to: DEF-shin.L.001
INFO: Captured local bind transform for bone [DEF-toe.L]: mat4x4((-1.000000, -0.000005, 0.000000, 0.000000), (-0.000004, 0.738798, -0.673927, 0.000000), (0.000003, -0.673927, -0.738798, 0.000000), (0.000000, 0.093590, -0.000000, 1.000000))
INFO: Processing node: DEF-toe.L with parent: DEF-foot.L
INFO: Bone [DEF-toe.L] parent set to: DEF-foot.L
INFO: Captured local bind transform for bone [DEF-pelvis.R]: mat4x4((-0.421772, 0.168578, -0.890893, 0.000000), (-0.536322, 0.745856, 0.395042, 0.000000), (0.731073, 0.644423, -0.224169, 0.000000), (-0.000000, -0.154366, -0.017744, 1.000000))
INFO: Processing node: DEF-pelvis.R with parent: DEF-spine.001
INFO: Bone [DEF-pelvis.R] parent set to: DEF-spine.001
INFO: Captured local bind transform for bone [DEF-thigh.R]: mat4x4((-0.077225, -0.629594, 0.773077, 0.000000), (-0.385979, -0.696051, -0.605420, 0.000000), (0.919270, -0.345145, -0.189257, 0.000000), (0.038970, 0.132744, -0.057263, 1.000000))
INFO: Processing node: DEF-thigh.R with parent: DEF-pelvis.R
INFO: Bone [DEF-thigh.R] parent set to: DEF-pelvis.R
INFO: Captured local bind transform for bone [DEF-thigh.R.001]: mat4x4((1.000000, 0.000000, -0.000011, 0.000000), (-0.000000, 1.000000, 0.000000, 0.000000), (0.000011, -0.000000, 1.000000, 0.000000), (-0.000000, 0.254006, 0.000000, 1.000000))
INFO: Processing node: DEF-thigh.R.001 with parent: DEF-thigh.R
INFO: Bone [DEF-thigh.R.001] parent set to: DEF-thigh.R
INFO: Captured local bind transform for bone [DEF-shin.R]: mat4x4((1.000000, -0.000001, -0.000027, 0.000000), (0.000004, 0.991792, 0.127859, 0.000000), (0.000026, -0.127859, 0.991792, 0.000000), (0.000000, 0.254006, 0.000000, 1.000000))
INFO: Processing node: DEF-shin.R with parent: DEF-thigh.R.001
INFO: Bone [DEF-shin.R] parent set to: DEF-thigh.R.001
INFO: Captured local bind transform for bone [DEF-shin.R.001]: mat4x4((1.000000, 0.000000, 0.000000, 0.000000), (0.000000, 1.000000, 0.000000, 0.000000), (0.000000, 0.000000, 1.000000, 0.000000), (0.000000, 0.212019, -0.000000, 1.000000))
INFO: Processing node: DEF-shin.R.001 with parent: DEF-shin.R
INFO: Bone [DEF-shin.R.001] parent set to: DEF-shin.R
INFO: Captured local bind transform for bone [DEF-foot.R]: mat4x4((0.886180, 0.312472, -0.342120, 0.000000), (-0.463245, 0.612519, -0.640488, 0.000000), (0.009421, 0.726073, 0.687553, 0.000000), (-0.000000, 0.212019, -0.000000, 1.000000))
INFO: Processing node: DEF-foot.R with parent: DEF-shin.R.001
INFO: Bone [DEF-foot.R] parent set to: DEF-shin.R.001
INFO: Captured local bind transform for bone [DEF-toe.R]: mat4x4((-1.000000, 0.000006, -0.000000, 0.000000), (0.000004, 0.738798, -0.673927, 0.000000), (-0.000003, -0.673927, -0.738798, 0.000000), (-0.000000, 0.093590, -0.000000, 1.000000))
INFO: Processing node: DEF-toe.R with parent: DEF-foot.R
INFO: Bone [DEF-toe.R] parent set to: DEF-foot.R
INFO: Loaded 1 meshes.
INFO: Bone [DEF-spine] has no parent; using identity for parent transform.
INFO: Bone [DEF-spine] final computed transform: mat4x4((1.000000, 0.000000, 0.000000, 0.000000), (0.000000, 0.971880, 0.235478, 0.000000), (0.000000, -0.235478, 0.971880, 0.000000), (0.000000, 0.971368, -0.116460, 1.000000))
WARNING: Offset matrix from Assimp for bone [DEF-spine]:
mat4x4((1.000000, 0.000000, 0.000000, 0.000000), (0.000000, 0.971880, -0.235478, 0.000000), (0.000000, 0.235478, 0.971880, 0.000000), (0.000000, -0.916629, 0.341921, 1.000000))
WARNING: Recalculated offset matrix from bind pose inverse for bone [DEF-spine]:
mat4x4((1.000000, -0.000000, 0.000000, -0.000000), (-0.000000, 0.971880, -0.235478, 0.000000), (0.000000, 0.235478, 0.971880, -0.000000), (-0.000000, -0.916629, 0.341921, 1.000000))
INFO: Using cached global transform for bone DEF-spine
INFO: Bone [DEF-spine.001] parent's (DEF-spine) global transform: mat4x4((1.000000, 0.000000, 0.000000, 0.000000), (0.000000, 0.971880, 0.235478, 0.000000), (0.000000, -0.235478, 0.971880, 0.000000), (0.000000, 0.971368, -0.116460, 1.000000))
INFO: Bone [DEF-spine.001] final computed transform: mat4x4((1.000000, 0.000000, 0.000000, 0.000000), (0.000000, 0.992412, 0.122954, 0.000000), (0.000000, -0.122954, 0.992412, 0.000000), (0.000000, 1.122382, -0.079871, 1.000000))
WARNING: Offset matrix from Assimp for bone [DEF-spine.001]:
mat4x4((1.000000, 0.000000, 0.000000, 0.000000), (0.000000, 0.992413, -0.122954, 0.000000), (0.000000, 0.122954, 0.992412, 0.000000), (0.000000, -1.104045, 0.217266, 1.000000))
WARNING: Recalculated offset matrix from bind pose inverse for bone [DEF-spine.001]:
mat4x4((1.000000, -0.000000, 0.000000, -0.000000), (-0.000000, 0.992412, -0.122954, 0.000000), (0.000000, 0.122954, 0.992412, -0.000000), (-0.000000, -1.104045, 0.217266, 1.000000))
INFO: Using cached global transform for bone DEF-spine.001
INFO: Bone [DEF-spine.002] parent's (DEF-spine.001) global transform: mat4x4((1.000000, 0.000000, 0.000000, 0.000000), (0.000000, 0.992412, 0.122954, 0.000000), (0.000000, -0.122954, 0.992412, 0.000000), (0.000000, 1.122382, -0.079871, 1.000000))
INFO: Bone [DEF-spine.002] final computed transform: mat4x4((1.000000, 0.000000, 0.000000, 0.000000), (0.000000, 0.999869, -0.016174, 0.000000), (0.000000, 0.016174, 0.999869, 0.000000), (0.000000, 1.210230, -0.068987, 1.000000))
WARNING: Offset matrix from Assimp for bone [DEF-spine.002]:
mat4x4((1.000000, 0.000000, 0.000000, 0.000000), (0.000000, 0.999869, 0.016174, 0.000000), (0.000000, -0.016174, 0.999869, 0.000000), (0.000000, -1.211187, 0.049404, 1.000000))
WARNING: Recalculated offset matrix from bind pose inverse for bone [DEF-spine.002]:
mat4x4((1.000000, -0.000000, -0.000000, -0.000000), (-0.000000, 0.999869, 0.016174, 0.000000), (0.000000, -0.016174, 0.999869, -0.000000), (-0.000000, -1.211187, 0.049404, 1.000000))
INFO: Using cached global transform for bone DEF-spine.002
INFO: Bone [DEF-spine.003] parent's (DEF-spine.002) global transform: mat4x4((1.000000, 0.000000, 0.000000, 0.000000), (0.000000, 0.999869, -0.016174, 0.000000), (0.000000, 0.016174, 0.999869, 0.000000), (0.000000, 1.210230, -0.068987, 1.000000))
INFO: Bone [DEF-spine.003] final computed transform: mat4x4((1.000000, 0.000000, 0.000000, 0.000000), (0.000000, 0.999592, -0.028560, 0.000000), (0.000000, 0.028560, 0.999592, 0.000000), (0.000000, 1.384251, -0.071802, 1.000000))
WARNING: Offset matrix from Assimp for bone [DEF-spine.003]:
mat4x4((1.000000, 0.000000, 0.000000, 0.000000), (0.000000, 0.999592, 0.028560, 0.000000), (0.000000, -0.028560, 0.999592, 0.000000), (0.000000, -1.385738, 0.032239, 1.000000))
WARNING: Recalculated offset matrix from bind pose inverse for bone [DEF-spine.003]:
mat4x4((1.000000, -0.000000, -0.000000, -0.000000), (-0.000000, 0.999592, 0.028560, 0.000000), (0.000000, -0.028560, 0.999592, -0.000000), (-0.000000, -1.385737, 0.032239, 1.000000))
INFO: Using cached global transform for bone DEF-spine.003
INFO: Bone [DEF-spine.004] parent's (DEF-spine.003) global transform: mat4x4((1.000000, 0.000000, 0.000000, 0.000000), (0.000000, 0.999592, -0.028560, 0.000000), (0.000000, 0.028560, 0.999592, 0.000000), (0.000000, 1.384251, -0.071802, 1.000000))
INFO: Bone [DEF-spine.004] final computed transform: mat4x4((1.000000, 0.000000, 0.000000, 0.000000), (0.000000, 0.929515, 0.368784, 0.000000), (0.000000, -0.368784, 0.929515, 0.000000), (0.000000, 1.558626, -0.076784, 1.000000))
WARNING: Offset matrix from Assimp for bone [DEF-spine.004]:
mat4x4((1.000000, 0.000000, 0.000000, 0.000000), (0.000000, 0.929516, -0.368784, 0.000000), (0.000000, 0.368784, 0.929515, 0.000000), (0.000000, -1.420450, 0.646168, 1.000000))
WARNING: Recalculated offset matrix from bind pose inverse for bone [DEF-spine.004]:
mat4x4((1.000000, -0.000000, 0.000000, -0.000000), (-0.000000, 0.929515, -0.368784, 0.000000), (0.000000, 0.368784, 0.929515, -0.000000), (-0.000000, -1.420450, 0.646169, 1.000000))
INFO: Using cached global transform for bone DEF-spine.004
INFO: Bone [DEF-spine.005] parent's (DEF-spine.004) global transform: mat4x4((1.000000, 0.000000, 0.000000, 0.000000), (0.000000, 0.929515, 0.368784, 0.000000), (0.000000, -0.368784, 0.929515, 0.000000), (0.000000, 1.558626, -0.076784, 1.000000))
INFO: Bone [DEF-spine.005] final computed transform: mat4x4((1.000000, 0.000000, 0.000000, 0.000000), (0.000000, 0.982436, 0.186599, 0.000000), (0.000000, -0.186599, 0.982436, 0.000000), (0.000000, 1.614335, -0.054682, 1.000000))
WARNING: Offset matrix from Assimp for bone [DEF-spine.005]:
mat4x4((1.000000, 0.000000, 0.000000, 0.000000), (0.000000, 0.982436, -0.186599, 0.000000), (0.000000, 0.186599, 0.982436, 0.000000), (0.000000, -1.575778, 0.354954, 1.000000))
WARNING: Recalculated offset matrix from bind pose inverse for bone [DEF-spine.005]:
mat4x4((1.000000, -0.000000, 0.000000, -0.000000), (-0.000000, 0.982436, -0.186599, 0.000000), (0.000000, 0.186599, 0.982436, -0.000000), (-0.000000, -1.575778, 0.354955, 1.000000))
INFO: Using cached global transform for bone DEF-spine.005
INFO: Bone [DEF-spine.006] parent's (DEF-spine.005) global transform: mat4x4((1.000000, 0.000000, 0.000000, 0.000000), (0.000000, 0.982436, 0.186599, 0.000000), (0.000000, -0.186599, 0.982436, 0.000000), (0.000000, 1.614335, -0.054682, 1.000000))
INFO: Bone [DEF-spine.006] final computed transform: mat4x4((1.000000, 0.000000, 0.000000, 0.000000), (0.000000, 1.000000, 0.000000, 0.000000), (0.000000, -0.000000, 1.000000, 0.000000), (0.000000, 1.670135, -0.044083, 1.000000))
WARNING: Offset matrix from Assimp for bone [DEF-spine.006]:
mat4x4((1.000000, 0.000000, 0.000000, 0.000000), (0.000000, 1.000000, 0.000000, 0.000000), (0.000000, -0.000000, 1.000000, 0.000000), (0.000000, -1.670135, 0.044083, 1.000000))
WARNING: Recalculated offset matrix from bind pose inverse for bone [DEF-spine.006]:
mat4x4((1.000000, -0.000000, 0.000000, -0.000000), (-0.000000, 1.000000, -0.000000, 0.000000), (0.000000, 0.000000, 1.000000, -0.000000), (-0.000000, -1.670135, 0.044083, 1.000000))
INFO: Using cached global transform for bone DEF-spine.003
INFO: Bone [DEF-shoulder.L] parent's (DEF-spine.003) global transform: mat4x4((1.000000, 0.000000, 0.000000, 0.000000), (0.000000, 0.999592, -0.028560, 0.000000), (0.000000, 0.028560, 0.999592, 0.000000), (0.000000, 1.384251, -0.071802, 1.000000))
INFO: Bone [DEF-shoulder.L] final computed transform: mat4x4((0.507095, -0.000074, 0.861890, 0.000000), (0.861890, -0.000571, -0.507095, 0.000000), (0.000529, 1.000000, -0.000226, 0.000000), (0.016577, 1.510526, -0.004498, 1.000000))
WARNING: Offset matrix from Assimp for bone [DEF-shoulder.L]:
mat4x4((0.507095, 0.861890, 0.000529, 0.000000), (-0.000074, -0.000570, 1.000000, 0.000000), (0.861890, -0.507095, -0.000226, 0.000000), (-0.004417, -0.015707, -1.510536, 1.000000))
WARNING: Recalculated offset matrix from bind pose inverse for bone [DEF-shoulder.L]:
mat4x4((0.507095, 0.861890, 0.000529, -0.000000), (-0.000074, -0.000571, 1.000000, 0.000000), (0.861890, -0.507095, -0.000226, -0.000000), (-0.004417, -0.015706, -1.510536, 1.000000))
INFO: DEBUG: Arm bone [DEF-upper_arm.L] local transform: mat4x4((0.258290, -0.150805, 0.954224, 0.000000), (0.564177, 0.825353, -0.022273, 0.000000), (-0.784213, 0.544105, 0.298261, 0.000000), (0.007058, 0.181885, -0.018464, 1.000000))
INFO: Using cached global transform for bone DEF-shoulder.L
INFO: Bone [DEF-upper_arm.L] parent's (DEF-shoulder.L) global transform: mat4x4((0.507095, -0.000074, 0.861890, 0.000000), (0.861890, -0.000571, -0.507095, 0.000000), (0.000529, 1.000000, -0.000226, 0.000000), (0.016577, 1.510526, -0.004498, 1.000000))
INFO: DEBUG: Arm bone [DEF-upper_arm.L] final global transform: mat4x4((0.001505, 0.954291, 0.298875, 0.000000), (0.997443, -0.022786, 0.067732, 0.000000), (0.071446, 0.298009, -0.951886, 0.000000), (0.176911, 1.491958, -0.090643, 1.000000))
INFO: Bone [DEF-upper_arm.L] final computed transform: mat4x4((0.001505, 0.954291, 0.298875, 0.000000), (0.997443, -0.022786, 0.067732, 0.000000), (0.071446, 0.298009, -0.951886, 0.000000), (0.176911, 1.491958, -0.090643, 1.000000))
WARNING: Offset matrix from Assimp for bone [DEF-upper_arm.L]:
mat4x4((0.001501, 0.997443, 0.071445, 0.000000), (0.954292, -0.022782, 0.298008, 0.000000), (0.298874, 0.067732, -0.951886, 0.000000), (-1.396935, -0.136329, -0.543537, 1.000000))
WARNING: Recalculated offset matrix from bind pose inverse for bone [DEF-upper_arm.L]:
mat4x4((0.001505, 0.997443, 0.071446, -0.000000), (0.954291, -0.022786, 0.298009, 0.000000), (0.298875, 0.067732, -0.951886, -0.000000), (-1.396937, -0.136323, -0.543538, 1.000000))
INFO: Using cached global transform for bone DEF-upper_arm.L
INFO: Bone [DEF-upper_arm.L.001] parent's (DEF-upper_arm.L) global transform: mat4x4((0.001505, 0.954291, 0.298875, 0.000000), (0.997443, -0.022786, 0.067732, 0.000000), (0.071446, 0.298009, -0.951886, 0.000000), (0.176911, 1.491958, -0.090643, 1.000000))
INFO: Bone [DEF-upper_arm.L.001] final computed transform: mat4x4((0.001505, 0.954291, 0.298875, 0.000000), (0.997443, -0.022786, 0.067732, 0.000000), (0.071446, 0.298009, -0.951886, 0.000000), (0.308403, 1.488954, -0.081714, 1.000000))
WARNING: Offset matrix from Assimp for bone [DEF-upper_arm.L.001]:
mat4x4((0.001501, 0.997443, 0.071445, 0.000000), (0.954291, -0.022782, 0.298009, 0.000000), (0.298874, 0.067732, -0.951886, 0.000000), (-1.396935, -0.268158, -0.543538, 1.000000))
WARNING: Recalculated offset matrix from bind pose inverse for bone [DEF-upper_arm.L.001]:
mat4x4((0.001505, 0.997443, 0.071446, -0.000000), (0.954291, -0.022786, 0.298009, 0.000000), (0.298875, 0.067732, -0.951886, -0.000000), (-1.396937, -0.268152, -0.543538, 1.000000))
INFO: Using cached global transform for bone DEF-upper_arm.L.001
