    transPrev = vec3(0.000000, 0.198684, 0.000000)
    transCurr = vec3(0.000000, 0.198684, 0.000000)
    transNext = vec3(0.000000, 0.198684, 0.000000)
    deltaPrev = 0.000000, deltaNext = 0.000000, deltaSpan = 0.000000
WARNING: [DEBUG TRANSLATION] Bone DEF-shin.L @frame=58
    transPrev = vec3(-0.000000, 0.227873, -0.000000)
    transCurr = vec3(-0.000000, 0.227873, -0.000000)
    transNext = vec3(-0.000000, 0.227873, -0.000000)
    deltaPrev = 0.000000, deltaNext = 0.000000, deltaSpan = 0.000000
WARNING: [DEBUG TRANSLATION] Bone DEF-shin.L.001 @frame=58
    transPrev = vec3(-0.000000, 0.198684, 0.000000)
    transCurr = vec3(-0.000000, 0.198684, 0.000000)
    transNext = vec3(-0.000000, 0.198684, 0.000000)
    deltaPrev = 0.000000, deltaNext = 0.000000, deltaSpan = 0.000000
WARNING: [DEBUG TRANSLATION] Bone DEF-shin.R @frame=58
    transPrev = vec3(-0.000000, 0.227874, 0.000000)
    transCurr = vec3(-0.000000, 0.227874, 0.000000)
    transNext = vec3(-0.000000, 0.227874, 0.000000)
    deltaPrev = 0.000000, deltaNext = 0.000000, deltaSpan = 0.000000
WARNING: [DEBUG TRANSLATION] Bone DEF-shin.R.001 @frame=58
    transPrev = vec3(-0.000000, 0.198684, 0.000000)
    transCurr = vec3(-0.000000, 0.198684, 0.000000)
    transNext = vec3(0.000000, 0.198684, 0.000000)
    deltaPrev = 0.000000, deltaNext = 0.000000, deltaSpan = 0.000000
WARNING: [DEBUG TRANSLATION] Bone DEF-thigh.L @frame=58
    transPrev = vec3(-0.018545, 0.099911, -0.031250)
    transCurr = vec3(-0.018545, 0.099911, -0.031250)
    transNext = vec3(-0.018545, 0.099911, -0.031250)
    deltaPrev = 0.000000, deltaNext = 0.000000, deltaSpan = 0.000000
WARNING: [DEBUG TRANSLATION] Bone DEF-thigh.L.001 @frame=58
    transPrev = vec3(0.000000, 0.227874, -0.000000)
    transCurr = vec3(0.000000, 0.227874, -0.000000)
    transNext = vec3(0.000000, 0.227874, -0.000000)
    deltaPrev = 0.000000, deltaNext = 0.000000, deltaSpan = 0.000000
WARNING: [DEBUG TRANSLATION] Bone DEF-thigh.R @frame=58
    transPrev = vec3(0.018545, 0.099912, -0.031250)
    transCurr = vec3(0.018545, 0.099911, -0.031250)
    transNext = vec3(0.018545, 0.099912, -0.031250)
    deltaPrev = 0.000000, deltaNext = 0.000000, deltaSpan = 0.000000
WARNING: [DEBUG TRANSLATION] Bone DEF-thigh.R.001 @frame=58
    transPrev = vec3(0.000000, 0.227874, -0.000000)
    transCurr = vec3(0.000000, 0.227874, -0.000000)
    transNext = vec3(0.000000, 0.227874, -0.000000)
    deltaPrev = 0.000000, deltaNext = 0.000000, deltaSpan = 0.000000
WARNING: [BAKE] Starting dense bake at 60 FPS
WARNING: DEBUG: animationTime = 0.000000
WARNING: DEBUG: Interpolating between keyframes 0 (time = 0.000000) and 1 (time = 0.016667)
WARNING: DEBUG: Lerp factor = 0.000000
WARNING: [WIGGLE-CHECK] DEF-forearm.L | Frame 0 -> 1 | Pos: vec3(-0.000000, 0.129039, -0.000000) | Rot (quat): quat(0.891529, {0.447826, -0.060852, 0.030420})
WARNING: [WIGGLE-CHECK-DELTA] DEF-forearm.L | Frame 0 -> 1 | Angle Delta: 0.000075
WARNING: [WIGGLE-CHECK] DEF-forearm.R | Frame 0 -> 1 | Pos: vec3(-0.000000, 0.129039, 0.000000) | Rot (quat): quat(0.966887, {0.239346, 0.086026, -0.021044})
WARNING: [WIGGLE-CHECK-DELTA] DEF-forearm.R | Frame 0 -> 1 | Angle Delta: 0.032149
WARNING: [WIGGLE-CHECK] DEF-hand.L | Frame 0 -> 1 | Pos: vec3(-0.000000, 0.113552, -0.000000) | Rot (quat): quat(0.969132, {-0.215405, 0.084795, 0.084815})
WARNING: [WIGGLE-CHECK-DELTA] DEF-hand.L | Frame 0 -> 1 | Angle Delta: 0.036072
WARNING: [WIGGLE-CHECK] DEF-hand.R | Frame 0 -> 1 | Pos: vec3(-0.000000, 0.113552, -0.000000) | Rot (quat): quat(0.953284, {-0.269305, -0.118866, 0.067788})
WARNING: [WIGGLE-CHECK-DELTA] DEF-hand.R | Frame 0 -> 1 | Angle Delta: 0.023244
WARNING: [WIGGLE-CHECK] DEF-shoulder.L | Frame 0 -> 1 | Pos: vec3(0.015733, -0.017133, 0.080605) | Rot (quat): quat(-0.481240, {0.703011, 0.434185, 0.292690})
WARNING: [WIGGLE-CHECK-DELTA] DEF-shoulder.L | Frame 0 -> 1 | Angle Delta: 0.000009
WARNING: [WIGGLE-CHECK] DEF-shoulder.R | Frame 0 -> 1 | Pos: vec3(-0.015733, -0.017133, 0.080605) | Rot (quat): quat(-0.481240, {0.703011, -0.434185, -0.292690})
WARNING: [WIGGLE-CHECK-DELTA] DEF-shoulder.R | Frame 0 -> 1 | Angle Delta: 0.000002
WARNING: [WIGGLE-CHECK] DEF-upper_arm.L | Frame 0 -> 1 | Pos: vec3(0.004115, 0.189038, -0.016364) | Rot (quat): quat(0.136829, {-0.287326, 0.807481, -0.496685})
WARNING: [WIGGLE-CHECK-DELTA] DEF-upper_arm.L | Frame 0 -> 1 | Angle Delta: 0.067778
WARNING: [WIGGLE-CHECK] DEF-upper_arm.R | Frame 0 -> 1 | Pos: vec3(-0.004115, 0.189038, -0.016364) | Rot (quat): quat(0.262081, {-0.038736, -0.675533, 0.688090})
WARNING: [WIGGLE-CHECK-DELTA] DEF-upper_arm.R | Frame 0 -> 1 | Angle Delta: 0.047992
WARNING: DEBUG: animationTime = 0.016667
WARNING: DEBUG: Interpolating between keyframes 1 (time = 0.016667) and 2 (time = 0.033333)
WARNING: DEBUG: Lerp factor = 0.000000
WARNING: [WIGGLE-CHECK] DEF-forearm.L | Frame 1 -> 2 | Pos: vec3(-0.000000, 0.129039, 0.000000) | Rot (quat): quat(0.891528, {0.447827, -0.060852, 0.030420})
WARNING: [WIGGLE-CHECK-DELTA] DEF-forearm.L | Frame 1 -> 2 | Angle Delta: 0.067157
WARNING: [WIGGLE-CHECK] DEF-forearm.R | Frame 1 -> 2 | Pos: vec3(-0.000000, 0.129039, 0.000000) | Rot (quat): quat(0.966825, {0.239614, 0.085969, -0.021055})
WARNING: [WIGGLE-CHECK-DELTA] DEF-forearm.R | Frame 1 -> 2 | Angle Delta: 0.092688
WARNING: [WIGGLE-CHECK] DEF-hand.L | Frame 1 -> 2 | Pos: vec3(-0.000000, 0.113552, -0.000000) | Rot (quat): quat(0.969205, {-0.215147, 0.084777, 0.084651})
WARNING: [WIGGLE-CHECK-DELTA] DEF-hand.L | Frame 1 -> 2 | Angle Delta: 0.061959
WARNING: [WIGGLE-CHECK] DEF-hand.R | Frame 1 -> 2 | Pos: vec3(-0.000000, 0.113552, -0.000000) | Rot (quat): quat(0.953230, {-0.269492, -0.118844, 0.067841})
WARNING: [WIGGLE-CHECK-DELTA] DEF-hand.R | Frame 1 -> 2 | Angle Delta: 0.065353
WARNING: [WIGGLE-CHECK] DEF-shoulder.L | Frame 1 -> 2 | Pos: vec3(0.015733, -0.017133, 0.080605) | Rot (quat): quat(-0.481240, {0.703011, 0.434185, 0.292690})
WARNING: [WIGGLE-CHECK-DELTA] DEF-shoulder.L | Frame 1 -> 2 | Angle Delta: 0.000000
WARNING: [WIGGLE-CHECK] DEF-shoulder.R | Frame 1 -> 2 | Pos: vec3(-0.015733, -0.017133, 0.080605) | Rot (quat): quat(-0.481240, {0.703011, -0.434185, -0.292690})
WARNING: [WIGGLE-CHECK-DELTA] DEF-shoulder.R | Frame 1 -> 2 | Angle Delta: 0.000000
WARNING: Runtime Interp [JAB HEAD]: Bone DEF-spine from frame 1 to 2 | t=0.016667
mat4x4((0.991563, -0.129599, -0.002596, 0.000000), (-0.034867, -0.285948, 0.957611, 0.000000), (-0.124848, -0.949441, -0.288054, 0.000000), (0.025109, 0.167290, 0.713263, 1.000000))
WARNING: Runtime Interp [JAB HEAD]: Bone DEF-spine.001 from frame 1 to 2 | t=0.016667
mat4x4((1.000000, -0.000000, -0.000000, 0.000000), (0.000000, 0.991686, -0.128684, 0.000000), (0.000000, 0.128684, 0.991686, 0.000000), (0.000000, 0.130866, 0.000000, 1.000000))
WARNING: Runtime Interp [JAB HEAD]: Bone DEF-spine.002 from frame 1 to 2 | t=0.016667
mat4x4((1.000000, -0.000000, 0.000000, 0.000000), (0.000000, 0.987999, -0.154463, 0.000000), (-0.000000, 0.154463, 0.987999, 0.000000), (-0.000000, 0.117469, 0.000000, 1.000000))
WARNING: Runtime Interp [JAB HEAD]: Bone DEF-spine.003 from frame 1 to 2 | t=0.016667
mat4x4((1.000000, 0.000000, 0.000000, 0.000000), (-0.000000, 0.999995, 0.003255, 0.000000), (-0.000000, -0.003255, 0.999995, 0.000000), (0.000000, 0.148635, -0.000000, 1.000000))
WARNING: Runtime Interp [JAB HEAD]: Bone DEF-spine.004 from frame 1 to 2 | t=0.016667
mat4x4((1.000000, -0.000000, -0.000000, 0.000000), (0.000000, 0.918603, 0.395181, 0.000000), (0.000000, -0.395181, 0.918603, 0.000000), (0.000000, 0.165564, 0.000000, 1.000000))
WARNING: Runtime Interp [JAB HEAD]: Bone DEF-spine.005 from frame 1 to 2 | t=0.016667
mat4x4((0.990020, -0.026615, -0.138390, 0.000000), (0.000008, 0.982014, -0.188807, 0.000000), (0.140926, 0.186922, 0.972214, 0.000000), (-0.000000, 0.056882, 0.000000, 1.000000))
WARNING: Runtime Interp [JAB HEAD]: Bone DEF-spine.006 from frame 1 to 2 | t=0.016667
mat4x4((0.986936, -0.096846, -0.128755, 0.000000), (0.110523, 0.988449, 0.103703, 0.000000), (0.117224, -0.116578, 0.986239, 0.000000), (-0.000000, 0.053906, 0.000000, 1.000000))
WARNING: Runtime Interp [JAB HEAD]: Bone DEF-thigh.L from frame 1 to 2 | t=0.016667
mat4x4((-0.482028, 0.716756, -0.539579, 0.000000), (0.663382, -0.077294, -0.695300, 0.000000), (-0.560176, -0.718909, -0.454543, 0.000000), (-0.018545, 0.099911, -0.031250, 1.000000))
WARNING: Runtime Interp [JAB HEAD]: Bone DEF-thigh.L.001 from frame 1 to 2 | t=0.016667
mat4x4((0.998892, -0.000000, -0.047059, 0.000000), (0.000000, 1.000000, -0.000000, 0.000000), (0.047059, 0.000000, 0.998892, 0.000000), (-0.000000, 0.227874, 0.000000, 1.000000))
WARNING: Runtime Interp [JAB HEAD]: Bone DEF-thigh.R from frame 1 to 2 | t=0.016667
mat4x4((-0.435384, -0.760171, 0.519534, 0.000000), (-0.419009, -0.313369, -0.809656, 0.000000), (0.807341, -0.591489, -0.188881, 0.000000), (0.018545, 0.099912, -0.031250, 1.000000))
WARNING: Runtime Interp [JAB HEAD]: Bone DEF-thigh.R.001 from frame 1 to 2 | t=0.016667
mat4x4((0.998953, 0.000001, 0.045744, 0.000000), (-0.000001, 1.000000, -0.000000, 0.000000), (-0.045744, -0.000000, 0.998953, 0.000000), (-0.000000, 0.227874, 0.000000, 1.000000))
WARNING: [WIGGLE-CHECK] DEF-upper_arm.L | Frame 1 -> 2 | Pos: vec3(0.004115, 0.189038, -0.016364) | Rot (quat): quat(0.136661, {-0.287041, 0.807825, -0.496336})
WARNING: [WIGGLE-CHECK-DELTA] DEF-upper_arm.L | Frame 1 -> 2 | Angle Delta: 0.082922
WARNING: [WIGGLE-CHECK] DEF-upper_arm.R | Frame 1 -> 2 | Pos: vec3(-0.004115, 0.189038, -0.016364) | Rot (quat): quat(0.262136, {-0.039023, -0.675728, 0.687862})
WARNING: [WIGGLE-CHECK-DELTA] DEF-upper_arm.R | Frame 1 -> 2 | Angle Delta: 0.058353
WARNING: DEBUG: animationTime = 0.033333
WARNING: DEBUG: Interpolating between keyframes 2 (time = 0.033333) and 3 (time = 0.050000)
WARNING: DEBUG: Lerp factor = 0.000000
WARNING: [WIGGLE-CHECK] DEF-forearm.L | Frame 2 -> 3 | Pos: vec3(-0.000000, 0.129039, -0.000000) | Rot (quat): quat(0.891778, {0.447312, -0.060976, 0.030438})
WARNING: [WIGGLE-CHECK-DELTA] DEF-forearm.L | Frame 2 -> 3 | Angle Delta: 0.036695
WARNING: [WIGGLE-CHECK] DEF-forearm.R | Frame 2 -> 3 | Pos: vec3(-0.000000, 0.129039, 0.000000) | Rot (quat): quat(0.966636, {0.240395, 0.085901, -0.021109})
WARNING: [WIGGLE-CHECK-DELTA] DEF-forearm.R | Frame 2 -> 3 | Angle Delta: 0.149408
WARNING: [WIGGLE-CHECK] DEF-hand.L | Frame 2 -> 3 | Pos: vec3(-0.000000, 0.113552, -0.000000) | Rot (quat): quat(0.969315, {-0.214862, 0.084682, 0.084214})
WARNING: [WIGGLE-CHECK-DELTA] DEF-hand.L | Frame 2 -> 3 | Angle Delta: 0.114903
WARNING: [WIGGLE-CHECK] DEF-hand.R | Frame 2 -> 3 | Pos: vec3(-0.000000, 0.113552, -0.000000) | Rot (quat): quat(0.953074, {-0.270040, -0.118848, 0.067849})
WARNING: [WIGGLE-CHECK-DELTA] DEF-hand.R | Frame 2 -> 3 | Angle Delta: 0.105545
WARNING: [WIGGLE-CHECK] DEF-shoulder.L | Frame 2 -> 3 | Pos: vec3(0.015733, -0.017133, 0.080605) | Rot (quat): quat(-0.481240, {0.703011, 0.434185, 0.292690})
WARNING: [WIGGLE-CHECK-DELTA] DEF-shoulder.L | Frame 2 -> 3 | Angle Delta: 0.000000
WARNING: [WIGGLE-CHECK] DEF-shoulder.R | Frame 2 -> 3 | Pos: vec3(-0.015733, -0.017133, 0.080605) | Rot (quat): quat(-0.481240, {0.703011, -0.434185, -0.292690})
WARNING: [WIGGLE-CHECK-DELTA] DEF-shoulder.R | Frame 2 -> 3 | Angle Delta: 0.000000
WARNING: Runtime Interp [JAB HEAD]: Bone DEF-spine from frame 2 to 3 | t=0.033333
mat4x4((0.991563, -0.129599, -0.002596, 0.000000), (-0.034867, -0.285947, 0.957611, 0.000000), (-0.124848, -0.949441, -0.288054, 0.000000), (0.024360, 0.167290, 0.713263, 1.000000))
WARNING: Runtime Interp [JAB HEAD]: Bone DEF-spine.001 from frame 2 to 3 | t=0.033333
mat4x4((1.000000, -0.000000, -0.000000, 0.000000), (0.000000, 0.991686, -0.128684, 0.000000), (0.000000, 0.128684, 0.991686, 0.000000), (0.000000, 0.130866, 0.000000, 1.000000))
WARNING: Runtime Interp [JAB HEAD]: Bone DEF-spine.002 from frame 2 to 3 | t=0.033333
mat4x4((1.000000, -0.000000, 0.000000, 0.000000), (0.000000, 0.987999, -0.154463, 0.000000), (-0.000000, 0.154463, 0.987999, 0.000000), (-0.000000, 0.117469, 0.000000, 1.000000))
WARNING: Runtime Interp [JAB HEAD]: Bone DEF-spine.003 from frame 2 to 3 | t=0.033333
mat4x4((1.000000, 0.000000, 0.000000, 0.000000), (-0.000000, 0.999995, 0.003255, 0.000000), (-0.000000, -0.003255, 0.999995, 0.000000), (0.000000, 0.148635, -0.000000, 1.000000))
WARNING: Runtime Interp [JAB HEAD]: Bone DEF-spine.004 from frame 2 to 3 | t=0.033333
mat4x4((1.000000, -0.000000, -0.000000, 0.000000), (0.000000, 0.918603, 0.395181, 0.000000), (0.000000, -0.395181, 0.918603, 0.000000), (0.000000, 0.165564, 0.000000, 1.000000))
WARNING: Runtime Interp [JAB HEAD]: Bone DEF-spine.005 from frame 2 to 3 | t=0.033333
mat4x4((0.990226, -0.026341, -0.136959, 0.000000), (0.000012, 0.982019, -0.188780, 0.000000), (0.139469, 0.186933, 0.972422, 0.000000), (-0.000000, 0.056882, 0.000000, 1.000000))
WARNING: Runtime Interp [JAB HEAD]: Bone DEF-spine.006 from frame 2 to 3 | t=0.033333
mat4x4((0.987174, -0.096267, -0.127356, 0.000000), (0.109739, 0.988571, 0.103372, 0.000000), (0.115949, -0.116022, 0.986456, 0.000000), (-0.000000, 0.053906, 0.000000, 1.000000))
WARNING: Runtime Interp [JAB HEAD]: Bone DEF-thigh.L from frame 2 to 3 | t=0.033333
mat4x4((-0.493508, 0.726639, -0.515440, 0.000000), (0.645058, -0.068326, -0.713934, 0.000000), (-0.574317, -0.709948, -0.450965, 0.000000), (-0.018545, 0.099911, -0.031250, 1.000000))
WARNING: Runtime Interp [JAB HEAD]: Bone DEF-thigh.L.001 from frame 2 to 3 | t=0.033333
mat4x4((0.998887, -0.000000, -0.047168, 0.000000), (0.000000, 1.000000, -0.000000, 0.000000), (0.047168, 0.000000, 0.998887, 0.000000), (-0.000000, 0.227874, 0.000000, 1.000000))
WARNING: Runtime Interp [JAB HEAD]: Bone DEF-thigh.R from frame 2 to 3 | t=0.033333
mat4x4((-0.434644, -0.759803, 0.520690, 0.000000), (-0.419988, -0.313925, -0.808670, 0.000000), (0.807115, -0.591591, -0.189526, 0.000000), (0.018545, 0.099911, -0.031250, 1.000000))
WARNING: Runtime Interp [JAB HEAD]: Bone DEF-thigh.R.001 from frame 2 to 3 | t=0.033333
mat4x4((0.998958, 0.000002, 0.045643, 0.000000), (-0.000002, 1.000000, 0.000000, 0.000000), (-0.045643, -0.000000, 0.998958, 0.000000), (-0.000000, 0.227874, 0.000000, 1.000000))
WARNING: [WIGGLE-CHECK] DEF-upper_arm.L | Frame 2 -> 3 | Pos: vec3(0.004115, 0.189038, -0.016364) | Rot (quat): quat(0.136731, {-0.286617, 0.808224, -0.495912})
WARNING: [WIGGLE-CHECK-DELTA] DEF-upper_arm.L | Frame 2 -> 3 | Angle Delta: 0.104782
WARNING: [WIGGLE-CHECK] DEF-upper_arm.R | Frame 2 -> 3 | Pos: vec3(-0.004115, 0.189038, -0.016364) | Rot (quat): quat(0.262063, {-0.039458, -0.675911, 0.687685})
WARNING: [WIGGLE-CHECK-DELTA] DEF-upper_arm.R | Frame 2 -> 3 | Angle Delta: 0.073405
WARNING: DEBUG: animationTime = 0.050000
WARNING: DEBUG: Interpolating between keyframes 2 (time = 0.033333) and 3 (time = 0.050000)
WARNING: DEBUG: Lerp factor = 1.000000
WARNING: [WIGGLE-CHECK] DEF-forearm.L | Frame 2 -> 3 | Pos: vec3(-0.000000, 0.129039, -0.000000) | Rot (quat): quat(0.891898, {0.447052, -0.061112, 0.030483})
WARNING: [WIGGLE-CHECK-DELTA] DEF-forearm.L | Frame 2 -> 3 | Angle Delta: 0.036695
WARNING: [WIGGLE-CHECK] DEF-forearm.R | Frame 2 -> 3 | Pos: vec3(-0.000000, 0.129039, 0.000000) | Rot (quat): quat(0.966327, {0.241656, 0.085822, -0.021207})
WARNING: [WIGGLE-CHECK-DELTA] DEF-forearm.R | Frame 2 -> 3 | Angle Delta: 0.149408
WARNING: [WIGGLE-CHECK] DEF-hand.L | Frame 2 -> 3 | Pos: vec3(-0.000000, 0.113552, -0.000000) | Rot (quat): quat(0.969533, {-0.214209, 0.084547, 0.083498})
WARNING: [WIGGLE-CHECK-DELTA] DEF-hand.L | Frame 2 -> 3 | Angle Delta: 0.114903
WARNING: [WIGGLE-CHECK] DEF-hand.R | Frame 2 -> 3 | Pos: vec3(-0.000000, 0.113552, -0.000000) | Rot (quat): quat(0.952822, {-0.270925, -0.118876, 0.067815})
WARNING: [WIGGLE-CHECK-DELTA] DEF-hand.R | Frame 2 -> 3 | Angle Delta: 0.105545
WARNING: [WIGGLE-CHECK] DEF-shoulder.L | Frame 2 -> 3 | Pos: vec3(0.015733, -0.017133, 0.080605) | Rot (quat): quat(-0.481240, {0.703011, 0.434185, 0.292690})
WARNING: [WIGGLE-CHECK-DELTA] DEF-shoulder.L | Frame 2 -> 3 | Angle Delta: 0.000000
WARNING: [WIGGLE-CHECK] DEF-shoulder.R | Frame 2 -> 3 | Pos: vec3(-0.015733, -0.017133, 0.080605) | Rot (quat): quat(-0.481240, {0.703011, -0.434185, -0.292690})
WARNING: [WIGGLE-CHECK-DELTA] DEF-shoulder.R | Frame 2 -> 3 | Angle Delta: 0.000000
WARNING: Runtime Interp [JAB HEAD]: Bone DEF-spine from frame 2 to 3 | t=0.050000
mat4x4((0.991563, -0.129599, -0.002596, 0.000000), (-0.034867, -0.285947, 0.957611, 0.000000), (-0.124848, -0.949441, -0.288054, 0.000000), (0.023158, 0.167290, 0.713263, 1.000000))
WARNING: Runtime Interp [JAB HEAD]: Bone DEF-spine.001 from frame 2 to 3 | t=0.050000
mat4x4((1.000000, -0.000000, -0.000000, 0.000000), (0.000000, 0.991686, -0.128684, 0.000000), (0.000000, 0.128684, 0.991686, 0.000000), (0.000000, 0.130866, 0.000000, 1.000000))
WARNING: Runtime Interp [JAB HEAD]: Bone DEF-spine.002 from frame 2 to 3 | t=0.050000
mat4x4((1.000000, -0.000000, 0.000000, 0.000000), (0.000000, 0.987999, -0.154463, 0.000000), (-0.000000, 0.154463, 0.987999, 0.000000), (-0.000000, 0.117469, 0.000000, 1.000000))
WARNING: Runtime Interp [JAB HEAD]: Bone DEF-spine.003 from frame 2 to 3 | t=0.050000
mat4x4((1.000000, 0.000000, 0.000000, 0.000000), (-0.000000, 0.999995, 0.003255, 0.000000), (-0.000000, -0.003255, 0.999995, 0.000000), (0.000000, 0.148635, -0.000000, 1.000000))
WARNING: Runtime Interp [JAB HEAD]: Bone DEF-spine.004 from frame 2 to 3 | t=0.050000
mat4x4((1.000000, -0.000000, -0.000000, 0.000000), (0.000000, 0.918603, 0.395181, 0.000000), (0.000000, -0.395181, 0.918603, 0.000000), (0.000000, 0.165564, 0.000000, 1.000000))
WARNING: Runtime Interp [JAB HEAD]: Bone DEF-spine.005 from frame 2 to 3 | t=0.050000
mat4x4((0.990554, -0.025898, -0.134659, 0.000000), (0.000012, 0.982020, -0.188774, 0.000000), (0.137126, 0.186989, 0.972744, 0.000000), (-0.000000, 0.056882, 0.000000, 1.000000))
WARNING: Runtime Interp [JAB HEAD]: Bone DEF-spine.006 from frame 2 to 3 | t=0.050000
mat4x4((0.987552, -0.095333, -0.125107, 0.000000), (0.108478, 0.988765, 0.102837, 0.000000), (0.113898, -0.115128, 0.986799, 0.000000), (-0.000000, 0.053906, 0.000000, 1.000000))
WARNING: Runtime Interp [JAB HEAD]: Bone DEF-thigh.L from frame 2 to 3 | t=0.050000
mat4x4((-0.482028, 0.716756, -0.539579, 0.000000), (0.663382, -0.077294, -0.695300, 0.000000), (-0.560176, -0.718909, -0.454543, 0.000000), (-0.018545, 0.099911, -0.031250, 1.000000))
WARNING: Runtime Interp [JAB HEAD]: Bone DEF-thigh.L.001 from frame 2 to 3 | t=0.050000
mat4x4((0.998879, -0.000001, -0.047343, 0.000000), (0.000001, 1.000000, -0.000000, 0.000000), (0.047343, 0.000000, 0.998879, 0.000000), (-0.000000, 0.227874, 0.000000, 1.000000))
WARNING: Runtime Interp [JAB HEAD]: Bone DEF-thigh.R from frame 2 to 3 | t=0.050000
mat4x4((-0.434038, -0.759203, 0.522070, 0.000000), (-0.420844, -0.314845, -0.807734, 0.000000), (0.806916, -0.591794, -0.189744, 0.000000), (0.018545, 0.099911, -0.031250, 1.000000))
WARNING: Runtime Interp [JAB HEAD]: Bone DEF-thigh.R.001 from frame 2 to 3 | t=0.050000
mat4x4((0.998965, 0.000001, 0.045481, 0.000000), (-0.000001, 1.000000, 0.000000, 0.000000), (-0.045481, -0.000000, 0.998965, 0.000000), (-0.000000, 0.227874, 0.000000, 1.000000))
WARNING: [WIGGLE-CHECK] DEF-upper_arm.L | Frame 2 -> 3 | Pos: vec3(0.004115, 0.189038, -0.016364) | Rot (quat): quat(0.137023, {-0.286064, 0.808673, -0.495419})
WARNING: [WIGGLE-CHECK-DELTA] DEF-upper_arm.L | Frame 2 -> 3 | Angle Delta: 0.104782
WARNING: [WIGGLE-CHECK] DEF-upper_arm.R | Frame 2 -> 3 | Pos: vec3(-0.004115, 0.189038, -0.016364) | Rot (quat): quat(0.261872, {-0.040031, -0.676081, 0.687557})
WARNING: [WIGGLE-CHECK-DELTA] DEF-upper_arm.R | Frame 2 -> 3 | Angle Delta: 0.073405
WARNING: DEBUG: animationTime = 0.066667
WARNING: DEBUG: Interpolating between keyframes 4 (time = 0.066667) and 5 (time = 0.083333)
WARNING: DEBUG: Lerp factor = 0.000000
WARNING: [WIGGLE-CHECK] DEF-forearm.L | Frame 4 -> 5 | Pos: vec3(-0.000000, 0.129039, -0.000000) | Rot (quat): quat(0.892014, {0.446790, -0.061292, 0.030550})
WARNING: [WIGGLE-CHECK-DELTA] DEF-forearm.L | Frame 4 -> 5 | Angle Delta: 0.042655
WARNING: [WIGGLE-CHECK] DEF-forearm.R | Frame 4 -> 5 | Pos: vec3(-0.000000, 0.129039, 0.000000) | Rot (quat): quat(0.965904, {0.243358, 0.085734, -0.021342})
WARNING: [WIGGLE-CHECK-DELTA] DEF-forearm.R | Frame 4 -> 5 | Angle Delta: 0.245547
WARNING: [WIGGLE-CHECK] DEF-hand.L | Frame 4 -> 5 | Pos: vec3(-0.000000, 0.113552, -0.000000) | Rot (quat): quat(0.969827, {-0.213323, 0.084365, 0.082534})
WARNING: [WIGGLE-CHECK-DELTA] DEF-hand.L | Frame 4 -> 5 | Angle Delta: 0.192083
WARNING: [WIGGLE-CHECK] DEF-hand.R | Frame 4 -> 5 | Pos: vec3(-0.000000, 0.113552, -0.000000) | Rot (quat): quat(0.952480, {-0.272120, -0.118926, 0.067743})
WARNING: [WIGGLE-CHECK-DELTA] DEF-hand.R | Frame 4 -> 5 | Angle Delta: 0.173563
WARNING: [WIGGLE-CHECK] DEF-shoulder.L | Frame 4 -> 5 | Pos: vec3(0.015733, -0.017133, 0.080605) | Rot (quat): quat(-0.481240, {0.703011, 0.434185, 0.292690})
WARNING: [WIGGLE-CHECK-DELTA] DEF-shoulder.L | Frame 4 -> 5 | Angle Delta: 0.000000
WARNING: [WIGGLE-CHECK] DEF-shoulder.R | Frame 4 -> 5 | Pos: vec3(-0.015733, -0.017133, 0.080605) | Rot (quat): quat(-0.481240, {0.703011, -0.434185, -0.292690})
WARNING: [WIGGLE-CHECK-DELTA] DEF-shoulder.R | Frame 4 -> 5 | Angle Delta: 0.000000
WARNING: Runtime Interp [JAB HEAD]: Bone DEF-spine from frame 4 to 5 | t=0.066667
mat4x4((0.991563, -0.129599, -0.002596, 0.000000), (-0.034867, -0.285947, 0.957611, 0.000000), (-0.124848, -0.949441, -0.288054, 0.000000), (0.021537, 0.167290, 0.713263, 1.000000))
WARNING: Runtime Interp [JAB HEAD]: Bone DEF-spine.001 from frame 4 to 5 | t=0.066667
mat4x4((1.000000, -0.000000, -0.000000, 0.000000), (0.000000, 0.991686, -0.128684, 0.000000), (0.000000, 0.128684, 0.991686, 0.000000), (0.000000, 0.130866, 0.000000, 1.000000))
WARNING: Runtime Interp [JAB HEAD]: Bone DEF-spine.002 from frame 4 to 5 | t=0.066667
mat4x4((1.000000, -0.000000, 0.000000, 0.000000), (0.000000, 0.987999, -0.154463, 0.000000), (-0.000000, 0.154463, 0.987999, 0.000000), (-0.000000, 0.117469, 0.000000, 1.000000))
WARNING: Runtime Interp [JAB HEAD]: Bone DEF-spine.003 from frame 4 to 5 | t=0.066667
mat4x4((1.000000, 0.000000, 0.000000, 0.000000), (-0.000000, 0.999995, 0.003255, 0.000000), (-0.000000, -0.003255, 0.999995, 0.000000), (0.000000, 0.148635, -0.000000, 1.000000))
WARNING: Runtime Interp [JAB HEAD]: Bone DEF-spine.004 from frame 4 to 5 | t=0.066667
mat4x4((1.000000, -0.000000, -0.000000, 0.000000), (0.000000, 0.918603, 0.395181, 0.000000), (0.000000, -0.395181, 0.918603, 0.000000), (0.000000, 0.165564, 0.000000, 1.000000))
WARNING: Runtime Interp [JAB HEAD]: Bone DEF-spine.005 from frame 4 to 5 | t=0.066667
mat4x4((0.990986, -0.025301, -0.131556, 0.000000), (0.000010, 0.982018, -0.188787, 0.000000), (0.133967, 0.187084, 0.973166, 0.000000), (-0.000000, 0.056882, 0.000000, 1.000000))
WARNING: Runtime Interp [JAB HEAD]: Bone DEF-spine.006 from frame 4 to 5 | t=0.066667
mat4x4((0.988053, -0.094068, -0.122075, 0.000000), (0.106777, 0.989025, 0.102115, 0.000000), (0.111129, -0.113930, 0.987254, 0.000000), (-0.000000, 0.053906, 0.000000, 1.000000))
WARNING: Runtime Interp [JAB HEAD]: Bone DEF-thigh.L from frame 4 to 5 | t=0.066667
mat4x4((-0.484693, 0.718668, -0.534625, 0.000000), (0.660244, -0.074836, -0.699177, 0.000000), (-0.562419, -0.717292, -0.454326, 0.000000), (-0.018545, 0.099911, -0.031250, 1.000000))
WARNING: Runtime Interp [JAB HEAD]: Bone DEF-thigh.L.001 from frame 4 to 5 | t=0.066667
mat4x4((0.998868, -0.000001, -0.047578, 0.000000), (0.000001, 1.000000, -0.000000, 0.000000), (0.047578, 0.000000, 0.998868, 0.000000), (-0.000000, 0.227874, 0.000000, 1.000000))
WARNING: Runtime Interp [JAB HEAD]: Bone DEF-thigh.R from frame 4 to 5 | t=0.066667
mat4x4((-0.433287, -0.758351, 0.523929, 0.000000), (-0.421920, -0.316149, -0.806530, 0.000000), (0.806664, -0.592087, -0.189899, 0.000000), (0.018545, 0.099911, -0.031250, 1.000000))
WARNING: Runtime Interp [JAB HEAD]: Bone DEF-thigh.R.001 from frame 4 to 5 | t=0.066667
mat4x4((0.998975, 0.000000, 0.045262, 0.000000), (-0.000000, 1.000000, 0.000000, 0.000000), (-0.045262, -0.000000, 0.998975, 0.000000), (-0.000000, 0.227874, 0.000000, 1.000000))
WARNING: [WIGGLE-CHECK] DEF-upper_arm.L | Frame 4 -> 5 | Pos: vec3(0.004115, 0.189038, -0.016364) | Rot (quat): quat(0.137519, {-0.285392, 0.809168, -0.494861})
WARNING: [WIGGLE-CHECK-DELTA] DEF-upper_arm.L | Frame 4 -> 5 | Angle Delta: 0.151064
WARNING: [WIGGLE-CHECK] DEF-upper_arm.R | Frame 4 -> 5 | Pos: vec3(-0.004115, 0.189038, -0.016364) | Rot (quat): quat(0.261573, {-0.040731, -0.676241, 0.687473})
WARNING: [WIGGLE-CHECK-DELTA] DEF-upper_arm.R | Frame 4 -> 5 | Angle Delta: 0.105036
WARNING: DEBUG: animationTime = 0.083333
WARNING: DEBUG: Interpolating between keyframes 5 (time = 0.083333) and 6 (time = 0.100000)
WARNING: DEBUG: Lerp factor = 0.000000
WARNING: [WIGGLE-CHECK] DEF-forearm.L | Frame 5 -> 6 | Pos: vec3(-0.000000, 0.129039, -0.000000) | Rot (quat): quat(0.892127, {0.446527, -0.061513, 0.030637})
WARNING: [WIGGLE-CHECK-DELTA] DEF-forearm.L | Frame 5 -> 6 | Angle Delta: 0.084618
WARNING: [WIGGLE-CHECK] DEF-forearm.R | Frame 5 -> 6 | Pos: vec3(-0.000000, 0.129039, 0.000000) | Rot (quat): quat(0.965385, {0.245428, 0.085638, -0.021510})
WARNING: [WIGGLE-CHECK-DELTA] DEF-forearm.R | Frame 5 -> 6 | Angle Delta: 0.286308
WARNING: [WIGGLE-CHECK] DEF-hand.L | Frame 5 -> 6 | Pos: vec3(-0.000000, 0.113552, -0.000000) | Rot (quat): quat(0.970188, {-0.212221, 0.084140, 0.081345})
WARNING: [WIGGLE-CHECK-DELTA] DEF-hand.L | Frame 5 -> 6 | Angle Delta: 0.225822
WARNING: [WIGGLE-CHECK] DEF-hand.R | Frame 5 -> 6 | Pos: vec3(-0.000000, 0.113552, -0.000000) | Rot (quat): quat(0.952056, {-0.273571, -0.119015, 0.067706})
WARNING: [WIGGLE-CHECK-DELTA] DEF-hand.R | Frame 5 -> 6 | Angle Delta: 0.203223
WARNING: [WIGGLE-CHECK] DEF-shoulder.L | Frame 5 -> 6 | Pos: vec3(0.015733, -0.017133, 0.080605) | Rot (quat): quat(-0.481240, {0.703011, 0.434185, 0.292690})
WARNING: [WIGGLE-CHECK-DELTA] DEF-shoulder.L | Frame 5 -> 6 | Angle Delta: 0.000000
WARNING: [WIGGLE-CHECK] DEF-shoulder.R | Frame 5 -> 6 | Pos: vec3(-0.015733, -0.017133, 0.080605) | Rot (quat): quat(-0.481240, {0.703011, -0.434185, -0.292690})
WARNING: [WIGGLE-CHECK-DELTA] DEF-shoulder.R | Frame 5 -> 6 | Angle Delta: 0.000000
WARNING: Runtime Interp [JAB HEAD]: Bone DEF-spine from frame 5 to 6 | t=0.083333
mat4x4((0.991563, -0.129599, -0.002596, 0.000000), (-0.034867, -0.285947, 0.957611, 0.000000), (-0.124848, -0.949441, -0.288054, 0.000000), (0.019535, 0.167290, 0.713263, 1.000000))
WARNING: Runtime Interp [JAB HEAD]: Bone DEF-spine.001 from frame 5 to 6 | t=0.083333
mat4x4((1.000000, -0.000000, -0.000000, 0.000000), (0.000000, 0.991686, -0.128684, 0.000000), (0.000000, 0.128684, 0.991686, 0.000000), (0.000000, 0.130866, 0.000000, 1.000000))
WARNING: Runtime Interp [JAB HEAD]: Bone DEF-spine.002 from frame 5 to 6 | t=0.083333
mat4x4((1.000000, -0.000000, 0.000000, 0.000000), (0.000000, 0.987999, -0.154463, 0.000000), (-0.000000, 0.154463, 0.987999, 0.000000), (-0.000000, 0.117469, 0.000000, 1.000000))
WARNING: Runtime Interp [JAB HEAD]: Bone DEF-spine.003 from frame 5 to 6 | t=0.083333
mat4x4((1.000000, 0.000000, 0.000000, 0.000000), (-0.000000, 0.999995, 0.003255, 0.000000), (-0.000000, -0.003255, 0.999995, 0.000000), (0.000000, 0.148635, -0.000000, 1.000000))
WARNING: Runtime Interp [JAB HEAD]: Bone DEF-spine.004 from frame 5 to 6 | t=0.083333
mat4x4((1.000000, -0.000000, -0.000000, 0.000000), (0.000000, 0.918603, 0.395181, 0.000000), (0.000000, -0.395181, 0.918603, 0.000000), (0.000000, 0.165564, 0.000000, 1.000000))
WARNING: Runtime Interp [JAB HEAD]: Bone DEF-spine.005 from frame 5 to 6 | t=0.083333
mat4x4((0.991506, -0.024563, -0.127720, 0.000000), (0.000006, 0.982012, -0.188817, 0.000000), (0.130061, 0.187213, 0.973671, 0.000000), (-0.000000, 0.056882, 0.000000, 1.000000))
WARNING: Runtime Interp [JAB HEAD]: Bone DEF-spine.006 from frame 5 to 6 | t=0.083333
mat4x4((0.988658, -0.092493, -0.118327, 0.000000), (0.104672, 0.989342, 0.101222, 0.000000), (0.107704, -0.112459, 0.987802, 0.000000), (-0.000000, 0.053906, 0.000000, 1.000000))
WARNING: Runtime Interp [JAB HEAD]: Bone DEF-thigh.L from frame 5 to 6 | t=0.083333
mat4x4((-0.485358, 0.719141, -0.533384, 0.000000), (0.659026, -0.074764, -0.700489, 0.000000), (-0.563538, -0.716827, -0.453673, 0.000000), (-0.018545, 0.099911, -0.031250, 1.000000))
WARNING: Runtime Interp [JAB HEAD]: Bone DEF-thigh.L.001 from frame 5 to 6 | t=0.083333
mat4x4((0.998854, -0.000001, -0.047865, 0.000000), (0.000001, 1.000000, -0.000000, 0.000000), (0.047865, 0.000000, 0.998854, 0.000000), (-0.000000, 0.227874, 0.000000, 1.000000))
WARNING: Runtime Interp [JAB HEAD]: Bone DEF-thigh.R from frame 5 to 6 | t=0.083333
mat4x4((-0.432404, -0.757266, 0.526224, 0.000000), (-0.423194, -0.317804, -0.805080, 0.000000), (0.806364, -0.592466, -0.189994, 0.000000), (0.018545, 0.099911, -0.031250, 1.000000))
WARNING: Runtime Interp [JAB HEAD]: Bone DEF-thigh.R.001 from frame 5 to 6 | t=0.083333
mat4x4((0.998987, 0.000000, 0.044988, 0.000000), (-0.000000, 1.000000, 0.000000, 0.000000), (-0.044988, -0.000000, 0.998987, 0.000000), (-0.000000, 0.227874, 0.000000, 1.000000))
WARNING: [WIGGLE-CHECK] DEF-upper_arm.L | Frame 5 -> 6 | Pos: vec3(0.004115, 0.189038, -0.016364) | Rot (quat): quat(0.138200, {-0.284612, 0.809702, -0.494246})
WARNING: [WIGGLE-CHECK-DELTA] DEF-upper_arm.L | Frame 5 -> 6 | Angle Delta: 0.172568
WARNING: [WIGGLE-CHECK] DEF-upper_arm.R | Frame 5 -> 6 | Pos: vec3(-0.004115, 0.189038, -0.016364) | Rot (quat): quat(0.261177, {-0.041543, -0.676390, 0.687429})
WARNING: [WIGGLE-CHECK-DELTA] DEF-upper_arm.R | Frame 5 -> 6 | Angle Delta: 0.119461
WARNING: DEBUG: animationTime = 0.100000
WARNING: DEBUG: Interpolating between keyframes 6 (time = 0.100000) and 7 (time = 0.116667)
WARNING: DEBUG: Lerp factor = 0.000000
WARNING: [WIGGLE-CHECK] DEF-forearm.L | Frame 6 -> 7 | Pos: vec3(-0.000000, 0.129039, -0.000000) | Rot (quat): quat(0.892415, {0.445908, -0.061783, 0.030718})
WARNING: [WIGGLE-CHECK-DELTA] DEF-forearm.L | Frame 6 -> 7 | Angle Delta: 0.086303
WARNING: [WIGGLE-CHECK] DEF-forearm.R | Frame 6 -> 7 | Pos: vec3(-0.000000, 0.129039, 0.000000) | Rot (quat): quat(0.964779, {0.247839, 0.085474, -0.021691})
WARNING: [WIGGLE-CHECK-DELTA] DEF-forearm.R | Frame 6 -> 7 | Angle Delta: 0.322114
WARNING: [WIGGLE-CHECK] DEF-hand.L | Frame 6 -> 7 | Pos: vec3(-0.000000, 0.113552, -0.000000) | Rot (quat): quat(0.970611, {-0.210918, 0.083876, 0.079954})
WARNING: [WIGGLE-CHECK-DELTA] DEF-hand.L | Frame 6 -> 7 | Angle Delta: 0.256556
WARNING: [WIGGLE-CHECK] DEF-hand.R | Frame 6 -> 7 | Pos: vec3(-0.000000, 0.113552, -0.000000) | Rot (quat): quat(0.951562, {-0.275273, -0.119067, 0.067656})
WARNING: [WIGGLE-CHECK-DELTA] DEF-hand.R | Frame 6 -> 7 | Angle Delta: 0.228967
WARNING: [WIGGLE-CHECK] DEF-shoulder.L | Frame 6 -> 7 | Pos: vec3(0.015733, -0.017133, 0.080605) | Rot (quat): quat(-0.481240, {0.703011, 0.434185, 0.292690})
WARNING: [WIGGLE-CHECK-DELTA] DEF-shoulder.L | Frame 6 -> 7 | Angle Delta: 0.000000
WARNING: [WIGGLE-CHECK] DEF-shoulder.R | Frame 6 -> 7 | Pos: vec3(-0.015733, -0.017133, 0.080605) | Rot (quat): quat(-0.481240, {0.703011, -0.434185, -0.292690})
WARNING: [WIGGLE-CHECK-DELTA] DEF-shoulder.R | Frame 6 -> 7 | Angle Delta: 0.000000
WARNING: Runtime Interp [JAB HEAD]: Bone DEF-spine from frame 6 to 7 | t=0.100000
mat4x4((0.991563, -0.129599, -0.002596, 0.000000), (-0.034867, -0.285947, 0.957611, 0.000000), (-0.124848, -0.949441, -0.288054, 0.000000), (0.017188, 0.167290, 0.713263, 1.000000))
WARNING: Runtime Interp [JAB HEAD]: Bone DEF-spine.001 from frame 6 to 7 | t=0.100000
mat4x4((1.000000, -0.000000, -0.000000, 0.000000), (0.000000, 0.991686, -0.128684, 0.000000), (0.000000, 0.128684, 0.991686, 0.000000), (0.000000, 0.130866, 0.000000, 1.000000))
WARNING: Runtime Interp [JAB HEAD]: Bone DEF-spine.002 from frame 6 to 7 | t=0.100000
mat4x4((1.000000, -0.000000, 0.000000, 0.000000), (0.000000, 0.987999, -0.154463, 0.000000), (-0.000000, 0.154463, 0.987999, 0.000000), (-0.000000, 0.117469, 0.000000, 1.000000))
WARNING: Runtime Interp [JAB HEAD]: Bone DEF-spine.003 from frame 6 to 7 | t=0.100000
mat4x4((1.000000, 0.000000, 0.000000, 0.000000), (-0.000000, 0.999995, 0.003255, 0.000000), (-0.000000, -0.003255, 0.999995, 0.000000), (0.000000, 0.148635, -0.000000, 1.000000))
WARNING: Runtime Interp [JAB HEAD]: Bone DEF-spine.004 from frame 6 to 7 | t=0.100000
mat4x4((1.000000, -0.000000, -0.000000, 0.000000), (0.000000, 0.918603, 0.395181, 0.000000), (0.000000, -0.395181, 0.918603, 0.000000), (0.000000, 0.165564, 0.000000, 1.000000))
WARNING: Runtime Interp [JAB HEAD]: Bone DEF-spine.005 from frame 6 to 7 | t=0.100000
mat4x4((0.992097, -0.023697, -0.123217, 0.000000), (0.000000, 0.982004, -0.188860, 0.000000), (0.125476, 0.187367, 0.974243, 0.000000), (-0.000000, 0.056882, 0.000000, 1.000000))
WARNING: Runtime Interp [JAB HEAD]: Bone DEF-spine.006 from frame 6 to 7 | t=0.100000
mat4x4((0.989346, -0.090630, -0.113931, 0.000000), (0.102199, 0.989707, 0.100174, 0.000000), (0.103680, -0.110750, 0.988425, 0.000000), (-0.000000, 0.053906, 0.000000, 1.000000))
WARNING: Runtime Interp [JAB HEAD]: Bone DEF-thigh.L from frame 6 to 7 | t=0.100000
mat4x4((-0.486511, 0.720336, -0.530713, 0.000000), (0.657159, -0.073735, -0.702506, 0.000000), (-0.565072, -0.715745, -0.453472, 0.000000), (-0.018545, 0.099911, -0.031250, 1.000000))
WARNING: Runtime Interp [JAB HEAD]: Bone DEF-thigh.L.001 from frame 6 to 7 | t=0.100000
mat4x4((0.998838, -0.000001, -0.048200, 0.000000), (0.000001, 1.000000, -0.000000, 0.000000), (0.048200, 0.000000, 0.998838, 0.000000), (-0.000000, 0.227874, 0.000000, 1.000000))
WARNING: Runtime Interp [JAB HEAD]: Bone DEF-thigh.R from frame 6 to 7 | t=0.100000
mat4x4((-0.431398, -0.755965, 0.528912, 0.000000), (-0.424646, -0.319773, -0.803401, 0.000000), (0.806020, -0.592920, -0.190034, 0.000000), (0.018545, 0.099911, -0.031250, 1.000000))
WARNING: Runtime Interp [JAB HEAD]: Bone DEF-thigh.R.001 from frame 6 to 7 | t=0.100000
mat4x4((0.999002, 0.000000, 0.044665, 0.000000), (-0.000000, 1.000000, 0.000000, 0.000000), (-0.044665, -0.000000, 0.999002, 0.000000), (-0.000000, 0.227874, 0.000000, 1.000000))
WARNING: [WIGGLE-CHECK] DEF-upper_arm.L | Frame 6 -> 7 | Pos: vec3(0.004115, 0.189038, -0.016364) | Rot (quat): quat(0.139051, {-0.283733, 0.810273, -0.493577})
WARNING: [WIGGLE-CHECK-DELTA] DEF-upper_arm.L | Frame 6 -> 7 | Angle Delta: 0.212157
WARNING: [WIGGLE-CHECK] DEF-upper_arm.R | Frame 6 -> 7 | Pos: vec3(-0.004115, 0.189038, -0.016364) | Rot (quat): quat(0.260693, {-0.042456, -0.676529, 0.687419})
WARNING: [WIGGLE-CHECK-DELTA] DEF-upper_arm.R | Frame 6 -> 7 | Angle Delta: 0.147759
WARNING: DEBUG: animationTime = 0.116667
WARNING: DEBUG: Interpolating between keyframes 6 (time = 0.100000) and 7 (time = 0.116667)
WARNING: DEBUG: Lerp factor = 1.000000
WARNING: [WIGGLE-CHECK] DEF-forearm.L | Frame 6 -> 7 | Pos: vec3(-0.000000, 0.129039, -0.000000) | Rot (quat): quat(0.892701, {0.445288, -0.062087, 0.030814})
WARNING: [WIGGLE-CHECK-DELTA] DEF-forearm.L | Frame 6 -> 7 | Angle Delta: 0.086303
WARNING: [WIGGLE-CHECK] DEF-forearm.R | Frame 6 -> 7 | Pos: vec3(-0.000000, 0.129039, 0.000000) | Rot (quat): quat(0.964089, {0.250551, 0.085303, -0.021899})
WARNING: [WIGGLE-CHECK-DELTA] DEF-forearm.R | Frame 6 -> 7 | Angle Delta: 0.322114
WARNING: [WIGGLE-CHECK] DEF-hand.L | Frame 6 -> 7 | Pos: vec3(-0.000000, 0.113552, -0.000000) | Rot (quat): quat(0.971088, {-0.209423, 0.083577, 0.078385})
WARNING: [WIGGLE-CHECK-DELTA] DEF-hand.L | Frame 6 -> 7 | Angle Delta: 0.256556
WARNING: [WIGGLE-CHECK] DEF-hand.R | Frame 6 -> 7 | Pos: vec3(-0.000000, 0.113552, -0.000000) | Rot (quat): quat(0.951000, {-0.277188, -0.119143, 0.067605})
WARNING: [WIGGLE-CHECK-DELTA] DEF-hand.R | Frame 6 -> 7 | Angle Delta: 0.228967
WARNING: [WIGGLE-CHECK] DEF-shoulder.L | Frame 6 -> 7 | Pos: vec3(0.015733, -0.017133, 0.080605) | Rot (quat): quat(-0.481240, {0.703011, 0.434185, 0.292690})
WARNING: [WIGGLE-CHECK-DELTA] DEF-shoulder.L | Frame 6 -> 7 | Angle Delta: 0.000000
WARNING: [WIGGLE-CHECK] DEF-shoulder.R | Frame 6 -> 7 | Pos: vec3(-0.015733, -0.017133, 0.080605) | Rot (quat): quat(-0.481240, {0.703011, -0.434185, -0.292690})
WARNING: [WIGGLE-CHECK-DELTA] DEF-shoulder.R | Frame 6 -> 7 | Angle Delta: 0.000000
WARNING: Runtime Interp [JAB HEAD]: Bone DEF-spine from frame 6 to 7 | t=0.116667
mat4x4((0.991563, -0.129599, -0.002596, 0.000000), (-0.034867, -0.285948, 0.957611, 0.000000), (-0.124848, -0.949441, -0.288054, 0.000000), (0.014532, 0.167290, 0.713263, 1.000000))
WARNING: Runtime Interp [JAB HEAD]: Bone DEF-spine.001 from frame 6 to 7 | t=0.116667
mat4x4((1.000000, -0.000000, -0.000000, 0.000000), (0.000000, 0.991686, -0.128684, 0.000000), (0.000000, 0.128684, 0.991686, 0.000000), (0.000000, 0.130866, 0.000000, 1.000000))
WARNING: Runtime Interp [JAB HEAD]: Bone DEF-spine.002 from frame 6 to 7 | t=0.116667
mat4x4((1.000000, -0.000000, 0.000000, 0.000000), (0.000000, 0.987999, -0.154463, 0.000000), (-0.000000, 0.154463, 0.987999, 0.000000), (-0.000000, 0.117469, 0.000000, 1.000000))
WARNING: Runtime Interp [JAB HEAD]: Bone DEF-spine.003 from frame 6 to 7 | t=0.116667
mat4x4((1.000000, 0.000000, 0.000000, 0.000000), (-0.000000, 0.999995, 0.003255, 0.000000), (-0.000000, -0.003255, 0.999995, 0.000000), (0.000000, 0.148635, -0.000000, 1.000000))
WARNING: Runtime Interp [JAB HEAD]: Bone DEF-spine.004 from frame 6 to 7 | t=0.116667
mat4x4((1.000000, -0.000000, -0.000000, 0.000000), (0.000000, 0.918603, 0.395181, 0.000000), (0.000000, -0.395181, 0.918603, 0.000000), (0.000000, 0.165564, 0.000000, 1.000000))
WARNING: Runtime Interp [JAB HEAD]: Bone DEF-spine.005 from frame 6 to 7 | t=0.116667
mat4x4((0.992740, -0.022716, -0.118117, 0.000000), (0.000001, 0.982005, -0.188854, 0.000000), (0.120281, 0.187482, 0.974876, 0.000000), (-0.000000, 0.056882, 0.000000, 1.000000))
WARNING: Runtime Interp [JAB HEAD]: Bone DEF-spine.006 from frame 6 to 7 | t=0.116667
mat4x4((0.990099, -0.088503, -0.108954, 0.000000), (0.099396, 0.990112, 0.098983, 0.000000), (0.099117, -0.108833, 0.989106, 0.000000), (-0.000000, 0.053906, 0.000000, 1.000000))
WARNING: Runtime Interp [JAB HEAD]: Bone DEF-thigh.L from frame 6 to 7 | t=0.116667
mat4x4((-0.487661, 0.721525, -0.528037, 0.000000), (0.655053, -0.072992, -0.704703, 0.000000), (-0.566903, -0.714634, -0.452941, 0.000000), (-0.018545, 0.099911, -0.031250, 1.000000))
WARNING: Runtime Interp [JAB HEAD]: Bone DEF-thigh.L.001 from frame 6 to 7 | t=0.116667
mat4x4((0.998820, 0.000001, -0.048574, 0.000000), (-0.000001, 1.000000, -0.000000, 0.000000), (0.048574, 0.000000, 0.998820, 0.000000), (-0.000000, 0.227874, 0.000000, 1.000000))
WARNING: Runtime Interp [JAB HEAD]: Bone DEF-thigh.R from frame 6 to 7 | t=0.116667
mat4x4((-0.430282, -0.754467, 0.531952, 0.000000), (-0.426257, -0.322024, -0.801514, 0.000000), (0.805637, -0.593444, -0.190022, 0.000000), (0.018545, 0.099911, -0.031250, 1.000000))
WARNING: Runtime Interp [JAB HEAD]: Bone DEF-thigh.R.001 from frame 6 to 7 | t=0.116667
mat4x4((0.999018, 0.000000, 0.044298, 0.000000), (-0.000000, 1.000000, 0.000000, 0.000000), (-0.044298, -0.000000, 0.999018, 0.000000), (0.000000, 0.227874, 0.000000, 1.000000))
WARNING: [WIGGLE-CHECK] DEF-upper_arm.L | Frame 6 -> 7 | Pos: vec3(0.004115, 0.189038, -0.016364) | Rot (quat): quat(0.139926, {-0.282830, 0.811095, -0.492496})
WARNING: [WIGGLE-CHECK-DELTA] DEF-upper_arm.L | Frame 6 -> 7 | Angle Delta: 0.212157
WARNING: [WIGGLE-CHECK] DEF-upper_arm.R | Frame 6 -> 7 | Pos: vec3(-0.004115, 0.189038, -0.016364) | Rot (quat): quat(0.260116, {-0.043541, -0.676872, 0.687232})
WARNING: [WIGGLE-CHECK-DELTA] DEF-upper_arm.R | Frame 6 -> 7 | Angle Delta: 0.147759
WARNING: DEBUG: animationTime = 0.133333
WARNING: DEBUG: Interpolating between keyframes 8 (time = 0.133333) and 9 (time = 0.150000)
