INFO: Decomposed transform for DEF-thigh.L.001: Translation(0.0620158, -0.516044, 0.102776), Scale(1.01822, 1.01834, 0.964923)
INFO: Bone [DEF-shin.L] FINAL TRANSFORM:
INFO: mat4x4((1.033578, -0.046335, 0.080739, 0.000000), (-0.043050, -1.000539, -0.272339, 0.000000), (0.060407, 0.271451, -0.888897, 0.000000), (0.065977, -0.135484, -0.034125, 1.000000))
INFO: Bone: DEF-shin.L Scale: vec3(1.037761, 1.037653, 0.930615) Translation: vec3(0.065977, -0.135484, -0.034125) Skew: vec3(-0.033683, -0.022688, -0.018688)
INFO: Decomposed transform for DEF-shin.L: Translation(0.0659775, -0.135484, -0.0341254), Scale(1.03776, 1.03765, 0.930615)
INFO: Bone [DEF-shin.L.001] FINAL TRANSFORM:
INFO: mat4x4((1.034316, -0.003592, 0.094726, 0.000000), (0.001587, -1.002560, -0.265439, 0.000000), (0.063035, 0.267901, -0.889603, 0.000000), (0.071963, -0.142309, -0.035325, 1.000000))
INFO: Bone: DEF-shin.L.001 Scale: vec3(1.038650, 1.036928, 0.930468) Translation: vec3(0.071963, -0.142309, -0.035325) Skew: vec3(-0.033914, -0.020728, -0.018478)
INFO: Decomposed transform for DEF-shin.L.001: Translation(0.071963, -0.142309, -0.0353254), Scale(1.03865, 1.03693, 0.930468)
INFO: Bone [DEF-foot.L] FINAL TRANSFORM:
INFO: mat4x4((1.002450, 0.002215, 0.032652, 0.000000), (-0.008553, -1.035094, 0.018721, 0.000000), (-0.006620, 0.038970, -0.968371, 0.000000), (0.069222, -0.167375, 0.004224, 1.000000))
INFO: Bone: DEF-foot.L Scale: vec3(1.002984, 1.035248, 0.966763) Translation: vec3(0.069222, -0.167375, 0.004224) Skew: vec3(-0.058750, -0.039364, -0.009877)
INFO: Decomposed transform for DEF-foot.L: Translation(0.0692223, -0.167375, 0.00422375), Scale(1.00298, 1.03525, 0.966763)
INFO: Bone [DEF-toe.L] FINAL TRANSFORM:
INFO: mat4x4((1.002450, 0.002264, 0.032680, 0.000000), (-0.008505, -1.035088, 0.018585, 0.000000), (-0.006589, 0.039118, -0.968372, 0.000000), (0.069225, -0.167378, 0.004215, 1.000000))
INFO: Bone: DEF-toe.L Scale: vec3(1.002985, 1.035239, 0.966769) Translation: vec3(0.069225, -0.167378, 0.004215) Skew: vec3(-0.058771, -0.039357, -0.009884)
INFO: Decomposed transform for DEF-toe.L: Translation(0.0692248, -0.167378, 0.00421453), Scale(1.00299, 1.03524, 0.966769)
INFO: Bone [DEF-pelvis.R] FINAL TRANSFORM:
INFO: mat4x4((0.991563, -0.129599, -0.002596, 0.000000), (-0.129599, -0.990765, -0.039877, 0.000000), (0.002597, 0.039877, -0.999201, 0.000000), (0.000323, 0.039125, -0.175994, 1.000000))
INFO: Bone: DEF-pelvis.R Scale: vec3(1.000000, 1.000000, 1.000000) Translation: vec3(0.000323, 0.039125, -0.175994) Skew: vec3(0.000000, 0.000000, -0.000000)
INFO: Decomposed transform for DEF-pelvis.R: Translation(0.000322618, 0.0391253, -0.175994), Scale(1, 1, 1)
INFO: Bone [DEF-thigh.R] FINAL TRANSFORM:
INFO: mat4x4((0.987093, -0.157874, -0.193859, 0.000000), (-0.102852, -0.976567, 0.269915, 0.000000), (-0.208321, -0.225680, -0.913944, 0.000000), (-0.194209, -0.210205, -0.072551, 1.000000))
INFO: Bone: DEF-thigh.R Scale: vec3(1.018262, 1.018389, 0.964132) Translation: vec3(-0.194209, -0.210205, -0.072551) Skew: vec3(-0.004962, 0.007306, 0.000313)
INFO: Decomposed transform for DEF-thigh.R: Translation(-0.194209, -0.210205, -0.0725515), Scale(1.01826, 1.01839, 0.964132)
INFO: Bone [DEF-thigh.R.001] FINAL TRANSFORM:
INFO: mat4x4((0.990304, -0.114319, -0.207574, 0.000000), (-0.059075, -0.983349, 0.258168, 0.000000), (-0.210087, -0.222473, -0.914326, 0.000000), (-0.189985, -0.204400, -0.075570, 1.000000))
INFO: Bone: DEF-thigh.R.001 Scale: vec3(1.018262, 1.018389, 0.964132) Translation: vec3(-0.189985, -0.204400, -0.075570) Skew: vec3(-0.004962, 0.007306, 0.000313)
INFO: Decomposed transform for DEF-thigh.R.001: Translation(-0.189985, -0.2044, -0.0755698), Scale(1.01826, 1.01839, 0.964132)
INFO: Bone [DEF-shin.R] FINAL TRANSFORM:
INFO: mat4x4((1.004039, -0.230290, -0.126404, 0.000000), (-0.240852, -0.803294, -0.611835, 0.000000), (0.062344, 0.575637, -0.727842, 0.000000), (-0.076520, 0.186777, -0.069890, 1.000000))
INFO: Bone: DEF-shin.R Scale: vec3(1.037837, 1.037903, 0.929283) Translation: vec3(-0.076520, 0.186777, -0.069890) Skew: vec3(-0.033719, 0.022846, 0.019035)
INFO: Decomposed transform for DEF-shin.R: Translation(-0.0765198, 0.186777, -0.0698898), Scale(1.03784, 1.0379, 0.929283)
INFO: Bone [DEF-shin.R.001] FINAL TRANSFORM:
INFO: mat4x4((1.024706, -0.139853, -0.049070, 0.000000), (-0.122089, -0.819441, -0.628828, 0.000000), (0.071154, 0.581919, -0.722662, 0.000000), (-0.057127, 0.198426, -0.060364, 1.000000))
INFO: Bone: DEF-shin.R.001 Scale: vec3(1.035369, 1.039918, 0.929693) Translation: vec3(-0.057127, 0.198426, -0.060364) Skew: vec3(-0.032703, 0.028038, 0.018903)
INFO: Decomposed transform for DEF-shin.R.001: Translation(-0.0571266, 0.198426, -0.0603636), Scale(1.03537, 1.03992, 0.929693)
INFO: Bone [DEF-foot.R] FINAL TRANSFORM:
INFO: mat4x4((0.998010, -0.004016, -0.009953, 0.000000), (-0.003891, -1.007748, -0.003718, 0.000000), (0.015786, -0.010560, -0.996141, 0.000000), (-0.050324, 0.141934, 0.003663, 1.000000))
INFO: Bone: DEF-foot.R Scale: vec3(0.998068, 1.007762, 0.995889) Translation: vec3(-0.050324, 0.141934, 0.003663) Skew: vec3(0.014227, 0.025868, 0.000201)
INFO: Decomposed transform for DEF-foot.R: Translation(-0.0503237, 0.141934, 0.00366282), Scale(0.998068, 1.00776, 0.995889)
INFO: Bone [DEF-toe.R] FINAL TRANSFORM:
INFO: mat4x4((0.998011, -0.004035, -0.009964, 0.000000), (-0.003906, -1.007750, -0.003900, 0.000000), (0.015776, -0.010375, -0.996141, 0.000000), (-0.050324, 0.141937, 0.003654, 1.000000))
INFO: Bone: DEF-toe.R Scale: vec3(0.998069, 1.007765, 0.995886) Translation: vec3(-0.050324, 0.141937, 0.003654) Skew: vec3(0.014222, 0.025868, 0.000206)
INFO: Decomposed transform for DEF-toe.R: Translation(-0.0503244, 0.141937, 0.00365442), Scale(0.998069, 1.00776, 0.995886)
INFO: DEBUG: Max Vertex Attributes: 32
INFO: Drawing mesh with VAO: 1
INFO: Drawing mesh with VAO: 2
INFO: DEBUG: Depth testing and blending enabled.
INFO: DEBUG: Frame #56 at t=0.933333
WARNING: DEBUG: animationTime = 0.933333
WARNING: DEBUG: Interpolating between keyframes 56 (time = 0.933333) and 57 (time = 0.950000)
WARNING: DEBUG: Lerp factor = 0.000000
WARNING: ==== DEBUG DUMP FOR FRAME 56 ====
WARNING: ==== DEBUG TRACE: DEF-thigh.R | Frame 56 ====
WARNING: Local Matrix:
mat4x4((-0.431060, -0.753481, 0.532719, 0.000000), (-0.427373, -0.322161, -0.801483, 0.000000), (0.804695, -0.594717, -0.190036, 0.000000), (0.018545, 0.099912, -0.031250, 1.000000))
WARNING: Parent Global Matrix (DEF-pelvis.R):
mat4x4((-0.307036, 0.899053, 0.312141, 0.000000), (-0.596286, -0.437356, 0.673173, 0.000000), (0.741735, 0.020563, 0.670377, 0.000000), (0.022696, 0.167290, 0.713263, 1.000000))
WARNING: Global Matrix:
mat4x4((0.976778, -0.047052, -0.284652, 0.000000), (-0.271169, -0.259813, -0.887567, 0.000000), (-0.033405, 0.979659, -0.276565, 0.000000), (-0.065753, 0.139624, 0.765361, 1.000000))
WARNING: Final Skin Matrix:
mat4x4((0.988599, -0.157262, -0.186542, 0.000000), (-0.103959, -0.976318, 0.270389, 0.000000), (-0.201514, -0.226979, -0.915086, 0.000000), (-0.184554, -0.211338, -0.072944, 1.000000))
WARNING: ==== DEBUG TRACE: DEF-thigh.L | Frame 56 ====
WARNING: Local Matrix:
mat4x4((-0.491829, 0.725394, -0.518789, 0.000000), (0.647252, -0.070093, -0.711623, 0.000000), (-0.572911, -0.711027, -0.451053, 0.000000), (-0.018545, 0.099911, -0.031250, 1.000000))
WARNING: Parent Global Matrix (DEF-pelvis.L):
mat4x4((-0.529392, -0.789730, -0.309951, 0.000000), (0.467307, -0.576370, 0.670389, 0.000000), (-0.708073, 0.210056, 0.674173, 0.000000), (0.022696, 0.167290, 0.713263, 1.000000))
WARNING: Global Matrix:
mat4x4((0.966693, -0.138658, 0.288986, 0.000000), (0.128476, -0.620236, -0.727363, 0.000000), (0.290405, 0.767513, -0.603178, 0.000000), (0.101330, 0.117786, 0.764923, 1.000000))
WARNING: Final Skin Matrix:
mat4x4((1.002721, -0.078077, 0.158799, 0.000000), (-0.158388, -0.806109, 0.601763, 0.000000), (0.069281, -0.580592, -0.767500, 0.000000), (0.061457, -0.522797, 0.109666, 1.000000))
WARNING: ==== DEBUG TRACE: DEF-pelvis | Frame 56 ====
WARNING: Local Matrix:
mat4x4((1.000000, 0.000000, 0.000000, 0.000000), (0.000000, 1.000000, 0.000000, 0.000000), (0.000000, 0.000000, 1.000000, 0.000000), (0.000000, 0.000000, 0.000000, 1.000000))
WARNING: Parent Global Matrix ():
mat4x4((1.000000, 0.000000, 0.000000, 0.000000), (0.000000, 1.000000, 0.000000, 0.000000), (0.000000, 0.000000, 1.000000, 0.000000), (0.000000, 0.000000, 0.000000, 1.000000))
WARNING: Global Matrix:
mat4x4((1.000000, 0.000000, 0.000000, 0.000000), (0.000000, 1.000000, 0.000000, 0.000000), (0.000000, 0.000000, 1.000000, 0.000000), (0.000000, 0.000000, 0.000000, 1.000000))
WARNING: Final Skin Matrix:
mat4x4((1.000000, 0.000000, 0.000000, 0.000000), (0.000000, 1.000000, 0.000000, 0.000000), (0.000000, 0.000000, 1.000000, 0.000000), (0.000000, 0.000000, 0.000000, 1.000000))
WARNING: Bone: DEF-breast.L
WARNING:   Global With Scale:
mat4x4((-0.991563, 0.129600, 0.002596, 0.000000), (-0.129600, -0.990764, -0.039877, 0.000000), (-0.002596, -0.039877, 0.999201, 0.000000), (0.121877, 0.132974, 1.099077, 1.000000))
WARNING:   Global No Scale:
mat4x4((-0.991563, 0.129600, 0.002596, 0.000000), (-0.129600, -0.990764, -0.039877, 0.000000), (-0.002596, -0.039877, 0.999201, 0.000000), (0.121877, 0.132974, 1.099077, 1.000000))
WARNING:   Final Skin Matrix:
mat4x4((0.991563, -0.129600, -0.002596, 0.000000), (-0.129600, -0.990764, -0.039877, 0.000000), (0.002596, 0.039877, -0.999201, 0.000000), (0.003617, 0.039126, -0.175993, 1.000000))
INFO: DEBUG: After Storing Bone DEF-breast.L
WARNING: Bone: DEF-breast.R
WARNING:   Global With Scale:
mat4x4((-0.991563, 0.129600, 0.002596, 0.000000), (-0.129600, -0.990764, -0.039877, 0.000000), (-0.002596, -0.039877, 0.999201, 0.000000), (-0.079986, 0.159358, 1.099605, 1.000000))
WARNING:   Global No Scale:
mat4x4((-0.991563, 0.129600, 0.002596, 0.000000), (-0.129600, -0.990764, -0.039877, 0.000000), (-0.002596, -0.039877, 0.999201, 0.000000), (-0.079986, 0.159358, 1.099605, 1.000000))
WARNING:   Final Skin Matrix:
mat4x4((0.991563, -0.129600, -0.002596, 0.000000), (-0.129600, -0.990764, -0.039877, 0.000000), (0.002596, 0.039877, -0.999201, 0.000000), (0.003616, 0.039126, -0.175993, 1.000000))
INFO: DEBUG: After Storing Bone DEF-breast.R
WARNING: Bone: DEF-foot.L
WARNING:   Global With Scale:
mat4x4((1.002480, 0.001208, 0.029243, 0.000000), (-0.012986, -0.857727, -0.496054, 0.000000), (-0.002499, 0.580486, -0.831649, 0.000000), (0.215100, -0.035406, 0.090633, 1.000000))
WARNING:   Global No Scale:
mat4x4((0.999884, -0.009788, 0.011655, 0.000000), (-0.001990, -0.846025, -0.538313, 0.000000), (0.015090, 0.538227, -0.845947, 0.000000), (0.215100, -0.035406, 0.090633, 1.000000))
WARNING:   Final Skin Matrix:
mat4x4((1.002479, 0.001350, 0.029041, 0.000000), (-0.009559, -1.035007, 0.020123, 0.000000), (-0.009208, 0.037656, -0.968150, 0.000000), (0.066461, -0.168308, 0.004693, 1.000000))
INFO: DEBUG: After Storing Bone DEF-foot.L
WARNING: Bone: DEF-foot.R
WARNING:   Global With Scale:
mat4x4((0.997958, -0.005402, 0.001174, 0.000000), (0.009894, -0.858158, -0.534079, 0.000000), (0.026425, 0.528423, -0.840619, 0.000000), (-0.188685, 0.275825, 0.092186, 1.000000))
WARNING:   Global No Scale:
mat4x4((0.999894, -0.001720, 0.014445, 0.000000), (0.006212, -0.848470, -0.531234, 0.000000), (0.013154, 0.531268, -0.848370, 0.000000), (-0.188685, 0.275825, 0.092186, 1.000000))
WARNING:   Final Skin Matrix:
mat4x4((0.997951, -0.005531, 0.001378, 0.000000), (-0.005744, -1.007779, -0.007372, 0.000000), (0.027857, -0.006722, -0.995905, 0.000000), (-0.041095, 0.142023, 0.004662, 1.000000))
INFO: DEBUG: After Storing Bone DEF-foot.R
WARNING: Bone: DEF-forearm.L
WARNING:   Global With Scale:
mat4x4((-0.947313, 0.358364, -0.056321, 0.000000), (-0.092314, -0.383694, -0.888919, 0.000000), (-0.353509, -0.876154, 0.371412, 0.000000), (0.259562, 0.214453, 0.992340, 1.000000))
WARNING:   Global No Scale:
mat4x4((-0.927634, 0.359178, -0.057736, 0.000000), (-0.091500, -0.382285, -0.916710, 0.000000), (-0.352094, -0.848363, 0.392499, 0.000000), (0.259562, 0.214453, 0.992340, 1.000000))
WARNING:   Final Skin Matrix:
mat4x4((0.857407, 0.103265, -0.505427, 0.000000), (0.246423, -0.964681, 0.213447, 0.000000), (-0.484789, -0.319406, -0.793901, 0.000000), (-0.535326, -0.344060, 0.267253, 1.000000))
INFO: DEBUG: After Storing Bone DEF-forearm.L
WARNING: Bone: DEF-forearm.L.001
WARNING:   Global With Scale:
mat4x4((-0.874682, 0.500112, -0.117762, 0.000000), (-0.092314, -0.383695, -0.888918, 0.000000), (-0.507249, -0.803716, 0.356723, 0.000000), (0.249079, 0.170884, 0.891402, 1.000000))
WARNING:   Global No Scale:
mat4x4((-0.855332, 0.498483, -0.120780, 0.000000), (-0.093942, -0.382239, -0.917112, 0.000000), (-0.504230, -0.775522, 0.377529, 0.000000), (0.249079, 0.170884, 0.891402, 1.000000))
WARNING:   Final Skin Matrix:
mat4x4((0.893568, -0.041479, -0.452348, 0.000000), (0.080549, -0.987619, 0.236883, 0.000000), (-0.475331, -0.257257, -0.818879, 0.000000), (-0.562591, -0.229687, 0.225196, 1.000000))
INFO: DEBUG: After Storing Bone DEF-forearm.L.001
WARNING: Bone: DEF-forearm.R
WARNING:   Global With Scale:
mat4x4((-0.961093, -0.170164, 0.243736, 0.000000), (-0.087963, -0.612967, -0.774865, 0.000000), (0.281032, -0.778627, 0.564594, 0.000000), (-0.220890, 0.102585, 0.964065, 1.000000))
WARNING:   Global No Scale:
mat4x4((-0.953781, -0.170969, 0.242041, 0.000000), (-0.088768, -0.613196, -0.783618, 0.000000), (0.282727, -0.769874, 0.571676, 0.000000), (-0.220890, 0.102585, 0.964065, 1.000000))
WARNING:   Final Skin Matrix:
mat4x4((0.892762, -0.097943, 0.438540, 0.000000), (-0.336965, -0.808455, 0.492360, 0.000000), (0.315985, -0.589706, -0.737464, 0.000000), (0.374989, -0.742368, 0.328067, 1.000000))
INFO: DEBUG: After Storing Bone DEF-forearm.R
WARNING: Bone: DEF-forearm.R.001
WARNING:   Global With Scale:
mat4x4((-0.867967, -0.348617, 0.369755, 0.000000), (-0.087964, -0.612967, -0.774865, 0.000000), (0.499311, -0.716716, 0.491380, 0.000000), (-0.230878, 0.032981, 0.876078, 1.000000))
WARNING:   Global No Scale:
mat4x4((-0.860414, -0.348386, 0.369132, 0.000000), (-0.087733, -0.613209, -0.783896, 0.000000), (0.499934, -0.707685, 0.498692, 0.000000), (-0.230878, 0.032981, 0.876078, 1.000000))
WARNING:   Final Skin Matrix:
mat4x4((0.951357, 0.067354, 0.304762, 0.000000), (-0.107201, -0.860981, 0.505637, 0.000000), (0.306339, -0.514898, -0.793751, 0.000000), (0.419466, -0.611554, 0.222419, 1.000000))
INFO: DEBUG: After Storing Bone DEF-forearm.R.001
WARNING: Bone: DEF-hand.L
WARNING:   Global With Scale:
mat4x4((-0.750200, 0.590204, -0.292916, 0.000000), (0.299501, -0.122392, -0.933688, 0.000000), (-0.601623, -0.814094, -0.076908, 0.000000), (0.238597, 0.127315, 0.790464, 1.000000))
WARNING:   Global No Scale:
mat4x4((-0.748421, 0.580689, -0.305795, 0.000000), (0.289986, -0.120654, -0.946299, 0.000000), (-0.588743, -0.801483, -0.073391, 0.000000), (0.238597, 0.127315, 0.790464, 1.000000))
WARNING:   Final Skin Matrix:
mat4x4((1.007161, 0.004153, -0.007381, 0.000000), (-0.006086, -1.012942, -0.004415, 0.000000), (0.006335, 0.000443, -0.981536, 0.000000), (-0.161798, -0.006407, -0.140187, 1.000000))
INFO: DEBUG: After Storing Bone DEF-hand.L
WARNING: Bone: DEF-hand.R
WARNING:   Global With Scale:
mat4x4((-0.757681, -0.590317, 0.299147, 0.000000), (-0.284307, -0.112565, -0.939497, 0.000000), (0.596243, -0.806102, -0.080288, 0.000000), (-0.240866, -0.036622, 0.788091, 1.000000))
WARNING:   Global No Scale:
mat4x4((-0.746148, -0.589605, 0.298482, 0.000000), (-0.283595, -0.118929, -0.949337, 0.000000), (0.596908, -0.796261, -0.075119, 0.000000), (-0.240866, -0.036622, 0.788091, 1.000000))
WARNING:   Final Skin Matrix:
mat4x4((1.005145, -0.002200, 0.002398, 0.000000), (-0.000746, -1.005401, -0.004186, 0.000000), (0.009944, 0.010432, -0.989225, 0.000000), (0.173299, -0.159076, -0.151846, 1.000000))
INFO: DEBUG: After Storing Bone DEF-hand.R
WARNING: Bone: DEF-pelvis.L
WARNING:   Global With Scale:
mat4x4((-0.529392, -0.789730, -0.309951, 0.000000), (0.467307, -0.576370, 0.670389, 0.000000), (-0.708073, 0.210056, 0.674173, 0.000000), (0.022696, 0.167290, 0.713263, 1.000000))
WARNING:   Global No Scale:
mat4x4((-0.529392, -0.789730, -0.309951, 0.000000), (0.467307, -0.576370, 0.670389, 0.000000), (-0.708073, 0.210056, 0.674173, 0.000000), (0.022696, 0.167290, 0.713263, 1.000000))
WARNING:   Final Skin Matrix:
mat4x4((0.991562, -0.129600, -0.002596, 0.000000), (-0.129600, -0.990764, -0.039877, 0.000000), (0.002596, 0.039877, -0.999201, 0.000000), (0.003616, 0.039126, -0.175993, 1.000000))
INFO: DEBUG: After Storing Bone DEF-pelvis.L
WARNING: Bone: DEF-pelvis.R
WARNING:   Global With Scale:
mat4x4((-0.307036, 0.899054, 0.312141, 0.000000), (-0.596286, -0.437356, 0.673173, 0.000000), (0.741735, 0.020563, 0.670377, 0.000000), (0.022696, 0.167290, 0.713263, 1.000000))
WARNING:   Global No Scale:
mat4x4((-0.307036, 0.899053, 0.312141, 0.000000), (-0.596286, -0.437356, 0.673173, 0.000000), (0.741736, 0.020563, 0.670377, 0.000000), (0.022696, 0.167290, 0.713263, 1.000000))
WARNING:   Final Skin Matrix:
mat4x4((0.991563, -0.129599, -0.002595, 0.000000), (-0.129599, -0.990765, -0.039877, 0.000000), (0.002597, 0.039877, -0.999201, 0.000000), (0.003617, 0.039125, -0.175994, 1.000000))
INFO: DEBUG: After Storing Bone DEF-pelvis.R
WARNING: Bone: DEF-shin.L
WARNING:   Global With Scale:
mat4x4((1.013137, -0.194523, 0.100988, 0.000000), (0.138959, 0.325840, -0.862668, 0.000000), (0.169424, 0.965872, 0.339748, 0.000000), (0.159882, -0.164885, 0.433430, 1.000000))
WARNING:   Global No Scale:
mat4x4((0.978368, -0.190099, 0.079602, 0.000000), (0.143383, 0.355146, -0.918530, 0.000000), (0.148038, 0.910010, 0.375030, 0.000000), (0.159882, -0.164885, 0.433430, 1.000000))
WARNING:   Final Skin Matrix:
mat4x4((1.034110, -0.047751, 0.072788, 0.000000), (-0.046585, -1.000584, -0.271755, 0.000000), (0.053903, 0.271054, -0.889198, 0.000000), (0.062469, -0.136274, -0.033175, 1.000000))
INFO: DEBUG: After Storing Bone DEF-shin.L
WARNING: Bone: DEF-shin.L.001
WARNING:   Global With Scale:
mat4x4((1.019472, -0.152913, 0.115468, 0.000000), (0.138958, 0.325840, -0.862668, 0.000000), (0.125810, 0.973327, 0.335104, 0.000000), (0.187491, -0.100146, 0.262032, 1.000000))
WARNING:   Global No Scale:
mat4x4((0.984089, -0.149478, 0.094790, 0.000000), (0.142394, 0.355311, -0.918561, 0.000000), (0.105133, 0.917435, 0.371182, 0.000000), (0.187491, -0.100146, 0.262032, 1.000000))
WARNING:   Final Skin Matrix:
mat4x4((1.035018, -0.005675, 0.086540, 0.000000), (-0.002599, -1.002647, -0.265307, 0.000000), (0.056478, 0.267555, -0.889913, 0.000000), (0.068340, -0.143002, -0.034401, 1.000000))
INFO: DEBUG: After Storing Bone DEF-shin.L.001
WARNING: Bone: DEF-shin.R
WARNING:   Global With Scale:
mat4x4((1.029120, -0.084257, -0.091528, 0.000000), (0.001642, 0.640741, -0.676121, 0.000000), (0.106128, 0.781897, 0.674310, 0.000000), (-0.189338, 0.021215, 0.360855, 1.000000))
WARNING:   Global No Scale:
mat4x4((0.993056, -0.086037, -0.080103, 0.000000), (-0.000139, 0.681057, -0.731548, 0.000000), (0.117554, 0.726471, 0.676319, 0.000000), (-0.189338, 0.021215, 0.360855, 1.000000))
WARNING:   Final Skin Matrix:
mat4x4((1.004846, -0.230549, -0.119423, 0.000000), (-0.236675, -0.801694, -0.615353, 0.000000), (0.068000, 0.577189, -0.726147, 0.000000), (-0.066931, 0.187064, -0.069381, 1.000000))
INFO: DEBUG: After Storing Bone DEF-shin.R
WARNING: Bone: DEF-shin.R.001
WARNING:   Global With Scale:
mat4x4((1.034487, 0.006819, -0.012857, 0.000000), (0.001642, 0.640741, -0.676122, 0.000000), (-0.013711, 0.786395, 0.680372, 0.000000), (-0.189012, 0.148520, 0.226520, 1.000000))
WARNING:   Global No Scale:
mat4x4((0.999996, 0.002774, -0.000701, 0.000000), (-0.002402, 0.681282, -0.731259, 0.000000), (-0.001555, 0.731257, 0.681286, 0.000000), (-0.189012, 0.148520, 0.226520, 1.000000))
WARNING:   Final Skin Matrix:
mat4x4((1.024878, -0.141009, -0.042346, 0.000000), (-0.118721, -0.817784, -0.631408, 0.000000), (0.076710, 0.583402, -0.720931, 0.000000), (-0.047745, 0.198584, -0.059766, 1.000000))
INFO: DEBUG: After Storing Bone DEF-shin.R.001
WARNING: Bone: DEF-shoulder.L
WARNING:   Global With Scale:
mat4x4((0.332192, -0.942484, -0.037037, 0.000000), (0.943165, 0.331530, 0.022966, 0.000000), (-0.009366, -0.042561, 0.999050, 0.000000), (0.023196, 0.039566, 1.220282, 1.000000))
WARNING:   Global No Scale:
mat4x4((0.332192, -0.942484, -0.037037, 0.000000), (0.943165, 0.331530, 0.022966, 0.000000), (-0.009366, -0.042561, 0.999050, 0.000000), (0.023196, 0.039566, 1.220282, 1.000000))
WARNING:   Final Skin Matrix:
mat4x4((0.991563, -0.129600, -0.002596, 0.000000), (-0.129600, -0.990764, -0.039878, 0.000000), (0.002596, 0.039878, -0.999201, 0.000000), (0.003616, 0.039127, -0.175994, 1.000000))
INFO: DEBUG: After Storing Bone DEF-shoulder.L
WARNING: Bone: DEF-shoulder.R
WARNING:   Global With Scale:
mat4x4((0.563450, 0.825422, 0.034692, 0.000000), (-0.826144, 0.562783, 0.027599, 0.000000), (0.003256, -0.044211, 0.999017, 0.000000), (-0.008004, 0.043644, 1.220363, 1.000000))
WARNING:   Global No Scale:
mat4x4((0.563450, 0.825422, 0.034692, 0.000000), (-0.826144, 0.562783, 0.027599, 0.000000), (0.003256, -0.044211, 0.999017, 0.000000), (-0.008004, 0.043644, 1.220363, 1.000000))
WARNING:   Final Skin Matrix:
mat4x4((0.991563, -0.129599, -0.002596, 0.000000), (-0.129599, -0.990764, -0.039878, 0.000000), (0.002596, 0.039878, -0.999201, 0.000000), (0.003616, 0.039127, -0.175993, 1.000000))
INFO: DEBUG: After Storing Bone DEF-shoulder.R
WARNING: Bone: DEF-spine
WARNING:   Global With Scale:
mat4x4((0.991563, -0.129599, -0.002596, 0.000000), (-0.034867, -0.285948, 0.957611, 0.000000), (-0.124848, -0.949441, -0.288054, 0.000000), (0.022696, 0.167290, 0.713263, 1.000000))
WARNING:   Global No Scale:
mat4x4((0.991563, -0.129599, -0.002596, 0.000000), (-0.034867, -0.285948, 0.957611, 0.000000), (-0.124848, -0.949441, -0.288054, 0.000000), (0.022696, 0.167290, 0.713263, 1.000000))
WARNING:   Final Skin Matrix:
mat4x4((0.991563, -0.129600, -0.002596, 0.000000), (-0.129600, -0.990764, -0.039877, 0.000000), (0.002596, 0.039877, -0.999201, 0.000000), (0.003616, 0.039126, -0.175994, 1.000000))
INFO: DEBUG: After Storing Bone DEF-spine
WARNING: Bone: DEF-spine.001
WARNING:   Global With Scale:
mat4x4((0.991563, -0.129599, -0.002596, 0.000000), (-0.018511, -0.161392, 0.986717, 0.000000), (-0.128297, -0.978344, -0.162430, 0.000000), (0.018133, 0.129869, 0.838582, 1.000000))
WARNING:   Global No Scale:
mat4x4((0.991563, -0.129599, -0.002596, 0.000000), (-0.018511, -0.161392, 0.986717, 0.000000), (-0.128297, -0.978344, -0.162430, 0.000000), (0.018133, 0.129869, 0.838582, 1.000000))
WARNING:   Final Skin Matrix:
mat4x4((0.991563, -0.129600, -0.002596, 0.000000), (-0.129600, -0.990764, -0.039877, 0.000000), (0.002596, 0.039877, -0.999201, 0.000000), (0.003616, 0.039125, -0.175994, 1.000000))
INFO: DEBUG: After Storing Bone DEF-spine.001
WARNING: Bone: DEF-spine.002
WARNING:   Global With Scale:
mat4x4((0.991563, -0.129599, -0.002596, 0.000000), (0.001528, -0.008338, 0.999964, 0.000000), (-0.129616, -0.991531, -0.008069, 0.000000), (0.015958, 0.110911, 0.954491, 1.000000))
WARNING:   Global No Scale:
mat4x4((0.991563, -0.129599, -0.002596, 0.000000), (0.001528, -0.008338, 0.999964, 0.000000), (-0.129616, -0.991531, -0.008069, 0.000000), (0.015958, 0.110911, 0.954491, 1.000000))
WARNING:   Final Skin Matrix:
mat4x4((0.991563, -0.129600, -0.002596, 0.000000), (-0.129600, -0.990764, -0.039877, 0.000000), (0.002596, 0.039877, -0.999201, 0.000000), (0.003616, 0.039125, -0.175994, 1.000000))
INFO: DEBUG: After Storing Bone DEF-spine.002
WARNING: Bone: DEF-spine.003
WARNING:   Global With Scale:
mat4x4((0.991563, -0.129600, -0.002596, 0.000000), (0.001106, -0.011565, 0.999932, 0.000000), (-0.129621, -0.991499, -0.011324, 0.000000), (0.016185, 0.109671, 1.103121, 1.000000))
WARNING:   Global No Scale:
mat4x4((0.991563, -0.129600, -0.002596, 0.000000), (0.001106, -0.011565, 0.999932, 0.000000), (-0.129621, -0.991499, -0.011324, 0.000000), (0.016185, 0.109671, 1.103121, 1.000000))
WARNING:   Final Skin Matrix:
mat4x4((0.991563, -0.129600, -0.002596, 0.000000), (-0.129600, -0.990764, -0.039877, 0.000000), (0.002596, 0.039877, -0.999201, 0.000000), (0.003616, 0.039126, -0.175994, 1.000000))
INFO: DEBUG: After Storing Bone DEF-spine.003
WARNING: Bone: DEF-spine.004
WARNING:   Global With Scale:
mat4x4((0.991563, -0.129600, -0.002596, 0.000000), (-0.050207, -0.402445, 0.914066, 0.000000), (-0.119507, -0.906224, -0.405556, 0.000000), (0.016369, 0.107757, 1.268673, 1.000000))
WARNING:   Global No Scale:
mat4x4((0.991563, -0.129600, -0.002596, 0.000000), (-0.050207, -0.402445, 0.914066, 0.000000), (-0.119507, -0.906224, -0.405556, 0.000000), (0.016369, 0.107757, 1.268673, 1.000000))
WARNING:   Final Skin Matrix:
mat4x4((0.991563, -0.129600, -0.002596, 0.000000), (-0.129600, -0.990764, -0.039878, 0.000000), (0.002596, 0.039878, -0.999201, 0.000000), (0.003616, 0.039127, -0.175993, 1.000000))
INFO: DEBUG: After Storing Bone DEF-spine.004
WARNING: Bone: DEF-spine.005
WARNING:   Global With Scale:
mat4x4((0.999586, 0.004346, 0.028430, 0.000000), (-0.026733, -0.224136, 0.974191, 0.000000), (0.010606, -0.974548, -0.223927, 0.000000), (0.013513, 0.084865, 1.320667, 1.000000))
WARNING:   Global No Scale:
mat4x4((0.999586, 0.004346, 0.028430, 0.000000), (-0.026733, -0.224136, 0.974191, 0.000000), (0.010606, -0.974548, -0.223927, 0.000000), (0.013513, 0.084865, 1.320667, 1.000000))
WARNING:   Final Skin Matrix:
mat4x4((0.999586, 0.004346, 0.028430, 0.000000), (0.005431, -0.999255, -0.038210, 0.000000), (0.028243, 0.038349, -0.998865, 0.000000), (0.056274, 0.035941, -0.175314, 1.000000))
INFO: DEBUG: After Storing Bone DEF-spine.005
WARNING: Bone: DEF-spine.006
WARNING:   Global With Scale:
mat4x4((0.988322, 0.147861, -0.036831, 0.000000), (0.083239, -0.321419, 0.943271, 0.000000), (0.127634, -0.935322, -0.329973, 0.000000), (0.012072, 0.072783, 1.373181, 1.000000))
WARNING:   Global No Scale:
mat4x4((0.988322, 0.147861, -0.036831, 0.000000), (0.083239, -0.321419, 0.943271, 0.000000), (0.127634, -0.935322, -0.329973, 0.000000), (0.012072, 0.072783, 1.373181, 1.000000))
WARNING:   Final Skin Matrix:
mat4x4((0.988322, 0.147861, -0.036831, 0.000000), (0.127634, -0.935322, -0.329973, 0.000000), (-0.083239, 0.321419, -0.943271, 0.000000), (-0.104382, 0.479882, -0.117409, 1.000000))
INFO: DEBUG: After Storing Bone DEF-spine.006
WARNING: Bone: DEF-thigh.L
WARNING:   Global With Scale:
mat4x4((0.966693, -0.138658, 0.288986, 0.000000), (0.128476, -0.620236, -0.727363, 0.000000), (0.290404, 0.767513, -0.603178, 0.000000), (0.101330, 0.117786, 0.764923, 1.000000))
WARNING:   Global No Scale:
mat4x4((0.947369, -0.140842, 0.287309, 0.000000), (0.130659, -0.647668, -0.748363, 0.000000), (0.292081, 0.746513, -0.595070, 0.000000), (0.101330, 0.117786, 0.764923, 1.000000))
WARNING:   Final Skin Matrix:
mat4x4((1.002721, -0.078077, 0.158799, 0.000000), (-0.158388, -0.806109, 0.601763, 0.000000), (0.069281, -0.580592, -0.767500, 0.000000), (0.061457, -0.522797, 0.109666, 1.000000))
INFO: DEBUG: After Storing Bone DEF-thigh.L
WARNING: Bone: DEF-thigh.L.001
WARNING:   Global With Scale:
mat4x4((0.951867, -0.174824, 0.317206, 0.000000), (0.128475, -0.620236, -0.727363, 0.000000), (0.335826, 0.760092, -0.588827, 0.000000), (0.130606, -0.023549, 0.599177, 1.000000))
WARNING:   Global No Scale:
mat4x4((0.932204, -0.176825, 0.315610, 0.000000), (0.130475, -0.647921, -0.748515, 0.000000), (0.337421, 0.738940, -0.580805, 0.000000), (0.130606, -0.023549, 0.599177, 1.000000))
WARNING:   Final Skin Matrix:
mat4x4((0.993989, -0.114820, 0.188587, 0.000000), (-0.205282, -0.803378, 0.591151, 0.000000), (0.071982, -0.578269, -0.769004, 0.000000), (0.058715, -0.517175, 0.104389, 1.000000))
INFO: DEBUG: After Storing Bone DEF-thigh.L.001
WARNING: Bone: DEF-thigh.R
WARNING:   Global With Scale:
mat4x4((0.976778, -0.047052, -0.284651, 0.000000), (-0.271169, -0.259814, -0.887567, 0.000000), (-0.033406, 0.979659, -0.276565, 0.000000), (-0.065753, 0.139624, 0.765361, 1.000000))
WARNING:   Global No Scale:
mat4x4((0.959727, -0.040955, -0.277244, 0.000000), (-0.277265, -0.276704, -0.913476, 0.000000), (-0.040813, 0.953749, -0.276725, 0.000000), (-0.065753, 0.139624, 0.765361, 1.000000))
WARNING:   Final Skin Matrix:
mat4x4((0.988599, -0.157261, -0.186541, 0.000000), (-0.103959, -0.976319, 0.270389, 0.000000), (-0.201514, -0.226979, -0.915086, 0.000000), (-0.184553, -0.211339, -0.072944, 1.000000))
INFO: DEBUG: After Storing Bone DEF-thigh.R
WARNING: Bone: DEF-thigh.R.001
WARNING:   Global With Scale:
mat4x4((0.974246, -0.002428, -0.296940, 0.000000), (-0.271169, -0.259814, -0.887567, 0.000000), (-0.077815, 0.980785, -0.263327, 0.000000), (-0.127546, 0.080419, 0.563108, 1.000000))
WARNING:   Global No Scale:
mat4x4((0.956896, 0.003383, -0.289720, 0.000000), (-0.276980, -0.276811, -0.913648, 0.000000), (-0.085035, 0.954704, -0.263680, 0.000000), (-0.127546, 0.080419, 0.563108, 1.000000))
WARNING:   Final Skin Matrix:
mat4x4((0.991895, -0.113271, -0.200426, 0.000000), (-0.059641, -0.983137, 0.258844, 0.000000), (-0.203298, -0.223741, -0.915488, 0.000000), (-0.180269, -0.205473, -0.075969, 1.000000))
INFO: DEBUG: After Storing Bone DEF-thigh.R.001
WARNING: Bone: DEF-toe.L
WARNING:   Global With Scale:
mat4x4((-1.002480, -0.001386, -0.029061, 0.000000), (-0.009523, -1.035002, 0.019986, 0.000000), (0.009185, -0.037805, 0.968154, 0.000000), (0.213657, -0.130713, 0.035514, 1.000000))
WARNING:   Global No Scale:
mat4x4((-1.002857, 0.004113, -0.009920, 0.000000), (-0.004024, -1.002867, -0.008929, 0.000000), (-0.009956, -0.008889, 0.999911, 0.000000), (0.213657, -0.130713, 0.035514, 1.000000))
WARNING:   Final Skin Matrix:
mat4x4((1.002480, 0.001387, 0.029063, 0.000000), (-0.009523, -1.035002, 0.019986, 0.000000), (-0.009183, 0.037804, -0.968153, 0.000000), (0.066463, -0.168309, 0.004684, 1.000000))
INFO: DEBUG: After Storing Bone DEF-toe.L
WARNING: Bone: DEF-toe.R
WARNING:   Global With Scale:
mat4x4((-0.997952, 0.005557, -0.001363, 0.000000), (-0.005764, -1.007780, -0.007554, 0.000000), (-0.027844, 0.006537, 0.995904, 0.000000), (-0.187586, 0.180471, 0.032842, 1.000000))
WARNING:   Global No Scale:
mat4x4((-1.000818, 0.005664, -0.014602, 0.000000), (-0.005657, -1.000924, -0.000550, 0.000000), (-0.014605, -0.000467, 0.999893, 0.000000), (-0.187586, 0.180471, 0.032842, 1.000000))
WARNING:   Final Skin Matrix:
mat4x4((0.997952, -0.005557, 0.001362, 0.000000), (-0.005764, -1.007780, -0.007554, 0.000000), (0.027842, -0.006537, -0.995904, 0.000000), (-0.041096, 0.142024, 0.004653, 1.000000))
INFO: DEBUG: After Storing Bone DEF-toe.R
WARNING: Bone: DEF-upper_arm.L
WARNING:   Global With Scale:
mat4x4((-0.842226, 0.558760, 0.078088, 0.000000), (0.219127, 0.447142, -0.836110, 0.000000), (-0.515952, -0.706036, -0.512801, 0.000000), (0.203010, 0.099056, 1.208122, 1.000000))
WARNING:   Global No Scale:
mat4x4((-0.825437, 0.552406, 0.082969, 0.000000), (0.225482, 0.467676, -0.853526, 0.000000), (-0.511072, -0.688620, -0.509056, 0.000000), (0.203010, 0.099056, 1.208122, 1.000000))
WARNING:   Final Skin Matrix:
mat4x4((0.961161, 0.148487, -0.246561, 0.000000), (0.045986, -0.932021, -0.395422, 0.000000), (-0.312447, 0.346300, -0.866598, 0.000000), (-0.400856, 0.418448, 0.002553, 1.000000))
INFO: DEBUG: After Storing Bone DEF-upper_arm.L
WARNING: Bone: DEF-upper_arm.L.001
WARNING:   Global With Scale:
mat4x4((-0.899352, 0.467564, 0.014345, 0.000000), (0.219129, 0.447143, -0.836110, 0.000000), (-0.408310, -0.769469, -0.518515, 0.000000), (0.231286, 0.156755, 1.100231, 1.000000))
WARNING:   Global No Scale:
mat4x4((-0.882396, 0.461776, 0.018913, 0.000000), (0.224916, 0.467815, -0.853441, 0.000000), (-0.403742, -0.752138, -0.514799, 0.000000), (0.231286, 0.156755, 1.100231, 1.000000))
WARNING:   Final Skin Matrix:
mat4x4((0.952937, 0.243948, -0.197663, 0.000000), (0.166484, -0.931300, -0.363457, 0.000000), (-0.296246, 0.289493, -0.892733, 0.000000), (-0.360045, 0.322360, -0.038140, 1.000000))
INFO: DEBUG: After Storing Bone DEF-upper_arm.L.001
WARNING: Bone: DEF-upper_arm.R
WARNING:   Global With Scale:
mat4x4((-0.832299, -0.493778, 0.274815, 0.000000), (-0.210562, -0.173487, -0.949416, 0.000000), (0.522836, -0.858505, 0.040920, 0.000000), (-0.166548, 0.147358, 1.209089, 1.000000))
WARNING:   Global No Scale:
mat4x4((-0.821851, -0.493904, 0.273739, 0.000000), (-0.210687, -0.178785, -0.959149, 0.000000), (0.523913, -0.848773, 0.046070, 0.000000), (-0.166548, 0.147358, 1.209089, 1.000000))
WARNING:   Final Skin Matrix:
mat4x4((0.952764, 0.050618, 0.303824, 0.000000), (-0.035363, -0.969044, 0.267456, 0.000000), (0.318444, -0.263319, -0.902634, 0.000000), (0.445520, -0.342683, 0.057534, 1.000000))
INFO: DEBUG: After Storing Bone DEF-upper_arm.R
WARNING: Bone: DEF-upper_arm.R.001
WARNING:   Global With Scale:
mat4x4((-0.909617, -0.339273, 0.263730, 0.000000), (-0.210561, -0.173487, -0.949416, 0.000000), (0.372394, -0.930452, 0.087432, 0.000000), (-0.193719, 0.124971, 1.086577, 1.000000))
WARNING:   Global No Scale:
mat4x4((-0.899331, -0.339825, 0.262324, 0.000000), (-0.211113, -0.178483, -0.958795, 0.000000), (0.373800, -0.921073, 0.092722, 0.000000), (-0.193719, 0.124971, 1.086577, 1.000000))
WARNING:   Final Skin Matrix:
mat4x4((0.939439, -0.094718, 0.333336, 0.000000), (-0.202325, -0.938887, 0.298974, 0.000000), (0.294847, -0.347082, -0.882094, 0.000000), (0.387028, -0.481133, 0.095805, 1.000000))
INFO: DEBUG: After Storing Bone DEF-upper_arm.R.001
WARNING: Bone: root
WARNING:   Global With Scale:
mat4x4((1.000000, 0.000000, 0.000000, 0.000000), (0.000000, -0.000000, -1.000000, 0.000000), (0.000000, 1.000000, -0.000000, 0.000000), (0.000000, 0.000000, 0.000000, 1.000000))
WARNING:   Global No Scale:
mat4x4((1.000000, 0.000000, 0.000000, 0.000000), (0.000000, -0.000000, -1.000000, 0.000000), (0.000000, 1.000000, -0.000000, 0.000000), (0.000000, 0.000000, 0.000000, 1.000000))
WARNING:   Final Skin Matrix:
mat4x4((1.000000, 0.000000, 0.000000, 0.000000), (0.000000, -0.000000, -1.000000, 0.000000), (0.000000, 1.000000, -0.000000, 0.000000), (0.000000, 0.000000, 0.000000, 1.000000))
INFO: DEBUG: After Storing Bone root
INFO: DEBUG: Max Vertex Attributes: 32
INFO: Bone [DEF-spine] FINAL TRANSFORM:
INFO: mat4x4((0.991563, -0.129600, -0.002596, 0.000000), (-0.129600, -0.990764, -0.039877, 0.000000), (0.002596, 0.039877, -0.999201, 0.000000), (0.003616, 0.039126, -0.175994, 1.000000))
INFO: Bone: DEF-spine Scale: vec3(1.000000, 1.000000, 1.000000) Translation: vec3(0.003616, 0.039126, -0.175994) Skew: vec3(-0.000000, -0.000000, -0.000000)
INFO: Decomposed transform for DEF-spine: Translation(0.00361616, 0.0391256, -0.175994), Scale(1, 1, 1)
INFO: Bone [DEF-spine.001] FINAL TRANSFORM:
INFO: mat4x4((0.991563, -0.129600, -0.002596, 0.000000), (-0.129600, -0.990764, -0.039877, 0.000000), (0.002596, 0.039877, -0.999201, 0.000000), (0.003616, 0.039125, -0.175994, 1.000000))
INFO: Bone: DEF-spine.001 Scale: vec3(1.000000, 1.000000, 1.000000) Translation: vec3(0.003616, 0.039125, -0.175994) Skew: vec3(-0.000000, -0.000000, -0.000000)
INFO: Decomposed transform for DEF-spine.001: Translation(0.00361613, 0.0391252, -0.175994), Scale(1, 1, 1)
INFO: Bone [DEF-spine.002] FINAL TRANSFORM:
INFO: mat4x4((0.991563, -0.129600, -0.002596, 0.000000), (-0.129600, -0.990764, -0.039877, 0.000000), (0.002596, 0.039877, -0.999201, 0.000000), (0.003616, 0.039125, -0.175994, 1.000000))
INFO: Bone: DEF-spine.002 Scale: vec3(1.000000, 1.000000, 1.000000) Translation: vec3(0.003616, 0.039125, -0.175994) Skew: vec3(-0.000000, -0.000000, -0.000000)
INFO: Decomposed transform for DEF-spine.002: Translation(0.00361612, 0.0391253, -0.175994), Scale(1, 1, 1)
INFO: Bone [DEF-spine.003] FINAL TRANSFORM:
INFO: mat4x4((0.991563, -0.129600, -0.002596, 0.000000), (-0.129600, -0.990764, -0.039877, 0.000000), (0.002596, 0.039877, -0.999201, 0.000000), (0.003616, 0.039126, -0.175994, 1.000000))
INFO: Bone: DEF-spine.003 Scale: vec3(1.000000, 1.000000, 1.000000) Translation: vec3(0.003616, 0.039126, -0.175994) Skew: vec3(-0.000000, -0.000000, 0.000000)
INFO: Decomposed transform for DEF-spine.003: Translation(0.0036162, 0.0391258, -0.175994), Scale(1, 1, 1)
INFO: Bone [DEF-spine.004] FINAL TRANSFORM:
INFO: mat4x4((0.991563, -0.129600, -0.002596, 0.000000), (-0.129600, -0.990764, -0.039878, 0.000000), (0.002596, 0.039878, -0.999201, 0.000000), (0.003616, 0.039127, -0.175993, 1.000000))
INFO: Bone: DEF-spine.004 Scale: vec3(1.000000, 1.000000, 1.000000) Translation: vec3(0.003616, 0.039127, -0.175993) Skew: vec3(-0.000000, -0.000000, 0.000000)
INFO: Decomposed transform for DEF-spine.004: Translation(0.00361636, 0.0391271, -0.175993), Scale(1, 1, 1)
INFO: Bone [DEF-spine.005] FINAL TRANSFORM:
INFO: mat4x4((0.999586, 0.004346, 0.028430, 0.000000), (0.005431, -0.999255, -0.038210, 0.000000), (0.028243, 0.038349, -0.998865, 0.000000), (0.056274, 0.035941, -0.175314, 1.000000))
INFO: Bone: DEF-spine.005 Scale: vec3(1.000000, 1.000000, 1.000000) Translation: vec3(0.056274, 0.035941, -0.175314) Skew: vec3(-0.000000, -0.000000, -0.000000)
INFO: Decomposed transform for DEF-spine.005: Translation(0.0562738, 0.035941, -0.175314), Scale(1, 1, 1)
INFO: Bone [DEF-spine.006] FINAL TRANSFORM:
INFO: mat4x4((0.988322, 0.147861, -0.036831, 0.000000), (0.127634, -0.935322, -0.329973, 0.000000), (-0.083239, 0.321419, -0.943271, 0.000000), (-0.104382, 0.479882, -0.117409, 1.000000))
INFO: Bone: DEF-spine.006 Scale: vec3(1.000000, 1.000000, 1.000000) Translation: vec3(-0.104382, 0.479882, -0.117409) Skew: vec3(-0.000000, 0.000000, -0.000000)
INFO: Decomposed transform for DEF-spine.006: Translation(-0.104382, 0.479882, -0.117409), Scale(1, 1, 1)
INFO: Bone [DEF-shoulder.L] FINAL TRANSFORM:
INFO: mat4x4((0.991563, -0.129600, -0.002596, 0.000000), (-0.129600, -0.990764, -0.039878, 0.000000), (0.002596, 0.039878, -0.999201, 0.000000), (0.003616, 0.039127, -0.175994, 1.000000))
INFO: Bone: DEF-shoulder.L Scale: vec3(1.000000, 1.000000, 1.000000) Translation: vec3(0.003616, 0.039127, -0.175994) Skew: vec3(-0.000000, 0.000000, -0.000000)
INFO: Decomposed transform for DEF-shoulder.L: Translation(0.00361623, 0.0391271, -0.175994), Scale(1, 1, 1)
INFO: Bone [DEF-upper_arm.L] FINAL TRANSFORM:
INFO: mat4x4((0.961161, 0.148487, -0.246561, 0.000000), (0.045986, -0.932021, -0.395422, 0.000000), (-0.312447, 0.346300, -0.866598, 0.000000), (-0.400856, 0.418448, 0.002553, 1.000000))
INFO: Bone: DEF-upper_arm.L Scale: vec3(1.003330, 1.013472, 0.983501) Translation: vec3(-0.400856, 0.418448, 0.002553) Skew: vec3(0.005679, -0.035694, 0.003248)
INFO: Decomposed transform for DEF-upper_arm.L: Translation(-0.400856, 0.418448, 0.00255263), Scale(1.00333, 1.01347, 0.983501)
INFO: Bone [DEF-upper_arm.L.001] FINAL TRANSFORM:
INFO: mat4x4((0.952937, 0.243948, -0.197663, 0.000000), (0.166484, -0.931300, -0.363457, 0.000000), (-0.296246, 0.289493, -0.892733, 0.000000), (-0.360045, 0.322360, -0.038140, 1.000000))
INFO: Bone: DEF-upper_arm.L.001 Scale: vec3(1.003330, 1.013472, 0.983502) Translation: vec3(-0.360045, 0.322360, -0.038140) Skew: vec3(0.005679, -0.035694, 0.003248)
INFO: Decomposed transform for DEF-upper_arm.L.001: Translation(-0.360045, 0.32236, -0.0381399), Scale(1.00333, 1.01347, 0.983502)
INFO: Bone [DEF-forearm.L] FINAL TRANSFORM:
INFO: mat4x4((0.857407, 0.103265, -0.505427, 0.000000), (0.246423, -0.964681, 0.213447, 0.000000), (-0.484789, -0.319406, -0.793901, 0.000000), (-0.535326, -0.344060, 0.267253, 1.000000))
INFO: Bone: DEF-forearm.L Scale: vec3(1.000633, 1.018272, 0.982199) Translation: vec3(-0.535326, -0.344060, 0.267253) Skew: vec3(0.019382, -0.048214, 0.003714)
INFO: Decomposed transform for DEF-forearm.L: Translation(-0.535326, -0.34406, 0.267253), Scale(1.00063, 1.01827, 0.982199)
INFO: Bone [DEF-forearm.L.001] FINAL TRANSFORM:
