INFO: Bone: DEF-forearm.L.001 Scale: vec3(0.998407, 0.997186, 0.995597) Translation: vec3(-0.520149, -0.216034, 0.167409) Skew: vec3(0.000233, -0.000235, -0.004399)
INFO: Decomposed transform for DEF-forearm.L.001: Translation(-0.520149, -0.216034, 0.167409), Scale(0.998407, 0.997186, 0.995597)
INFO: Bone [DEF-hand.L] FINAL TRANSFORM:
INFO: mat4x4((0.997602, 0.006492, 0.007711, 0.000000), (0.002992, -0.996968, -0.004429, 0.000000), (0.010552, 0.006819, -0.996541, 0.000000), (-0.150828, 0.006845, -0.171714, 1.000000))
INFO: Bone: DEF-hand.L Scale: vec3(0.997653, 0.996976, 0.996613) Translation: vec3(-0.150828, 0.006845, -0.171714) Skew: vec3(-0.002358, 0.002903, -0.003541)
INFO: Decomposed transform for DEF-hand.L: Translation(-0.150828, 0.00684462, -0.171714), Scale(0.997653, 0.996976, 0.996613)
INFO: Bone [DEF-shoulder.R] FINAL TRANSFORM:
INFO: mat4x4((0.991563, -0.129599, -0.002596, 0.000000), (-0.129599, -0.990765, -0.039878, 0.000000), (0.002596, 0.039878, -0.999201, 0.000000), (-0.013661, 0.039127, -0.175994, 1.000000))
INFO: Bone: DEF-shoulder.R Scale: vec3(1.000000, 1.000000, 1.000000) Translation: vec3(-0.013661, 0.039127, -0.175994) Skew: vec3(-0.000000, -0.000000, 0.000000)
INFO: Decomposed transform for DEF-shoulder.R: Translation(-0.0136614, 0.0391269, -0.175994), Scale(1, 1, 1)
INFO: Bone [DEF-upper_arm.R] FINAL TRANSFORM:
INFO: mat4x4((0.942949, 0.044572, 0.320326, 0.000000), (-0.039168, -0.958745, 0.266593, 0.000000), (0.316622, -0.261931, -0.905272, 0.000000), (0.423365, -0.340447, 0.056847, 1.000000))
INFO: Bone: DEF-upper_arm.R Scale: vec3(0.996869, 0.995874, 0.994162) Translation: vec3(0.423365, -0.340447, 0.056847) Skew: vec3(-0.002624, -0.003127, 0.005772)
INFO: Decomposed transform for DEF-upper_arm.R: Translation(0.423365, -0.340447, 0.0568466), Scale(0.996869, 0.995874, 0.994162)
INFO: Bone [DEF-upper_arm.R.001] FINAL TRANSFORM:
INFO: mat4x4((0.929509, -0.097253, 0.349087, 0.000000), (-0.202276, -0.928583, 0.295589, 0.000000), (0.293317, -0.343601, -0.885418, 0.000000), (0.365795, -0.475354, 0.093679, 1.000000))
INFO: Bone: DEF-upper_arm.R.001 Scale: vec3(0.997650, 0.995251, 0.994006) Translation: vec3(0.365795, -0.475354, 0.093679) Skew: vec3(-0.001993, -0.003056, 0.005516)
INFO: Decomposed transform for DEF-upper_arm.R.001: Translation(0.365795, -0.475354, 0.0936794), Scale(0.99765, 0.995251, 0.994006)
INFO: Bone [DEF-forearm.R] FINAL TRANSFORM:
INFO: mat4x4((0.881223, -0.075926, 0.462475, 0.000000), (-0.330803, -0.785463, 0.514160, 0.000000), (0.323964, -0.605862, -0.717604, 0.000000), (0.365251, -0.749500, 0.359473, 1.000000))
INFO: Bone: DEF-forearm.R Scale: vec3(0.998099, 0.995343, 0.993467) Translation: vec3(0.365251, -0.749500, 0.359473) Skew: vec3(-0.000249, -0.000392, 0.005951)
INFO: Decomposed transform for DEF-forearm.R: Translation(0.365251, -0.7495, 0.359473), Scale(0.998099, 0.995343, 0.993467)
INFO: Bone [DEF-forearm.R.001] FINAL TRANSFORM:
INFO: mat4x4((0.939423, 0.086021, 0.321646, 0.000000), (-0.099389, -0.835814, 0.533807, 0.000000), (0.313915, -0.532731, -0.777685, 0.000000), (0.409403, -0.621343, 0.248213, 1.000000))
INFO: Bone: DEF-forearm.R.001 Scale: vec3(0.996680, 0.996680, 0.993547) Translation: vec3(0.409403, -0.621343, 0.248213) Skew: vec3(-0.001073, -0.001076, 0.006474)
INFO: Decomposed transform for DEF-forearm.R.001: Translation(0.409403, -0.621343, 0.248213), Scale(0.99668, 0.99668, 0.993547)
INFO: Bone [DEF-hand.R] FINAL TRANSFORM:
INFO: mat4x4((0.995451, -0.000649, 0.007488, 0.000000), (0.002715, -0.994878, 0.006192, 0.000000), (0.002499, -0.001974, -0.996546, 0.000000), (0.149289, -0.172514, -0.155360, 1.000000))
INFO: Bone: DEF-hand.R Scale: vec3(0.995480, 0.994895, 0.996530) Translation: vec3(0.149289, -0.172514, -0.155360) Skew: vec3(-0.004219, -0.005013, 0.003427)
INFO: Decomposed transform for DEF-hand.R: Translation(0.149289, -0.172514, -0.15536), Scale(0.99548, 0.994895, 0.99653)
INFO: Bone [DEF-breast.L] FINAL TRANSFORM:
INFO: mat4x4((0.991563, -0.129600, -0.002596, 0.000000), (-0.129600, -0.990764, -0.039876, 0.000000), (0.002596, 0.039877, -0.999201, 0.000000), (-0.013661, 0.039125, -0.175994, 1.000000))
INFO: Bone: DEF-breast.L Scale: vec3(1.000000, 1.000000, 1.000000) Translation: vec3(-0.013661, 0.039125, -0.175994) Skew: vec3(-0.000000, -0.000000, 0.000000)
INFO: Decomposed transform for DEF-breast.L: Translation(-0.0136613, 0.0391254, -0.175994), Scale(1, 1, 1)
INFO: Bone [DEF-breast.R] FINAL TRANSFORM:
INFO: mat4x4((0.991563, -0.129600, -0.002596, 0.000000), (-0.129600, -0.990764, -0.039876, 0.000000), (0.002596, 0.039877, -0.999201, 0.000000), (-0.013661, 0.039125, -0.175994, 1.000000))
INFO: Bone: DEF-breast.R Scale: vec3(1.000000, 1.000000, 1.000000) Translation: vec3(-0.013661, 0.039125, -0.175994) Skew: vec3(-0.000000, -0.000000, 0.000000)
INFO: Decomposed transform for DEF-breast.R: Translation(-0.0136613, 0.0391254, -0.175994), Scale(1, 1, 1)
INFO: Bone [DEF-pelvis.L] FINAL TRANSFORM:
INFO: mat4x4((0.991563, -0.129600, -0.002596, 0.000000), (-0.129600, -0.990764, -0.039877, 0.000000), (0.002596, 0.039876, -0.999201, 0.000000), (-0.013662, 0.039125, -0.175994, 1.000000))
INFO: Bone: DEF-pelvis.L Scale: vec3(1.000000, 1.000000, 1.000000) Translation: vec3(-0.013662, 0.039125, -0.175994) Skew: vec3(0.000000, 0.000000, -0.000000)
INFO: Decomposed transform for DEF-pelvis.L: Translation(-0.0136617, 0.039125, -0.175994), Scale(1, 1, 1)
INFO: Bone [DEF-thigh.L] FINAL TRANSFORM:
INFO: mat4x4((0.969206, -0.079674, 0.160487, 0.000000), (-0.150505, -0.779278, 0.589103, 0.000000), (0.088006, -0.616155, -0.768369, 0.000000), (0.065553, -0.552540, 0.107088, 1.000000))
INFO: Bone: DEF-thigh.L Scale: vec3(0.985629, 0.988356, 0.988662) Translation: vec3(0.065553, -0.552540, 0.107088) Skew: vec3(0.014470, 0.011365, 0.011047)
INFO: Decomposed transform for DEF-thigh.L: Translation(0.0655532, -0.55254, 0.107088), Scale(0.985629, 0.988356, 0.988662)
INFO: Bone [DEF-thigh.L.001] FINAL TRANSFORM:
INFO: mat4x4((0.960343, -0.116944, 0.191208, 0.000000), (-0.198149, -0.776427, 0.577820, 0.000000), (0.090751, -0.613803, -0.769904, 0.000000), (0.062767, -0.546831, 0.101616, 1.000000))
INFO: Bone: DEF-thigh.L.001 Scale: vec3(0.986152, 0.987853, 0.988641) Translation: vec3(0.062767, -0.546831, 0.101616) Skew: vec3(0.013917, 0.012022, 0.011282)
INFO: Decomposed transform for DEF-thigh.L.001: Translation(0.0627673, -0.546831, 0.101616), Scale(0.986152, 0.987853, 0.988641)
INFO: Bone [DEF-shin.L] FINAL TRANSFORM:
INFO: mat4x4((0.980767, -0.062681, 0.073379, 0.000000), (-0.028649, -0.965614, -0.237848, 0.000000), (0.083546, 0.235598, -0.948634, 0.000000), (0.075187, -0.163563, -0.058877, 1.000000))
INFO: Bone: DEF-shin.L Scale: vec3(0.985503, 0.994773, 0.981004) Translation: vec3(0.075187, -0.163563, -0.058877) Skew: vec3(-0.004326, -0.002522, 0.015275)
INFO: Decomposed transform for DEF-shin.L: Translation(0.0751867, -0.163563, -0.0588765), Scale(0.985503, 0.994773, 0.981004)
INFO: Bone [DEF-shin.L.001] FINAL TRANSFORM:
INFO: mat4x4((0.980812, -0.018549, 0.086873, 0.000000), (0.016459, -0.968364, -0.230612, 0.000000), (0.086258, 0.231892, -0.949281, 0.000000), (0.081343, -0.170700, -0.059955, 1.000000))
INFO: Bone: DEF-shin.L.001 Scale: vec3(0.984827, 0.995478, 0.980982) Translation: vec3(0.081343, -0.170700, -0.059955) Skew: vec3(-0.004290, -0.002241, 0.014353)
INFO: Decomposed transform for DEF-shin.L.001: Translation(0.0813428, -0.1707, -0.0599552), Scale(0.984827, 0.995478, 0.980982)
INFO: Bone [DEF-foot.L] FINAL TRANSFORM:
INFO: mat4x4((0.984965, -0.014000, -0.000313, 0.000000), (-0.002609, -1.003646, 0.062683, 0.000000), (-0.000458, -0.065165, -0.988815, 0.000000), (0.070676, -0.201878, -0.012116, 1.000000))
INFO: Bone: DEF-foot.L Scale: vec3(0.985064, 1.005538, 0.990954) Translation: vec3(0.070676, -0.201878, -0.012116) Skew: vec3(0.003425, 0.000790, 0.011572)
INFO: Decomposed transform for DEF-foot.L: Translation(0.0706762, -0.201878, -0.0121163), Scale(0.985064, 1.00554, 0.990954)
INFO: Bone [DEF-toe.L] FINAL TRANSFORM:
INFO: mat4x4((0.984965, -0.013968, -0.000296, 0.000000), (-0.002578, -1.003656, 0.062543, 0.000000), (-0.000439, -0.065023, -0.988824, 0.000000), (0.070678, -0.201879, -0.012124, 1.000000))
INFO: Bone: DEF-toe.L Scale: vec3(0.985064, 1.005538, 0.990954) Translation: vec3(0.070678, -0.201879, -0.012124) Skew: vec3(0.003421, 0.000788, 0.011570)
INFO: Decomposed transform for DEF-toe.L: Translation(0.0706778, -0.201879, -0.0121242), Scale(0.985064, 1.00554, 0.990954)
INFO: Bone [DEF-pelvis.R] FINAL TRANSFORM:
INFO: mat4x4((0.991563, -0.129599, -0.002596, 0.000000), (-0.129599, -0.990764, -0.039876, 0.000000), (0.002596, 0.039876, -0.999201, 0.000000), (-0.013661, 0.039125, -0.175994, 1.000000))
INFO: Bone: DEF-pelvis.R Scale: vec3(1.000000, 1.000000, 1.000000) Translation: vec3(-0.013661, 0.039125, -0.175994) Skew: vec3(-0.000000, 0.000000, -0.000000)
INFO: Decomposed transform for DEF-pelvis.R: Translation(-0.0136612, 0.039125, -0.175994), Scale(1, 1, 1)
INFO: Bone [DEF-thigh.R] FINAL TRANSFORM:
INFO: mat4x4((0.984171, -0.128023, -0.178783, 0.000000), (-0.074075, -0.972352, 0.244679, 0.000000), (-0.198168, -0.219352, -0.964075, 0.000000), (-0.195241, -0.201222, -0.121476, 1.000000))
INFO: Bone: DEF-thigh.R Scale: vec3(1.008437, 1.005367, 1.008333) Translation: vec3(-0.195241, -0.201222, -0.121476) Skew: vec3(-0.007856, 0.005321, 0.007729)
INFO: Decomposed transform for DEF-thigh.R: Translation(-0.195241, -0.201222, -0.121476), Scale(1.00844, 1.00537, 1.00833)
INFO: Bone [DEF-thigh.R.001] FINAL TRANSFORM:
INFO: mat4x4((0.986067, -0.086634, -0.190917, 0.000000), (-0.032397, -0.977576, 0.233998, 0.000000), (-0.199927, -0.216360, -0.964400, 0.000000), (-0.191390, -0.195601, -0.124171, 1.000000))
INFO: Bone: DEF-thigh.R.001 Scale: vec3(1.008109, 1.005682, 1.008344) Translation: vec3(-0.191390, -0.195601, -0.124171) Skew: vec3(-0.007621, 0.005630, 0.007962)
INFO: Decomposed transform for DEF-thigh.R.001: Translation(-0.19139, -0.195601, -0.124171), Scale(1.00811, 1.00568, 1.00834)
INFO: Bone [DEF-shin.R] FINAL TRANSFORM:
INFO: mat4x4((0.983341, -0.198904, -0.105734, 0.000000), (-0.211294, -0.755129, -0.624980, 0.000000), (0.040016, 0.631470, -0.786176, 0.000000), (-0.095175, 0.224549, -0.120831, 1.000000))
INFO: Bone: DEF-shin.R Scale: vec3(1.008812, 1.002693, 1.009149) Translation: vec3(-0.095175, 0.224549, -0.120831) Skew: vec3(0.006003, -0.003072, 0.008408)
INFO: Decomposed transform for DEF-shin.R: Translation(-0.0951753, 0.224549, -0.120831), Scale(1.00881, 1.00269, 1.00915)
INFO: Bone [DEF-shin.R.001] FINAL TRANSFORM:
INFO: mat4x4((1.001227, -0.111952, -0.023997, 0.000000), (-0.091563, -0.767696, -0.640333, 0.000000), (0.048660, 0.637688, -0.780544, 0.000000), (-0.076076, 0.236154, -0.110406, 1.000000))
INFO: Bone: DEF-shin.R.001 Scale: vec3(1.007752, 1.003831, 1.009066) Translation: vec3(-0.076076, 0.236154, -0.110406) Skew: vec3(0.005765, -0.003875, 0.009526)
INFO: Decomposed transform for DEF-shin.R.001: Translation(-0.0760761, 0.236154, -0.110406), Scale(1.00775, 1.00383, 1.00907)
INFO: Bone [DEF-foot.R] FINAL TRANSFORM:
INFO: mat4x4((1.006000, 0.023129, -0.008430, 0.000000), (0.034312, -1.020143, -0.029638, 0.000000), (-0.005821, 0.032774, -1.026189, 0.000000), (-0.063586, 0.170041, -0.049293, 1.000000))
INFO: Bone: DEF-foot.R Scale: vec3(1.006301, 1.021089, 1.026718) Translation: vec3(-0.063586, 0.170041, -0.049293) Skew: vec3(-0.003109, 0.003439, 0.010873)
INFO: Decomposed transform for DEF-foot.R: Translation(-0.0635861, 0.170041, -0.0492926), Scale(1.0063, 1.02109, 1.02672)
INFO: Bone [DEF-toe.R] FINAL TRANSFORM:
INFO: mat4x4((1.006001, 0.023102, -0.008448, 0.000000), (0.034284, -1.020137, -0.029826, 0.000000), (-0.005844, 0.032961, -1.026184, 0.000000), (-0.063588, 0.170043, -0.049302, 1.000000))
INFO: Bone: DEF-toe.R Scale: vec3(1.006302, 1.021088, 1.026718) Translation: vec3(-0.063588, 0.170043, -0.049302) Skew: vec3(-0.003107, 0.003438, 0.010875)
INFO: Decomposed transform for DEF-toe.R: Translation(-0.0635877, 0.170043, -0.0493021), Scale(1.0063, 1.02109, 1.02672)
INFO: DEBUG: Max Vertex Attributes: 32
INFO: Drawing mesh with VAO: 1
INFO: Drawing mesh with VAO: 2
INFO: DEBUG: Depth testing and blending enabled.
INFO: Applied animation frame at t=0.184324
INFO: DEBUG: After Storing Bone DEF-breast.L
INFO: DEBUG: After Storing Bone DEF-breast.R
INFO: DEBUG: After Storing Bone DEF-foot.L
INFO: DEBUG: After Storing Bone DEF-foot.R
INFO: DEBUG: After Storing Bone DEF-forearm.L
INFO: DEBUG: After Storing Bone DEF-forearm.L.001
INFO: DEBUG: After Storing Bone DEF-forearm.R
INFO: DEBUG: After Storing Bone DEF-forearm.R.001
INFO: DEBUG: After Storing Bone DEF-hand.L
INFO: DEBUG: After Storing Bone DEF-hand.R
INFO: DEBUG: After Storing Bone DEF-pelvis.L
INFO: DEBUG: After Storing Bone DEF-pelvis.R
INFO: DEBUG: After Storing Bone DEF-shin.L
INFO: DEBUG: After Storing Bone DEF-shin.L.001
INFO: DEBUG: After Storing Bone DEF-shin.R
INFO: DEBUG: After Storing Bone DEF-shin.R.001
INFO: DEBUG: After Storing Bone DEF-shoulder.L
INFO: DEBUG: After Storing Bone DEF-shoulder.R
INFO: DEBUG: After Storing Bone DEF-spine
INFO: DEBUG: After Storing Bone DEF-spine.001
INFO: DEBUG: After Storing Bone DEF-spine.002
INFO: DEBUG: After Storing Bone DEF-spine.003
INFO: DEBUG: After Storing Bone DEF-spine.004
INFO: DEBUG: After Storing Bone DEF-spine.005
INFO: DEBUG: After Storing Bone DEF-spine.006
INFO: DEBUG: After Storing Bone DEF-thigh.L
INFO: DEBUG: After Storing Bone DEF-thigh.L.001
INFO: DEBUG: After Storing Bone DEF-thigh.R
INFO: DEBUG: After Storing Bone DEF-thigh.R.001
INFO: DEBUG: After Storing Bone DEF-toe.L
INFO: DEBUG: After Storing Bone DEF-toe.R
INFO: DEBUG: After Storing Bone DEF-upper_arm.L
INFO: DEBUG: After Storing Bone DEF-upper_arm.L.001
INFO: DEBUG: After Storing Bone DEF-upper_arm.R
INFO: DEBUG: After Storing Bone DEF-upper_arm.R.001
INFO: DEBUG: After Storing Bone root
INFO: DEBUG: Animation time = 0.019367
INFO: DEBUG: Max Vertex Attributes: 32
INFO: Bone [DEF-spine] FINAL TRANSFORM:
INFO: mat4x4((0.991563, -0.129600, -0.002596, 0.000000), (-0.129600, -0.990764, -0.039876, 0.000000), (0.002596, 0.039876, -0.999201, 0.000000), (-0.017753, 0.039125, -0.175994, 1.000000))
INFO: Bone: DEF-spine Scale: vec3(1.000000, 1.000000, 1.000000) Translation: vec3(-0.017753, 0.039125, -0.175994) Skew: vec3(-0.000000, -0.000000, 0.000000)
INFO: Decomposed transform for DEF-spine: Translation(-0.0177528, 0.039125, -0.175994), Scale(1, 1, 1)
INFO: Bone [DEF-spine.001] FINAL TRANSFORM:
INFO: mat4x4((0.991563, -0.129600, -0.002596, 0.000000), (-0.129600, -0.990765, -0.039876, 0.000000), (0.002596, 0.039876, -0.999201, 0.000000), (-0.017753, 0.039125, -0.175994, 1.000000))
INFO: Bone: DEF-spine.001 Scale: vec3(1.000000, 1.000000, 1.000000) Translation: vec3(-0.017753, 0.039125, -0.175994) Skew: vec3(-0.000000, -0.000000, 0.000000)
INFO: Decomposed transform for DEF-spine.001: Translation(-0.0177528, 0.0391247, -0.175994), Scale(1, 1, 1)
INFO: Bone [DEF-spine.002] FINAL TRANSFORM:
INFO: mat4x4((0.991563, -0.129600, -0.002596, 0.000000), (-0.129600, -0.990764, -0.039876, 0.000000), (0.002596, 0.039876, -0.999201, 0.000000), (-0.017753, 0.039125, -0.175994, 1.000000))
INFO: Bone: DEF-spine.002 Scale: vec3(1.000000, 1.000000, 1.000000) Translation: vec3(-0.017753, 0.039125, -0.175994) Skew: vec3(-0.000000, -0.000000, 0.000000)
INFO: Decomposed transform for DEF-spine.002: Translation(-0.0177528, 0.0391248, -0.175994), Scale(1, 1, 1)
INFO: Bone [DEF-spine.003] FINAL TRANSFORM:
INFO: mat4x4((0.991563, -0.129600, -0.002596, 0.000000), (-0.129600, -0.990764, -0.039876, 0.000000), (0.002596, 0.039877, -0.999201, 0.000000), (-0.017753, 0.039125, -0.175994, 1.000000))
INFO: Bone: DEF-spine.003 Scale: vec3(1.000000, 1.000000, 1.000000) Translation: vec3(-0.017753, 0.039125, -0.175994) Skew: vec3(-0.000000, -0.000000, 0.000000)
INFO: Decomposed transform for DEF-spine.003: Translation(-0.0177528, 0.0391253, -0.175994), Scale(1, 1, 1)
INFO: Bone [DEF-spine.004] FINAL TRANSFORM:
INFO: mat4x4((0.991563, -0.129600, -0.002596, 0.000000), (-0.129600, -0.990764, -0.039877, 0.000000), (0.002596, 0.039878, -0.999201, 0.000000), (-0.017753, 0.039127, -0.175994, 1.000000))
INFO: Bone: DEF-spine.004 Scale: vec3(1.000000, 1.000000, 1.000000) Translation: vec3(-0.017753, 0.039127, -0.175994) Skew: vec3(-0.000000, -0.000000, 0.000000)
INFO: Decomposed transform for DEF-spine.004: Translation(-0.0177526, 0.0391266, -0.175994), Scale(1, 1, 1)
INFO: Bone [DEF-spine.005] FINAL TRANSFORM:
INFO: mat4x4((0.999108, -0.037854, 0.018711, 0.000000), (-0.037100, -0.998546, -0.039118, 0.000000), (0.020165, 0.038389, -0.999059, 0.000000), (0.018319, 0.036077, -0.175701, 1.000000))
INFO: Bone: DEF-spine.005 Scale: vec3(1.000000, 1.000000, 1.000000) Translation: vec3(0.018319, 0.036077, -0.175701) Skew: vec3(-0.000000, -0.000000, -0.000000)
INFO: Decomposed transform for DEF-spine.005: Translation(0.0183193, 0.0360766, -0.175701), Scale(1, 1, 1)
INFO: Bone [DEF-spine.006] FINAL TRANSFORM:
INFO: mat4x4((0.997363, 0.061772, -0.038091, 0.000000), (0.046464, -0.946720, -0.318690, 0.000000), (-0.055747, 0.316080, -0.947093, 0.000000), (-0.091044, 0.470533, -0.122233, 1.000000))
INFO: Bone: DEF-spine.006 Scale: vec3(1.000000, 1.000000, 1.000000) Translation: vec3(-0.091044, 0.470533, -0.122233) Skew: vec3(-0.000000, 0.000000, -0.000000)
INFO: Decomposed transform for DEF-spine.006: Translation(-0.0910438, 0.470533, -0.122233), Scale(1, 1, 1)
INFO: Bone [DEF-shoulder.L] FINAL TRANSFORM:
INFO: mat4x4((0.991563, -0.129600, -0.002596, 0.000000), (-0.129600, -0.990764, -0.039878, 0.000000), (0.002596, 0.039878, -0.999202, 0.000000), (-0.017752, 0.039127, -0.175994, 1.000000))
INFO: Bone: DEF-shoulder.L Scale: vec3(1.000000, 1.000000, 1.000000) Translation: vec3(-0.017752, 0.039127, -0.175994) Skew: vec3(-0.000000, 0.000000, -0.000000)
INFO: Decomposed transform for DEF-shoulder.L: Translation(-0.0177523, 0.0391269, -0.175994), Scale(1, 1, 1)
INFO: Bone [DEF-upper_arm.L] FINAL TRANSFORM:
INFO: mat4x4((0.961471, 0.149477, -0.225454, 0.000000), (0.050754, -0.918295, -0.382444, 0.000000), (-0.261623, 0.358354, -0.892213, 0.000000), (-0.351471, 0.436826, -0.034909, 1.000000))
INFO: Bone: DEF-upper_arm.L Scale: vec3(0.998799, 0.996042, 0.996442) Translation: vec3(-0.351471, 0.436826, -0.034909) Skew: vec3(-0.001133, 0.003191, -0.002254)
INFO: Decomposed transform for DEF-upper_arm.L: Translation(-0.351471, 0.436826, -0.0349089), Scale(0.998799, 0.996042, 0.996442)
INFO: Bone [DEF-upper_arm.L.001] FINAL TRANSFORM:
INFO: mat4x4((0.951763, 0.247290, -0.175994, 0.000000), (0.172826, -0.918049, -0.345119, 0.000000), (-0.244392, 0.300100, -0.918181, 0.000000), (-0.308740, 0.338237, -0.074723, 1.000000))
INFO: Bone: DEF-upper_arm.L.001 Scale: vec3(0.998989, 0.995884, 0.996410) Translation: vec3(-0.308740, 0.338237, -0.074723) Skew: vec3(-0.000863, 0.003218, -0.001806)
INFO: Decomposed transform for DEF-upper_arm.L.001: Translation(-0.30874, 0.338237, -0.0747234), Scale(0.998989, 0.995884, 0.99641)
INFO: Bone [DEF-forearm.L] FINAL TRANSFORM:
INFO: mat4x4((0.866603, 0.105975, -0.485680, 0.000000), (0.235344, -0.942754, 0.221758, 0.000000), (-0.434841, -0.306913, -0.841596, 0.000000), (-0.492335, -0.324397, 0.203878, 1.000000))
INFO: Bone: DEF-forearm.L Scale: vec3(0.999058, 0.996662, 0.995774) Translation: vec3(-0.492335, -0.324397, 0.203878) Skew: vec3(0.000376, -0.000616, -0.003678)
INFO: Decomposed transform for DEF-forearm.L: Translation(-0.492335, -0.324397, 0.203878), Scale(0.999058, 0.996662, 0.995774)
INFO: Bone [DEF-forearm.L.001] FINAL TRANSFORM:
INFO: mat4x4((0.899433, -0.031318, -0.432413, 0.000000), (0.076403, -0.965299, 0.238620, 0.000000), (-0.425038, -0.247848, -0.865693, 0.000000), (-0.517025, -0.215906, 0.161724, 1.000000))
INFO: Bone: DEF-forearm.L.001 Scale: vec3(0.998469, 0.997277, 0.995746) Translation: vec3(-0.517025, -0.215906, 0.161724) Skew: vec3(0.000202, -0.000195, -0.004250)
INFO: Decomposed transform for DEF-forearm.L.001: Translation(-0.517025, -0.215906, 0.161724), Scale(0.998469, 0.997277, 0.995746)
INFO: Bone [DEF-hand.L] FINAL TRANSFORM:
INFO: mat4x4((0.997691, 0.006434, 0.007618, 0.000000), (0.003051, -0.997066, -0.004371, 0.000000), (0.010362, 0.006670, -0.996651, 0.000000), (-0.152299, 0.006680, -0.171760, 1.000000))
INFO: Bone: DEF-hand.L Scale: vec3(0.997741, 0.997075, 0.996720) Translation: vec3(-0.152299, 0.006680, -0.171760) Skew: vec3(-0.002267, 0.002804, -0.003422)
INFO: Decomposed transform for DEF-hand.L: Translation(-0.152299, 0.00667956, -0.17176), Scale(0.997741, 0.997075, 0.99672)
INFO: Bone [DEF-shoulder.R] FINAL TRANSFORM:
INFO: mat4x4((0.991563, -0.129599, -0.002596, 0.000000), (-0.129599, -0.990765, -0.039877, 0.000000), (0.002596, 0.039878, -0.999201, 0.000000), (-0.017753, 0.039127, -0.175994, 1.000000))
INFO: Bone: DEF-shoulder.R Scale: vec3(1.000000, 1.000000, 1.000000) Translation: vec3(-0.017753, 0.039127, -0.175994) Skew: vec3(-0.000000, -0.000000, 0.000000)
INFO: Decomposed transform for DEF-shoulder.R: Translation(-0.0177525, 0.0391267, -0.175994), Scale(1, 1, 1)
INFO: Bone [DEF-upper_arm.R] FINAL TRANSFORM:
INFO: mat4x4((0.942267, 0.042651, 0.322485, 0.000000), (-0.040683, -0.959393, 0.263770, 0.000000), (0.318241, -0.259629, -0.905276, 0.000000), (0.421168, -0.337720, 0.056847, 1.000000))
INFO: Bone: DEF-upper_arm.R Scale: vec3(0.996837, 0.995806, 0.994079) Translation: vec3(0.421168, -0.337720, 0.056847) Skew: vec3(-0.002653, -0.003173, 0.005851)
INFO: Decomposed transform for DEF-upper_arm.R: Translation(0.421168, -0.33772, 0.0568471), Scale(0.996837, 0.995806, 0.994079)
INFO: Bone [DEF-upper_arm.R.001] FINAL TRANSFORM:
INFO: mat4x4((0.928706, -0.098789, 0.350716, 0.000000), (-0.203304, -0.929284, 0.292414, 0.000000), (0.294910, -0.341076, -0.885770, 0.000000), (0.363608, -0.472254, 0.093050, 1.000000))
INFO: Bone: DEF-upper_arm.R.001 Scale: vec3(0.997625, 0.995177, 0.993922) Translation: vec3(0.363608, -0.472254, 0.093050) Skew: vec3(-0.002017, -0.003101, 0.005587)
INFO: Decomposed transform for DEF-upper_arm.R.001: Translation(0.363608, -0.472254, 0.0930504), Scale(0.997625, 0.995177, 0.993922)
INFO: Bone [DEF-forearm.R] FINAL TRANSFORM:
INFO: mat4x4((0.879745, -0.072161, 0.465799, 0.000000), (-0.331085, -0.783523, 0.516832, 0.000000), (0.327462, -0.608724, -0.713452, 0.000000), (0.365178, -0.750532, 0.365548, 1.000000))
INFO: Bone: DEF-forearm.R Scale: vec3(0.998061, 0.995292, 0.993373) Translation: vec3(0.365178, -0.750532, 0.365548) Skew: vec3(-0.000203, -0.000318, 0.006050)
INFO: Decomposed transform for DEF-forearm.R: Translation(0.365178, -0.750532, 0.365548), Scale(0.998061, 0.995292, 0.993373)
INFO: Bone [DEF-forearm.R.001] FINAL TRANSFORM:
INFO: mat4x4((0.937817, 0.087642, 0.325732, 0.000000), (-0.101864, -0.833106, 0.537491, 0.000000), (0.317682, -0.536577, -0.773369, 0.000000), (0.409246, -0.624074, 0.254882, 1.000000))
INFO: Bone: DEF-forearm.R.001 Scale: vec3(0.996636, 0.996642, 0.993445) Translation: vec3(0.409246, -0.624074, 0.254882) Skew: vec3(-0.001018, -0.001020, 0.006577)
INFO: Decomposed transform for DEF-forearm.R.001: Translation(0.409246, -0.624074, 0.254882), Scale(0.996636, 0.996642, 0.993445)
INFO: Bone [DEF-hand.R] FINAL TRANSFORM:
INFO: mat4x4((0.995380, -0.002490, 0.009269, 0.000000), (0.000921, -0.994811, 0.006482, 0.000000), (0.004207, -0.002211, -0.996478, 0.000000), (0.147882, -0.173555, -0.154102, 1.000000))
INFO: Bone: DEF-hand.R Scale: vec3(0.995426, 0.994827, 0.996468) Translation: vec3(0.147882, -0.173555, -0.154102) Skew: vec3(-0.004275, -0.005085, 0.003488)
INFO: Decomposed transform for DEF-hand.R: Translation(0.147882, -0.173555, -0.154102), Scale(0.995426, 0.994827, 0.996468)
INFO: Bone [DEF-breast.L] FINAL TRANSFORM:
INFO: mat4x4((0.991563, -0.129600, -0.002596, 0.000000), (-0.129600, -0.990764, -0.039876, 0.000000), (0.002596, 0.039877, -0.999201, 0.000000), (-0.017752, 0.039125, -0.175994, 1.000000))
INFO: Bone: DEF-breast.L Scale: vec3(1.000000, 1.000000, 1.000000) Translation: vec3(-0.017752, 0.039125, -0.175994) Skew: vec3(-0.000000, -0.000000, 0.000000)
INFO: Decomposed transform for DEF-breast.L: Translation(-0.0177525, 0.0391252, -0.175994), Scale(1, 1, 1)
INFO: Bone [DEF-breast.R] FINAL TRANSFORM:
INFO: mat4x4((0.991563, -0.129600, -0.002596, 0.000000), (-0.129600, -0.990764, -0.039876, 0.000000), (0.002596, 0.039877, -0.999201, 0.000000), (-0.017752, 0.039125, -0.175993, 1.000000))
INFO: Bone: DEF-breast.R Scale: vec3(1.000000, 1.000000, 1.000000) Translation: vec3(-0.017752, 0.039125, -0.175993) Skew: vec3(-0.000000, -0.000000, 0.000000)
INFO: Decomposed transform for DEF-breast.R: Translation(-0.0177525, 0.0391252, -0.175993), Scale(1, 1, 1)
INFO: Bone [DEF-pelvis.L] FINAL TRANSFORM:
INFO: mat4x4((0.991563, -0.129600, -0.002596, 0.000000), (-0.129600, -0.990764, -0.039876, 0.000000), (0.002596, 0.039876, -0.999201, 0.000000), (-0.017753, 0.039125, -0.175994, 1.000000))
INFO: Bone: DEF-pelvis.L Scale: vec3(1.000000, 1.000000, 1.000000) Translation: vec3(-0.017753, 0.039125, -0.175994) Skew: vec3(0.000000, 0.000000, -0.000000)
INFO: Decomposed transform for DEF-pelvis.L: Translation(-0.0177528, 0.0391248, -0.175994), Scale(1, 1, 1)
INFO: Bone [DEF-thigh.L] FINAL TRANSFORM:
INFO: mat4x4((0.968651, -0.078111, 0.165401, 0.000000), (-0.152255, -0.780432, 0.587343, 0.000000), (0.093007, -0.614931, -0.768935, 0.000000), (0.065969, -0.551673, 0.105918, 1.000000))
INFO: Bone: DEF-thigh.L Scale: vec3(0.985771, 0.988490, 0.988801) Translation: vec3(0.065969, -0.551673, 0.105918) Skew: vec3(0.014326, 0.011225, 0.010904)
INFO: Decomposed transform for DEF-thigh.L: Translation(0.0659695, -0.551673, 0.105918), Scale(0.985771, 0.98849, 0.988801)
INFO: Bone [DEF-thigh.L.001] FINAL TRANSFORM:
INFO: mat4x4((0.959580, -0.115848, 0.196361, 0.000000), (-0.200369, -0.777613, 0.575682, 0.000000), (0.095787, -0.612545, -0.770469, 0.000000), (0.063174, -0.545898, 0.100378, 1.000000))
INFO: Bone: DEF-thigh.L.001 Scale: vec3(0.986292, 0.987987, 0.988780) Translation: vec3(0.063174, -0.545898, 0.100378) Skew: vec3(0.013774, 0.011882, 0.011141)
INFO: Decomposed transform for DEF-thigh.L.001: Translation(0.0631738, -0.545898, 0.100378), Scale(0.986292, 0.987987, 0.98878)
INFO: Bone [DEF-shin.L] FINAL TRANSFORM:
INFO: mat4x4((0.980535, -0.062491, 0.078681, 0.000000), (-0.027437, -0.965963, -0.236838, 0.000000), (0.088654, 0.234344, -0.948682, 0.000000), (0.075936, -0.163648, -0.059543, 1.000000))
INFO: Bone: DEF-shin.L Scale: vec3(0.985670, 0.994839, 0.981199) Translation: vec3(0.075936, -0.163648, -0.059543) Skew: vec3(-0.004179, -0.002440, 0.015121)
INFO: Decomposed transform for DEF-shin.L: Translation(0.0759362, -0.163648, -0.0595426), Scale(0.98567, 0.994839, 0.981199)
INFO: Bone [DEF-shin.L.001] FINAL TRANSFORM:
INFO: mat4x4((0.980491, -0.017537, 0.092364, 0.000000), (0.018459, -0.968729, -0.229216, 0.000000), (0.091421, 0.230571, -0.949320, 0.000000), (0.082214, -0.170913, -0.060597, 1.000000))
INFO: Bone: DEF-shin.L.001 Scale: vec3(0.984988, 0.995549, 0.981177) Translation: vec3(0.082214, -0.170913, -0.060597) Skew: vec3(-0.004140, -0.002162, 0.014191)
INFO: Decomposed transform for DEF-shin.L.001: Translation(0.0822136, -0.170913, -0.0605973), Scale(0.984988, 0.995549, 0.981177)
INFO: Bone [DEF-foot.L] FINAL TRANSFORM:
INFO: mat4x4((0.985152, -0.014393, -0.000421, 0.000000), (-0.003168, -1.003617, 0.062314, 0.000000), (-0.000543, -0.064753, -0.988984, 0.000000), (0.070680, -0.201683, -0.012183, 1.000000))
INFO: Bone: DEF-foot.L Scale: vec3(0.985257, 1.005489, 0.991096) Translation: vec3(0.070680, -0.201683, -0.012183) Skew: vec3(0.003364, 0.000833, 0.011405)
INFO: Decomposed transform for DEF-foot.L: Translation(0.0706795, -0.201683, -0.012183), Scale(0.985257, 1.00549, 0.991096)
INFO: Bone [DEF-toe.L] FINAL TRANSFORM:
INFO: mat4x4((0.985152, -0.014358, -0.000403, 0.000000), (-0.003135, -1.003627, 0.062174, 0.000000), (-0.000523, -0.064612, -0.988993, 0.000000), (0.070681, -0.201684, -0.012191, 1.000000))
INFO: Bone: DEF-toe.L Scale: vec3(0.985257, 1.005490, 0.991096) Translation: vec3(0.070681, -0.201684, -0.012191) Skew: vec3(0.003360, 0.000831, 0.011403)
INFO: Decomposed transform for DEF-toe.L: Translation(0.0706812, -0.201684, -0.0121911), Scale(0.985257, 1.00549, 0.991096)
INFO: Bone [DEF-pelvis.R] FINAL TRANSFORM:
INFO: mat4x4((0.991563, -0.129599, -0.002596, 0.000000), (-0.129599, -0.990764, -0.039876, 0.000000), (0.002596, 0.039876, -0.999201, 0.000000), (-0.017752, 0.039125, -0.175994, 1.000000))
INFO: Bone: DEF-pelvis.R Scale: vec3(1.000000, 1.000000, 1.000000) Translation: vec3(-0.017752, 0.039125, -0.175994) Skew: vec3(-0.000000, 0.000000, 0.000000)
INFO: Decomposed transform for DEF-pelvis.R: Translation(-0.0177524, 0.0391248, -0.175994), Scale(1, 1, 1)
INFO: Bone [DEF-thigh.R] FINAL TRANSFORM:
INFO: mat4x4((0.985284, -0.127361, -0.173539, 0.000000), (-0.074433, -0.972267, 0.245155, 0.000000), (-0.192901, -0.220339, -0.965036, 0.000000), (-0.194351, -0.202080, -0.121873, 1.000000))
INFO: Bone: DEF-thigh.R Scale: vec3(1.008524, 1.005426, 1.008445) Translation: vec3(-0.194351, -0.202080, -0.121873) Skew: vec3(-0.007930, 0.005380, 0.007838)
INFO: Decomposed transform for DEF-thigh.R: Translation(-0.194351, -0.20208, -0.121873), Scale(1.00852, 1.00543, 1.00844)
INFO: Bone [DEF-thigh.R.001] FINAL TRANSFORM:
INFO: mat4x4((0.987191, -0.086552, -0.185536, 0.000000), (-0.033268, -0.977407, 0.234844, 0.000000), (-0.194636, -0.217389, -0.965368, 0.000000), (-0.190542, -0.196537, -0.124516, 1.000000))
INFO: Bone: DEF-thigh.R.001 Scale: vec3(1.008197, 1.005742, 1.008456) Translation: vec3(-0.190542, -0.196537, -0.124516) Skew: vec3(-0.007695, 0.005688, 0.008070)
INFO: Decomposed transform for DEF-thigh.R.001: Translation(-0.190542, -0.196537, -0.124516), Scale(1.0082, 1.00574, 1.00846)
INFO: Bone [DEF-shin.R] FINAL TRANSFORM:
INFO: mat4x4((0.983808, -0.199774, -0.100669, 0.000000), (-0.208568, -0.753891, -0.627474, 0.000000), (0.044911, 0.632743, -0.784994, 0.000000), (-0.094206, 0.224730, -0.120535, 1.000000))
INFO: Bone: DEF-shin.R Scale: vec3(1.008921, 1.002748, 1.009231) Translation: vec3(-0.094206, 0.224730, -0.120535) Skew: vec3(0.006132, -0.003140, 0.008485)
INFO: Decomposed transform for DEF-shin.R: Translation(-0.0942065, 0.22473, -0.120535), Scale(1.00892, 1.00275, 1.00923)
INFO: Bone [DEF-shin.R.001] FINAL TRANSFORM:
INFO: mat4x4((1.001414, -0.112216, -0.017962, 0.000000), (-0.087709, -0.766624, -0.642277, 0.000000), (0.053601, 0.638999, -0.779251, 0.000000), (-0.074996, 0.236405, -0.109886, 1.000000))
INFO: Bone: DEF-shin.R.001 Scale: vec3(1.007841, 1.003908, 1.009145) Translation: vec3(-0.074996, 0.236405, -0.109886) Skew: vec3(0.005883, -0.003965, 0.009618)
INFO: Decomposed transform for DEF-shin.R.001: Translation(-0.0749959, 0.236405, -0.109886), Scale(1.00784, 1.00391, 1.00915)
INFO: Bone [DEF-foot.R] FINAL TRANSFORM:
INFO: mat4x4((1.006074, 0.023612, -0.008541, 0.000000), (0.034822, -1.020157, -0.029429, 0.000000), (-0.005799, 0.032625, -1.026280, 0.000000), (-0.063390, 0.170132, -0.049508, 1.000000))
INFO: Bone: DEF-foot.R Scale: vec3(1.006387, 1.021114, 1.026803) Translation: vec3(-0.063390, 0.170132, -0.049508) Skew: vec3(-0.003170, 0.003582, 0.010895)
INFO: Decomposed transform for DEF-foot.R: Translation(-0.0633903, 0.170132, -0.0495083), Scale(1.00639, 1.02111, 1.0268)
INFO: Bone [DEF-toe.R] FINAL TRANSFORM:
INFO: mat4x4((1.006075, 0.023585, -0.008559, 0.000000), (0.034793, -1.020151, -0.029616, 0.000000), (-0.005823, 0.032811, -1.026275, 0.000000), (-0.063392, 0.170133, -0.049518, 1.000000))
INFO: Bone: DEF-toe.R Scale: vec3(1.006388, 1.021113, 1.026804) Translation: vec3(-0.063392, 0.170133, -0.049518) Skew: vec3(-0.003168, 0.003580, 0.010897)
INFO: Decomposed transform for DEF-toe.R: Translation(-0.0633919, 0.170133, -0.0495178), Scale(1.00639, 1.02111, 1.0268)
INFO: DEBUG: Max Vertex Attributes: 32
INFO: Drawing mesh with VAO: 1
INFO: Drawing mesh with VAO: 2
INFO: DEBUG: Depth testing and blending enabled.
INFO: Applied animation frame at t=0.203390
INFO: DEBUG: After Storing Bone DEF-breast.L
INFO: DEBUG: After Storing Bone DEF-breast.R
INFO: DEBUG: After Storing Bone DEF-foot.L
INFO: DEBUG: After Storing Bone DEF-foot.R
INFO: DEBUG: After Storing Bone DEF-forearm.L
INFO: DEBUG: After Storing Bone DEF-forearm.L.001
INFO: DEBUG: After Storing Bone DEF-forearm.R
INFO: DEBUG: After Storing Bone DEF-forearm.R.001
INFO: DEBUG: After Storing Bone DEF-hand.L
INFO: DEBUG: After Storing Bone DEF-hand.R
INFO: DEBUG: After Storing Bone DEF-pelvis.L
INFO: DEBUG: After Storing Bone DEF-pelvis.R
INFO: DEBUG: After Storing Bone DEF-shin.L
INFO: DEBUG: After Storing Bone DEF-shin.L.001
INFO: DEBUG: After Storing Bone DEF-shin.R
INFO: DEBUG: After Storing Bone DEF-shin.R.001
INFO: DEBUG: After Storing Bone DEF-shoulder.L
INFO: DEBUG: After Storing Bone DEF-shoulder.R
INFO: DEBUG: After Storing Bone DEF-spine
INFO: DEBUG: After Storing Bone DEF-spine.001
INFO: DEBUG: After Storing Bone DEF-spine.002
INFO: DEBUG: After Storing Bone DEF-spine.003
INFO: DEBUG: After Storing Bone DEF-spine.004
INFO: DEBUG: After Storing Bone DEF-spine.005
INFO: DEBUG: After Storing Bone DEF-spine.006
INFO: DEBUG: After Storing Bone DEF-thigh.L
INFO: DEBUG: After Storing Bone DEF-thigh.L.001
INFO: DEBUG: After Storing Bone DEF-thigh.R
INFO: DEBUG: After Storing Bone DEF-thigh.R.001
INFO: DEBUG: After Storing Bone DEF-toe.L
INFO: DEBUG: After Storing Bone DEF-toe.R
INFO: DEBUG: After Storing Bone DEF-upper_arm.L
INFO: DEBUG: After Storing Bone DEF-upper_arm.L.001
INFO: DEBUG: After Storing Bone DEF-upper_arm.R
INFO: DEBUG: After Storing Bone DEF-upper_arm.R.001
INFO: DEBUG: After Storing Bone root
INFO: DEBUG: Animation time = 0.019066
INFO: DEBUG: Max Vertex Attributes: 32
INFO: Bone [DEF-spine] FINAL TRANSFORM:
INFO: mat4x4((0.991563, -0.129600, -0.002596, 0.000000), (-0.129600, -0.990764, -0.039876, 0.000000), (0.002596, 0.039877, -0.999201, 0.000000), (-0.021953, 0.039125, -0.175994, 1.000000))
INFO: Bone: DEF-spine Scale: vec3(1.000000, 1.000000, 1.000000) Translation: vec3(-0.021953, 0.039125, -0.175994) Skew: vec3(-0.000000, -0.000000, 0.000000)
INFO: Decomposed transform for DEF-spine: Translation(-0.0219534, 0.0391252, -0.175994), Scale(1, 1, 1)
INFO: Bone [DEF-spine.001] FINAL TRANSFORM:
INFO: mat4x4((0.991563, -0.129600, -0.002596, 0.000000), (-0.129600, -0.990765, -0.039876, 0.000000), (0.002596, 0.039876, -0.999202, 0.000000), (-0.021953, 0.039125, -0.175994, 1.000000))
INFO: Bone: DEF-spine.001 Scale: vec3(1.000000, 1.000000, 1.000000) Translation: vec3(-0.021953, 0.039125, -0.175994) Skew: vec3(-0.000000, -0.000000, 0.000000)
INFO: Decomposed transform for DEF-spine.001: Translation(-0.0219534, 0.0391248, -0.175994), Scale(1, 1, 1)
INFO: Bone [DEF-spine.002] FINAL TRANSFORM:
INFO: mat4x4((0.991563, -0.129600, -0.002596, 0.000000), (-0.129600, -0.990765, -0.039876, 0.000000), (0.002596, 0.039876, -0.999201, 0.000000), (-0.021953, 0.039125, -0.175994, 1.000000))
INFO: Bone: DEF-spine.002 Scale: vec3(1.000000, 1.000000, 1.000000) Translation: vec3(-0.021953, 0.039125, -0.175994) Skew: vec3(-0.000000, -0.000000, 0.000000)
INFO: Decomposed transform for DEF-spine.002: Translation(-0.0219534, 0.0391249, -0.175994), Scale(1, 1, 1)
INFO: Bone [DEF-spine.003] FINAL TRANSFORM:
INFO: mat4x4((0.991563, -0.129600, -0.002596, 0.000000), (-0.129600, -0.990765, -0.039877, 0.000000), (0.002596, 0.039877, -0.999201, 0.000000), (-0.021953, 0.039125, -0.175994, 1.000000))
INFO: Bone: DEF-spine.003 Scale: vec3(1.000000, 1.000000, 1.000000) Translation: vec3(-0.021953, 0.039125, -0.175994) Skew: vec3(-0.000000, -0.000000, 0.000000)
INFO: Decomposed transform for DEF-spine.003: Translation(-0.0219533, 0.0391254, -0.175994), Scale(1, 1, 1)
INFO: Bone [DEF-spine.004] FINAL TRANSFORM:
INFO: mat4x4((0.991563, -0.129600, -0.002596, 0.000000), (-0.129600, -0.990764, -0.039878, 0.000000), (0.002596, 0.039878, -0.999201, 0.000000), (-0.021953, 0.039127, -0.175994, 1.000000))
INFO: Bone: DEF-spine.004 Scale: vec3(1.000000, 1.000000, 1.000000) Translation: vec3(-0.021953, 0.039127, -0.175994) Skew: vec3(-0.000000, -0.000000, 0.000000)
INFO: Decomposed transform for DEF-spine.004: Translation(-0.0219532, 0.0391267, -0.175994), Scale(1, 1, 1)
INFO: Bone [DEF-spine.005] FINAL TRANSFORM:
INFO: mat4x4((0.998803, -0.045929, 0.016846, 0.000000), (-0.045239, -0.998205, -0.039260, 0.000000), (0.018618, 0.038451, -0.999087, 0.000000), (0.010944, 0.036204, -0.175758, 1.000000))
INFO: Bone: DEF-spine.005 Scale: vec3(1.000000, 1.000000, 1.000000) Translation: vec3(0.010944, 0.036204, -0.175758) Skew: vec3(-0.000000, -0.000000, -0.000000)
INFO: Decomposed transform for DEF-spine.005: Translation(0.010944, 0.0362044, -0.175758), Scale(1, 1, 1)
INFO: Bone [DEF-spine.006] FINAL TRANSFORM:
INFO: mat4x4((0.998246, 0.045208, -0.038212, 0.000000), (0.030819, -0.948082, -0.316530, 0.000000), (-0.050538, 0.314798, -0.947813, 0.000000), (-0.088693, 0.468419, -0.123137, 1.000000))
INFO: Bone: DEF-spine.006 Scale: vec3(1.000000, 1.000000, 1.000000) Translation: vec3(-0.088693, 0.468419, -0.123137) Skew: vec3(-0.000000, 0.000000, -0.000000)
INFO: Decomposed transform for DEF-spine.006: Translation(-0.0886928, 0.468419, -0.123137), Scale(1, 1, 1)
INFO: Bone [DEF-shoulder.L] FINAL TRANSFORM:
INFO: mat4x4((0.991563, -0.129600, -0.002596, 0.000000), (-0.129600, -0.990765, -0.039878, 0.000000), (0.002596, 0.039878, -0.999202, 0.000000), (-0.021953, 0.039127, -0.175994, 1.000000))
INFO: Bone: DEF-shoulder.L Scale: vec3(1.000000, 1.000000, 1.000000) Translation: vec3(-0.021953, 0.039127, -0.175994) Skew: vec3(-0.000000, 0.000000, -0.000000)
INFO: Decomposed transform for DEF-shoulder.L: Translation(-0.0219528, 0.039127, -0.175994), Scale(1, 1, 1)
INFO: Bone [DEF-upper_arm.L] FINAL TRANSFORM:
INFO: mat4x4((0.962972, 0.147446, -0.220477, 0.000000), (0.051115, -0.918845, -0.381429, 0.000000), (-0.256317, 0.358058, -0.894016, 0.000000), (-0.348578, 0.436719, -0.038183, 1.000000))
INFO: Bone: DEF-upper_arm.L Scale: vec3(0.998832, 0.996179, 0.996573) Translation: vec3(-0.348578, 0.436719, -0.038183) Skew: vec3(-0.001099, 0.003092, -0.002172)
INFO: Decomposed transform for DEF-upper_arm.L: Translation(-0.348578, 0.436719, -0.0381826), Scale(0.998832, 0.996179, 0.996573)
INFO: Bone [DEF-upper_arm.L.001] FINAL TRANSFORM:
INFO: mat4x4((0.953052, 0.246092, -0.170782, 0.000000), (0.173930, -0.918740, -0.343128, 0.000000), (-0.238889, 0.299295, -0.920033, 0.000000), (-0.305431, 0.337252, -0.077971, 1.000000))
INFO: Bone: DEF-upper_arm.L.001 Scale: vec3(0.999017, 0.996026, 0.996542) Translation: vec3(-0.305431, 0.337252, -0.077971) Skew: vec3(-0.000837, 0.003119, -0.001739)
INFO: Decomposed transform for DEF-upper_arm.L.001: Translation(-0.305431, 0.337252, -0.0779711), Scale(0.999017, 0.996026, 0.996542)
INFO: Bone [DEF-forearm.L] FINAL TRANSFORM:
INFO: mat4x4((0.870131, 0.106732, -0.479245, 0.000000), (0.233961, -0.943135, 0.222124, 0.000000), (-0.428704, -0.305797, -0.845315, 0.000000), (-0.489404, -0.323727, 0.197816, 1.000000))
INFO: Bone: DEF-forearm.L Scale: vec3(0.999097, 0.996778, 0.995920) Translation: vec3(-0.489404, -0.323727, 0.197816) Skew: vec3(0.000344, -0.000557, -0.003553)
INFO: Decomposed transform for DEF-forearm.L: Translation(-0.489404, -0.323727, 0.197816), Scale(0.999097, 0.996778, 0.99592)
INFO: Bone [DEF-forearm.L.001] FINAL TRANSFORM:
INFO: mat4x4((0.902486, -0.029821, -0.426256, 0.000000), (0.075848, -0.965655, 0.237728, 0.000000), (-0.418829, -0.247036, -0.869116, 0.000000), (-0.513726, -0.215820, 0.155890, 1.000000))
INFO: Bone: DEF-forearm.L.001 Scale: vec3(0.998531, 0.997367, 0.995896) Translation: vec3(-0.513726, -0.215820, 0.155890) Skew: vec3(0.000172, -0.000156, -0.004102)
INFO: Decomposed transform for DEF-forearm.L.001: Translation(-0.513726, -0.21582, 0.15589), Scale(0.998531, 0.997367, 0.995896)
INFO: Bone [DEF-hand.L] FINAL TRANSFORM:
