{
  "frames": [
    {
      "bones": {
        "DEF-breast.L": [
          [
            -1.0000004768371582,
            6.810851438387999e-09,
            -3.893787265951687e-07,
            0.10179080814123154
          ],
          [
            -3.8941439584050386e-07,
            -0.028559569269418716,
            0.9995923042297363,
            -0.0041963220573961735
          ],
          [
            -4.312384227489474e-09,
            0.9995923042297363,
            0.02855939045548439,
            -0.0367589071393013
          ],
          [
            0.0,
            0.0,
            0.0,
            1.0
          ]
        ],
        "DEF-breast.R": [
          [
            -1.0000004768371582,
            6.810851438387999e-09,
            -3.893787265951687e-07,
            -0.10179080814123154
          ],
          [
            -3.8941439584050386e-07,
            -0.028559569269418716,
            0.9995923042297363,
            -0.0041963220573961735
          ],
          [
            -4.312384227489474e-09,
            0.9995923042297363,
            0.02855939045548439,
            -0.0367589071393013
          ],
          [
            0.0,
            0.0,
            0.0,
            1.0
          ]
        ],
        "DEF-foot.L": [
          [
            0.9519660472869873,
            0.07668302953243256,
            -0.16748754680156708,
            1.7144095920684777e-08
          ],
          [
            0.13134609162807465,
            0.2179829478263855,
            1.0296560525894165,
            0.19868387281894684
          ],
          [
            0.10781241953372955,
            -0.9426636099815369,
            0.22447454929351807,
            2.55803271898003e-08
          ],
          [
            0.0,
            0.0,
            0.0,
            1.0
          ]
        ],
        "DEF-foot.R": [
          [
            0.9646553993225098,
            -0.0010999138467013836,
            0.025247463956475258,
            -2.2600094240488033e-08
          ],
          [
            -0.022590141743421555,
            -0.16783659160137177,
            1.0545973777770996,
            0.19868406653404236
          ],
          [
            0.0028634285554289818,
            -0.9535458087921143,
            -0.18565209209918976,
            -5.878973974304813e-10
          ],
          [
            0.0,
            0.0,
            0.0,
            1.0
          ]
        ],
        "DEF-forearm.L": [
          [
            0.9905179738998413,
            -0.10580764710903168,
            -0.0835169330239296,
            -7.63684493421124e-09
          ],
          [
            -0.0002626104687806219,
            0.5809397101402283,
            -0.8245072960853577,
            0.12903891503810883
          ],
          [
            0.13571743667125702,
            0.7733490467071533,
            0.6079432964324951,
            -2.8684734587614003e-08
          ],
          [
            0.0,
            0.0,
            0.0,
            1.0
          ]
        ],
        "DEF-forearm.L.001": [
          [
            0.9857811331748962,
            -5.743455844253731e-08,
            0.16803449392318726,
            7.289151682243755e-08
          ],
          [
            6.216693293481512e-08,
            1.0,
            -2.290262557380629e-08,
            0.11355175822973251
          ],
          [
            -0.16803449392318726,
            3.3023162870904343e-08,
            0.9857811331748962,
            4.371007378267677e-08
          ],
          [
            0.0,
            0.0,
            0.0,
            1.0
          ]
        ],
        "DEF-forearm.R": [
          [
            0.9843133687973022,
            0.08187374472618103,
            0.15628091990947723,
            -7.823109271498652e-09
          ],
          [
            0.0004860162443947047,
            0.8845411539077759,
            -0.4664618670940399,
            0.1290389597415924
          ],
          [
            -0.17642787098884583,
            0.45922061800956726,
            0.8706259727478027,
            0.0
          ],
          [
            0.0,
            0.0,
            0.0,
            1.0
          ]
        ],
        "DEF-forearm.R.001": [
          [
            0.9719449877738953,
            5.876074737898307e-07,
            -0.23520836234092712,
            -2.9336661100387573e-08
          ],
          [
            -5.425431481853593e-07,
            1.0,
            2.563064640526136e-07,
            0.11355175822973251
          ],
          [
            0.23520836234092712,
            -1.2150508155173156e-07,
            0.9719449877738953,
            6.922831197186952e-09
          ],
          [
            0.0,
            0.0,
            0.0,
            1.0
          ]
        ],
        "DEF-hand.L": [
          [
            0.9581120610237122,
            -0.205037459731102,
            0.1270446926355362,
            -2.9305617488262214e-08
          ],
          [
            0.12613506615161896,
            0.9110946655273438,
            0.4292873442173004,
            0.11355164647102356
          ],
          [
            -0.19818051159381866,
            -0.41138195991516113,
            0.8874295353889465,
            -7.450581263057643e-10
          ],
          [
            0.0,
            0.0,
            0.0,
            1.0
          ]
        ],
        "DEF-hand.R": [
          [
            0.9625512957572937,
            -0.06521930545568466,
            -0.26313742995262146,
            -4.4548261968202496e-08
          ],
          [
            0.19326423108577728,
            0.8457592725753784,
            0.4973330497741699,
            0.11355172097682953
          ],
          [
            0.19011519849300385,
            -0.5295636653900146,
            0.8266913294792175,
            -1.4497588018969054e-08
          ],
          [
            0.0,
            0.0,
            0.0,
            1.0
          ]
        ],
        "DEF-pelvis.L": [
          [
            -0.42177242040634155,
            0.5363216996192932,
            -0.7310723662376404,
            1.7756636276362175e-14
          ],
          [
            -0.05253247171640396,
            0.7904898524284363,
            0.6102180480957031,
            3.725290298461914e-08
          ],
          [
            0.905178427696228,
            0.2957782745361328,
            -0.3052324950695038,
            -7.450580596923828e-08
          ],
          [
            0.0,
            0.0,
            0.0,
            1.0
          ]
        ],
        "DEF-pelvis.R": [
          [
            -0.42177265882492065,
            -0.5363221168518066,
            0.7310724258422852,
            1.7756636276362175e-14
          ],
          [
            0.05253257602453232,
            0.7904895544052124,
            0.6102185249328613,
            3.725290298461914e-08
          ],
          [
            -0.9051788449287415,
            0.29577845335006714,
            -0.30523255467414856,
            -7.450580596923828e-08
          ],
          [
            0.0,
            0.0,
            0.0,
            1.0
          ]
        ],
        "DEF-shin.L": [
          [
            0.993372917175293,
            -0.19140680134296417,
            0.09645884484052658,
            2.328305881427184e-10
          ],
          [
            0.19044886529445648,
            0.47473734617233276,
            -0.8875554203987122,
            0.2278733253479004
          ],
          [
            0.12884379923343658,
            0.7740002870559692,
            0.5682408213615417,
            -9.22009313342187e-09
          ],
          [
            0.0,
            0.0,
            0.0,
            1.0
          ]
        ],
        "DEF-shin.L.001": [
          [
            0.9990972876548767,
            5.283946080680835e-08,
            -0.04248037561774254,
            6.860743084757814e-09
          ],
          [
            -5.279176207295677e-08,
            1.0,
            2.2446400294029445e-09,
            0.19868385791778564
          ],
          [
            0.04248037561774254,
            -1.1102230246251565e-16,
            0.9990972876548767,
            8.273248752743712e-09
          ],
          [
            0.0,
            0.0,
            0.0,
            1.0
          ]
        ],
        "DEF-shin.R": [
          [
            0.9931808114051819,
            0.1924445778131485,
            -0.09574545919895172,
            2.6371709260786247e-09
          ],
          [
            -0.19030091166496277,
            0.47352874279022217,
            -0.8885250687599182,
            0.2278735190629959
          ],
          [
            -0.1304628700017929,
            0.7743146419525146,
            0.567169725894928,
            -6.255383322439911e-09
          ],
          [
            0.0,
            0.0,
            0.0,
            1.0
          ]
        ],
        "DEF-shin.R.001": [
          [
            0.993341326713562,
            -1.674430016862516e-08,
            -0.11520867049694061,
            -1.190540732665113e-08
          ],
          [
            1.7331592161440312e-08,
            1.0,
            4.0959386993222324e-09,
            0.19868408143520355
          ],
          [
            0.11520867049694061,
            -6.06541483705314e-09,
            0.993341326713562,
            1.098960655809833e-08
          ],
          [
            0.0,
            0.0,
            0.0,
            1.0
          ]
        ],
        "DEF-shoulder.L": [
          [
            0.45163148641586304,
            0.8921818733215332,
            -0.0063651204109191895,
            0.015732869505882263
          ],
          [
            0.3287651538848877,
            -0.15978360176086426,
            0.9307968616485596,
            -0.01713268831372261
          ],
          [
            0.8294230103492737,
            -0.42246976494789124,
            -0.3654816150665283,
            0.08060529828071594
          ],
          [
            0.0,
            0.0,
            0.0,
            1.0
          ]
        ],
        "DEF-shoulder.R": [
          [
            0.45163148641586304,
            -0.8921818733215332,
            0.0063651204109191895,
            -0.015732869505882263
          ],
          [
            -0.3287651538848877,
            -0.15978360176086426,
            0.9307968616485596,
            -0.01713268831372261
          ],
          [
            -0.8294230103492737,
            -0.42246976494789124,
            -0.3654816150665283,
            0.08060530573129654
          ],
          [
            0.0,
            0.0,
            0.0,
            1.0
          ]
        ],
        "DEF-spine": [
          [
            0.9915629625320435,
            -0.03486695513129234,
            -0.12484800815582275,
            0.025365963578224182
          ],
          [
            -0.12959933280944824,
            -0.28594765067100525,
            -0.9494410157203674,
            0.1672901213169098
          ],
          [
            -0.0025958602782338858,
            0.9576107263565063,
            -0.28805387020111084,
            0.7132633328437805
          ],
          [
            0.0,
            0.0,
            0.0,
            1.0
          ]
        ],
        "DEF-spine.001": [
          [
            1.0,
            3.3936526477873485e-08,
            2.0421782043200665e-09,
            7.889522368742519e-15
          ],
          [
            -3.391716418832402e-08,
            0.9916856288909912,
            0.128684401512146,
            0.13086608052253723
          ],
          [
            2.3419028938320707e-09,
            -0.128684401512146,
            0.9916856288909912,
            -2.9802322387695313e-08
          ],
          [
            0.0,
            0.0,
            0.0,
            1.0
          ]
        ],
        "DEF-spine.002": [
          [
            1.0,
            3.429881090255549e-08,
            2.4298167922154335e-09,
            2.0539125955565396e-15
          ],
          [
            -3.426249861604447e-08,
            0.9879985451698303,
            0.1544627547264099,
            0.11746904253959656
          ],
          [
            2.8972342303035248e-09,
            -0.1544627547264099,
            0.9879985451698303,
            5.551115123125783e-17
          ],
          [
            0.0,
            0.0,
            0.0,
            1.0
          ]
        ],
        "DEF-spine.003": [
          [
            1.0,
            -7.75862152302409e-10,
            -2.3841835172788706e-07,
            -7.771561172376096e-16
          ],
          [
            0.0,
            0.999994695186615,
            -0.003254187759011984,
            0.14863476157188416
          ],
          [
            2.38419602283102e-07,
            0.003254187759011984,
            0.999994695186615,
            3.725290298461914e-09
          ],
          [
            0.0,
            0.0,
            0.0,
            1.0
          ]
        ],
        "DEF-spine.004": [
          [
            1.0,
            0.0,
            0.0,
            2.0274580625478933e-17
          ],
          [
            0.0,
            0.9186036586761475,
            -0.3951800763607025,
            0.16556361317634583
          ],
          [
            0.0,
            0.3951800763607025,
            0.9186036586761475,
            -1.1175870895385742e-08
          ],
          [
            0.0,
            0.0,
            0.0,
            1.0
          ]
        ],
        "DEF-spine.005": [
          [
            0.9899486303329468,
            2.3283064365386963e-08,
            0.14142684638500214,
            -2.5223241897909254e-11
          ],
          [
            -0.02670990116894245,
            0.9820039868354797,
            0.18696175515651703,
            0.056881923228502274
          ],
          [
            -0.13888171315193176,
            -0.18886004388332367,
            0.9721336364746094,
            1.3993121328326197e-08
          ],
          [
            0.0,
            0.0,
            0.0,
            1.0
          ]
        ],
        "DEF-spine.006": [
          [
            0.9868537783622742,
            0.11079280823469162,
            0.11766305565834045,
            -7.760837111847607e-12
          ],
          [
            -0.09704449027776718,
            0.9884063005447388,
            -0.11677059531211853,
            0.05390553176403046
          ],
          [
            -0.12923625111579895,
            0.10381696373224258,
            0.9861642122268677,
            1.4268880299539433e-08
          ],
          [
            0.0,
            0.0,
            0.0,
            1.0
          ]
        ],
        "DEF-thigh.L": [
          [
            -0.48202744126319885,
            0.6633812189102173,
            -0.5601760149002075,
            -0.018545422703027725
          ],
          [
            0.7167559266090393,
            -0.07729393243789673,
            -0.7189081907272339,
            0.09991125017404556
          ],
          [
            -0.539578914642334,
            -0.6952991485595703,
            -0.45454245805740356,
            -0.031249867752194405
          ],
          [
            0.0,
            0.0,
            0.0,
            1.0
          ]
        ],
        "DEF-thigh.L.001": [
          [
            0.9988937973976135,
            7.340337049299706e-08,
            0.04702131450176239,
            -1.5456073754194222e-08
          ],
          [
            -7.649796174291623e-08,
            1.0,
            6.401326402283303e-08,
            0.22787357866764069
          ],
          [
            -0.04702131450176239,
            -6.753949577387175e-08,
            0.9988937973976135,
            1.1874362826347351e-08
          ],
          [
            0.0,
            0.0,
            0.0,
            1.0
          ]
        ],
        "DEF-thigh.R": [
          [
            -0.43538373708724976,
            -0.4190084934234619,
            0.8073412179946899,
            0.01854543760418892
          ],
          [
            -0.7601709961891174,
            -0.3133698105812073,
            -0.5914891362190247,
            0.09991142898797989
          ],
          [
            0.519534170627594,
            -0.8096561431884766,
            -0.18888023495674133,
            -0.03124985285103321
          ],
          [
            0.0,
            0.0,
            0.0,
            1.0
          ]
        ],
        "DEF-thigh.R.001": [
          [
            0.9989515542984009,
            -6.901055940033984e-07,
            -0.0457783080637455,
            -3.255748559638505e-09
          ],
          [
            6.893820341247192e-07,
            1.0,
            -3.159186334755759e-08,
            0.22787362337112427
          ],
          [
            0.0457783080637455,
            -3.552713678800501e-15,
            0.9989515542984009,
            1.0027239483179073e-08
          ],
          [
            0.0,
            0.0,
            0.0,
            1.0
          ]
        ],
        "DEF-toe.L": [
          [
            -1.000000238418579,
            0.00015408138278871775,
            0.00019178431830368936,
            -1.0500452951589523e-08
          ],
          [
            2.9049842851236463e-05,
            0.8480731844902039,
            -0.5298792123794556,
            0.11111487448215485
          ],
          [
            -0.00024429167388007045,
            -0.529879093170166,
            -0.848073422908783,
            1.1406882105546856e-09
          ],
          [
            0.0,
            0.0,
            0.0,
            1.0
          ]
        ],
        "DEF-toe.R": [
          [
            -1.0,
            -0.000161809497512877,
            -0.0001869576080935076,
            -1.5627430460796177e-09
          ],
          [
            -3.817163815256208e-05,
            0.8480954766273499,
            -0.5298434495925903,
            0.11111495643854141
          ],
          [
            0.00024429161567240953,
            -0.5298434495925903,
            -0.8480955362319946,
            3.2990403742161334e-09
          ],
          [
            0.0,
            0.0,
            0.0,
            1.0
          ]
        ],
        "DEF-upper_arm.L": [
          [
            -0.8083946704864502,
            -0.3192684054374695,
            0.5133498907089233,
            0.004115164279937744
          ],
          [
            -0.6081815361976624,
            0.332305371761322,
            -0.7334348559379578,
            0.18903788924217224
          ],
          [
            0.06533180177211761,
            -0.8570539951324463,
            -0.47560688853263855,
            -0.016364211216568947
          ],
          [
            0.0,
            0.0,
            0.0,
            1.0
          ]
        ],
        "DEF-upper_arm.L.001": [
          [
            0.9924466609954834,
            4.5315795205169707e-07,
            -0.12267625331878662,
            2.989545322407139e-08
          ],
          [
            -4.829050794796785e-07,
            1.0,
            -2.1275243966556445e-07,
            0.12903884053230286
          ],
          [
            0.12267625331878662,
            2.70386465217598e-07,
            0.9924466609954834,
            -6.95387525340152e-09
          ],
          [
            0.0,
            0.0,
            0.0,
            1.0
          ]
        ],
        "DEF-upper_arm.R": [
          [
            -0.864561140537262,
            -0.3048257827758789,
            -0.40973588824272156,
            -0.004115166142582893
          ],
          [
            0.4153776466846466,
            0.049492672085762024,
            -0.9145712852478027,
            0.18903788924217224
          ],
          [
            0.3025078773498535,
            -0.9391447305679321,
            0.08479367941617966,
            -0.01636422425508499
          ],
          [
            0.0,
            0.0,
            0.0,
            1.0
          ]
        ],
        "DEF-upper_arm.R.001": [
          [
            0.985146701335907,
            7.489263254001344e-08,
            0.1717149019241333,
            -1.4839073081418519e-08
          ],
          [
            -8.960500252896964e-08,
            1.0,
            7.792824163743717e-08,
            0.12903882563114166
          ],
          [
            -0.1717149019241333,
            -9.21572578249652e-08,
            0.985146701335907,
            6.208817487918239e-11
          ],
          [
            0.0,
            0.0,
            0.0,
            1.0
          ]
        ],
        "root": [
          [
            1.0,
            0.0,
            0.0,
            0.0
          ],
          [
            0.0,
            -1.1920928244535389e-07,
            0.9999998807907104,
            0.0
          ],
          [
            0.0,
            -0.9999998807907104,
            -1.1920928244535389e-07,
            0.0
          ],
          [
            0.0,
            0.0,
            0.0,
            1.0
          ]
        ]
      },
      "frame": 0,
      "time": 0.0
    },
    {
      "bones": {
        "DEF-breast.L": [
          [
            -1.0,
            2.7230882437834225e-08,
            -3.8879525732227194e-07,
            0.10179080814123154
          ],
          [
            -3.8941436741879443e-07,
            -0.028559446334838867,
            0.999592125415802,
            -0.004196207970380783
          ],
          [
            1.6116018741740845e-08,
            0.999592125415802,
            0.028559386730194092,
            -0.0367588996887207
          ],
          [
            0.0,
            0.0,
            0.0,
            1.0
          ]
        ],
        "DEF-breast.R": [
          [
            -1.0,
            2.7230882437834225e-08,
            -3.8879525732227194e-07,
            -0.10179080814123154
          ],
          [
            -3.8941436741879443e-07,
            -0.028559446334838867,
            0.999592125415802,
            -0.004196211230009794
          ],
          [
            1.6116018741740845e-08,
            0.999592125415802,
            0.028559386730194092,
            -0.036758892238140106
          ],
          [
            0.0,
            0.0,
            0.0,
            1.0
          ]
        ],
        "DEF-foot.L": [
          [
            0.9520849585533142,
            0.07636936753988266,
            -0.1677725613117218,
            1.705872598734004e-08
          ],
          [
            0.13167652487754822,
            0.21831125020980835,
            1.0293477773666382,
            0.19868387281894684
          ],
          [
            0.10762473195791245,
            -0.942688524723053,
            0.22478847205638885,
            2.5083620514010363e-08
          ],
          [
            0.0,
            0.0,
            0.0,
            1.0
          ]
        ],
        "DEF-foot.R": [
          [
            0.9646629095077515,
            -0.0012742819963023067,
            0.024874793365597725,
            -2.1917124115589104e-08
          ],
          [
            -0.022287938743829727,
            -0.16844391822814941,
            1.0544863939285278,
            0.19868406653404236
          ],
          [
            0.002648326102644205,
            -0.9534382820129395,
            -0.18632930517196655,
            -2.4447216473433286e-10
          ],
          [
            0.0,
            0.0,
            0.0,
            1.0
          ]
        ],
        "DEF-forearm.L": [
          [
            0.9914368987083435,
            -0.10580796748399734,
            -0.0835166722536087,
            -1.862645149230957e-08
          ],
          [
            -0.00026260808226652443,
            0.5809386968612671,
            -0.8245078325271606,
            0.12903888523578644
          ],
          [
            0.13584348559379578,
            0.7733494639396667,
            0.6079421639442444,
            3.725290298461914e-08
          ],
          [
            0.0,
            0.0,
            0.0,
            1.0
          ]
        ],
        "DEF-forearm.L.001": [
          [
            0.9857810735702515,
            -1.8485172859072918e-07,
            0.16803470253944397,
            -2.2351741790771484e-08
          ],
          [
            2.584579874564952e-07,
            1.0,
            -4.161715594364068e-07,
            0.11355164647102356
          ],
          [
            -0.16803470253944397,
            4.5368395262812555e-07,
            0.9857810735702515,
            -1.4901161193847656e-08
          ],
          [
            0.0,
            0.0,
            0.0,
            1.0
          ]
        ],
        "DEF-forearm.R": [
          [
            0.9843322038650513,
            0.08191066980361938,
            0.156143456697464,
            -8.195638834251895e-09
          ],
          [
            0.00048637762665748596,
            0.8842840194702148,
            -0.4669491648674011,
            0.1290389597415924
          ],
          [
            -0.1763232946395874,
            0.4597090482711792,
            0.8703894019126892,
            0.0
          ],
          [
            0.0,
            0.0,
            0.0,
            1.0
          ]
        ],
        "DEF-forearm.R.001": [
          [
            0.9719449877738953,
            1.155581799139327e-06,
            -0.23520830273628235,
            -1.862645149230957e-09
          ],
          [
            -1.1913515436390298e-06,
            1.0,
            -9.975266834771901e-09,
            0.11355170607566833
          ],
          [
            0.23520830273628235,
            2.899111564147461e-07,
            0.9719449877738953,
            -2.421438694000244e-08
          ],
          [
            0.0,
            0.0,
            0.0,
            1.0
          ]
        ],
        "DEF-hand.L": [
          [
            0.9581730365753174,
            -0.204673171043396,
            0.1271234005689621,
            -2.8808910812472277e-08
          ],
          [
            0.1258847862482071,
            0.9113781452178955,
            0.4287513196468353,
            0.11355163902044296
          ],
          [
            -0.19804486632347107,
            -0.41093572974205017,
            0.8875739574432373,
            -1.4901162526115286e-09
          ],
          [
            0.0,
            0.0,
            0.0,
            1.0
          ]
        ],
        "DEF-hand.R": [
          [
            0.9625473022460938,
            -0.06528082489967346,
            -0.26313692331314087,
            -4.43930439075757e-08
          ],
          [
            0.19339105486869812,
            0.8455434441566467,
            0.4976506233215332,
            0.11355172097682953
          ],
          [
            0.19000667333602905,
            -0.5299006104469299,
            0.8265002369880676,
            -1.4094014844090452e-08
          ],
          [
            0.0,
            0.0,
            0.0,
            1.0
          ]
        ],
        "DEF-pelvis.L": [
          [
            -0.42177248001098633,
            0.536321759223938,
            -0.7310723662376404,
            1.1641532182693481e-09
          ],
          [
            -0.0525326132774353,
            0.7904897332191467,
            0.6102181673049927,
            6.525078788399696e-08
          ],
          [
            0.9051784873008728,
            0.29577842354774475,
            -0.3052324056625366,
            -1.909211277961731e-08
          ],
          [
            0.0,
            0.0,
            0.0,
            1.0
          ]
        ],
        "DEF-pelvis.R": [
          [
            -0.42177242040634155,
            -0.5363219976425171,
            0.731072187423706,
            1.1641532182693481e-09
          ],
          [
            0.052532441914081573,
            0.790489673614502,
            0.610218346118927,
            6.525078788399696e-08
          ],
          [
            -0.9051784873008728,
            0.2957783639431,
            -0.3052324950695038,
            -1.909211277961731e-08
          ],
          [
            0.0,
            0.0,
            0.0,
            1.0
          ]
        ],
        "DEF-shin.L": [
          [
            0.993372917175293,
            -0.19140702486038208,
            0.09645871818065643,
            -4.0978193283081055e-08
          ],
          [
            0.1904488205909729,
            0.4747377038002014,
            -0.8875552415847778,
            0.2278733104467392
          ],
          [
            0.12884396314620972,
            0.7740007042884827,
            0.5682408213615417,
            -3.725290298461914e-09
          ],
          [
            0.0,
            0.0,
            0.0,
            1.0
          ]
        ],
        "DEF-shin.L.001": [
          [
            0.9990950226783752,
            3.9192887157923906e-08,
            -0.04253186285495758,
            6.270905128502591e-09
          ],
          [
            -3.9053887235240836e-08,
            1.0,
            4.09899669762126e-09,
            0.19868385791778564
          ],
          [
            0.04253186285495758,
            -2.4342532434218356e-09,
            0.9990950226783752,
            8.164594333948116e-09
          ],
          [
            0.0,
            0.0,
            0.0,
            1.0
          ]
        ],
        "DEF-shin.R": [
          [
            0.9931808710098267,
            0.19244469702243805,
            -0.09574543684720993,
            -6.613845471292734e-09
          ],
          [
            -0.19030100107192993,
            0.4735288918018341,
            -0.8885248899459839,
            0.22787360846996307
          ],
          [
            -0.13046295940876007,
            0.7743145227432251,
            0.5671698451042175,
            9.313225746154785e-09
          ],
          [
            0.0,
            0.0,
            0.0,
            1.0
          ]
        ],
        "DEF-shin.R.001": [
          [
            0.993341326713562,
            4.684029306645243e-07,
            -0.1152087077498436,
            0.0
          ],
          [
            -4.610571693319798e-07,
            1.0,
            9.04081929320455e-08,
            0.19868403673171997
          ],
          [
            0.1152087077498436,
            -3.6688390991912456e-08,
            0.993341326713562,
            0.0
          ],
          [
            0.0,
            0.0,
            0.0,
            1.0
          ]
        ],
        "DEF-shoulder.L": [
          [
            0.4516313672065735,
            0.8921819925308228,
            -0.006365151144564152,
            0.015732869505882263
          ],
          [
            0.3287651240825653,
            -0.1597834974527359,
            0.9307969212532043,
            -0.017132626846432686
          ],
          [
            0.8294230699539185,
            -0.42246973514556885,
            -0.36548152565956116,
            0.08060526847839355
          ],
          [
            0.0,
            0.0,
            0.0,
            1.0
          ]
        ],
        "DEF-shoulder.R": [
          [
            0.45163142681121826,
            -0.8921818733215332,
            0.006365090608596802,
            -0.015732871368527412
          ],
          [
            -0.3287651240825653,
            -0.1597837209701538,
            0.9307968616485596,
            -0.017132548615336418
          ],
          [
            -0.8294230699539185,
            -0.42246973514556885,
            -0.3654816150665283,
            0.08060525357723236
          ],
          [
            0.0,
            0.0,
            0.0,
            1.0
          ]
        ],
        "DEF-spine": [
          [
            0.9915629625320435,
            -0.03486695513129234,
            -0.12484800815582275,
            0.025108516216278076
          ],
          [
            -0.12959933280944824,
            -0.28594765067100525,
            -0.9494410157203674,
            0.1672901213169098
          ],
          [
            -0.0025958602782338858,
            0.9576107263565063,
            -0.28805387020111084,
            0.7132633328437805
          ],
          [
            0.0,
            0.0,
            0.0,
            1.0
          ]
        ],
        "DEF-spine.001": [
          [
            1.0,
            8.253696393012433e-09,
            6.144544872910274e-09,
            1.1641532182693481e-09
          ],
          [
            -8.975778342801277e-09,
            0.9916856288909912,
            0.12868428230285645,
            0.13086609542369843
          ],
          [
            -5.031335792438085e-09,
            -0.12868428230285645,
            0.9916856288909912,
            2.3050233721733093e-08
          ],
          [
            0.0,
            0.0,
            0.0,
            1.0
          ]
        ],
        "DEF-spine.002": [
          [
            1.0,
            5.797971525112189e-08,
            -1.5880016190905621e-09,
            -3.026798367500305e-09
          ],
          [
            -5.703859784489396e-08,
            0.9879985451698303,
            0.15446266531944275,
            0.1174691766500473
          ],
          [
            1.0524646931742154e-08,
            -0.15446266531944275,
            0.9879985451698303,
            2.561137080192566e-09
          ],
          [
            0.0,
            0.0,
            0.0,
            1.0
          ]
        ],
        "DEF-spine.003": [
          [
            1.0,
            -1.274043448518114e-08,
            -2.460421626437892e-07,
            1.280568540096283e-09
          ],
          [
            1.1939599531274325e-08,
            0.999994695186615,
            -0.0032545961439609528,
            0.14863502979278564
          ],
          [
            2.460823509409238e-07,
            0.0032545961439609528,
            0.999994695186615,
            -3.4924596548080444e-09
          ],
          [
            0.0,
            0.0,
            0.0,
            1.0
          ]
        ],
        "DEF-spine.004": [
          [
            1.0,
            1.936326299301072e-08,
            2.2129333032694376e-08,
            1.1641532182693481e-10
          ],
          [
            -9.042071980047695e-09,
            0.9186033606529236,
            -0.3951808214187622,
            0.16556356847286224
          ],
          [
            -2.7980069816635478e-08,
            0.3951808214187622,
            0.9186033606529236,
            3.4924596548080444e-09
          ],
          [
            0.0,
            0.0,
            0.0,
            1.0
          ]
        ],
        "DEF-spine.005": [
          [
            0.9900201559066772,
            7.7858567237854e-06,
            0.140925794839859,
            -5.0446563593098404e-11
          ],
          [
            -0.026615411043167114,
            0.9820141196250916,
            0.1869221329689026,
            0.056881923228502274
          ],
          [
            -0.1383896768093109,
            -0.18880748748779297,
            0.9722139835357666,
            1.3085082350983157e-08
          ],
          [
            0.0,
            0.0,
            0.0,
            1.0
          ]
        ],
        "DEF-spine.006": [
          [
            0.9869362115859985,
            0.11052297800779343,
            0.11722439527511597,
            -1.552186157383062e-11
          ],
          [
            -0.0968456044793129,
            0.9884485006332397,
            -0.11657845973968506,
            0.05390552803874016
          ],
          [
            -0.1287548840045929,
            0.1037028506398201,
            0.9862391948699951,
            1.3636599405231209e-08
          ],
          [
            0.0,
            0.0,
            0.0,
            1.0
          ]
        ],
        "DEF-thigh.L": [
          [
            -0.4820275604724884,
            0.6633819341659546,
            -0.5601760149002075,
            -0.01854541152715683
          ],
          [
            0.716755747795105,
            -0.0772937685251236,
            -0.7189085483551025,
            0.0999113991856575
          ],
          [
            -0.5395786762237549,
            -0.6952997446060181,
            -0.4545428454875946,
            -0.0312496405094862
          ],
          [
            0.0,
            0.0,
            0.0,
            1.0
          ]
        ],
        "DEF-thigh.L.001": [
          [
            0.9988921284675598,
            2.359732320655894e-07,
            0.04705898463726044,
            -1.507966373992531e-08
          ],
          [
            -2.3904775048322335e-07,
            1.0,
            5.97053499973299e-08,
            0.22787357866764069
          ],
          [
            -0.04705898463726044,
            -7.088853948289398e-08,
            0.9988921284675598,
            1.1641532182693481e-08
          ],
          [
            0.0,
            0.0,
            0.0,
            1.0
          ]
        ],
        "DEF-thigh.R": [
          [
            -0.4353838562965393,
            -0.41900870203971863,
            0.807341456413269,
            0.0185454823076725
          ],
          [
            -0.7601712942123413,
            -0.313369482755661,
            -0.5914894342422485,
            0.09991152584552765
          ],
          [
            0.5195339322090149,
            -0.8096563816070557,
            -0.1888807862997055,
            -0.031249646097421646
          ],
          [
            0.0,
            0.0,
            0.0,
            1.0
          ]
        ],
        "DEF-thigh.R.001": [
          [
            0.9989532232284546,
            -1.3383013310885872e-06,
            -0.04574381560087204,
            -2.786206598770491e-09
          ],
          [
            1.3369004818741814e-06,
            1.0,
            -6.121901208189229e-08,
            0.22787362337112427
          ],
          [
            0.04574381560087204,
            -3.552713678800501e-15,
            0.9989532232284546,
            9.809930645587883e-09
          ],
          [
            0.0,
            0.0,
            0.0,
            1.0
          ]
        ],
        "DEF-toe.L": [
          [
            -1.0,
            0.00015499096480198205,
            0.0001912160514621064,
            1.4917986845830455e-08
          ],
          [
            3.0122871976345778e-05,
            0.8480743765830994,
            -0.5298771262168884,
            0.11111490428447723
          ],
          [
            -0.00024429161567240953,
            -0.5298770666122437,
            -0.8480744361877441,
            -1.0546500561758876e-08
          ],
          [
            0.0,
            0.0,
            0.0,
            1.0
          ]
        ],
        "DEF-toe.R": [
          [
            -1.0,
            -0.0001620369148440659,
            -0.00018681558140087873,
            -6.580194167327136e-09
          ],
          [
            -3.8439866330008954e-05,
            0.8480956554412842,
            -0.5298431515693665,
            0.1111149936914444
          ],
          [
            0.00024429164477624,
            -0.5298431515693665,
            -0.8480957746505737,
            -1.4588295016437769e-09
          ],
          [
            0.0,
            0.0,
            0.0,
            1.0
          ]
        ],
        "DEF-upper_arm.L": [
          [
