{
  "0": {
    "DEF-breast.L": [
      [
        -1.0000004768371582,
        6.810851438387999e-09,
        -3.893787265951687e-07,
        0.10179080069065094
      ],
      [
        -3.8941439584050386e-07,
        -0.028559569269418716,
        0.9995923042297363,
        -0.0041963220573961735
      ],
      [
        -4.312384227489474e-09,
        0.9995923042297363,
        0.02855939045548439,
        -0.0367588996887207
      ],
      [
        0.0,
        0.0,
        0.0,
        1.0
      ]
    ],
    "DEF-breast.R": [
      [
        -1.0000004768371582,
        6.810851438387999e-09,
        -3.893787265951687e-07,
        -0.10179080069065094
      ],
      [
        -3.8941439584050386e-07,
        -0.028559569269418716,
        0.9995923042297363,
        -0.0041963220573961735
      ],
      [
        -4.312384227489474e-09,
        0.9995923042297363,
        0.02855939045548439,
        -0.0367588996887207
      ],
      [
        0.0,
        0.0,
        0.0,
        1.0
      ]
    ],
    "DEF-foot.L": [
      [
        0.9584713578224182,
        -0.04138047620654106,
        -0.09762725979089737,
        -1.3521639807834163e-08
      ],
      [
        0.09565810859203339,
        0.261954128742218,
        1.025923490524292,
        0.19868390262126923
      ],
      [
        -0.015633046627044678,
        -0.9341725707054138,
        0.2920067608356476,
        -3.5623088923131263e-09
      ],
      [
        0.0,
        0.0,
        0.0,
        1.0
      ]
    ],
    "DEF-foot.R": [
      [
        0.9551218152046204,
        0.08705036342144012,
        0.2149096131324768,
        3.570069795344466e-09
      ],
      [
        -0.1558460146188736,
        -0.30591732263565063,
        1.0102945566177368,
        0.19868406653404236
      ],
      [
        0.14677399396896362,
        -0.89130038022995,
        -0.3257697820663452,
        -3.6476801579254925e-09
      ],
      [
        0.0,
        0.0,
        0.0,
        1.0
      ]
    ],
    "DEF-forearm.L": [
      [
        0.9415664076805115,
        -0.1958068609237671,
        -0.27480700612068176,
        5.0632902315328465e-08
      ],
      [
        -0.0012904733885079622,
        0.7992799878120422,
        -0.596147358417511,
        0.12903890013694763
      ],
      [
        0.33638614416122437,
        0.5511422753334045,
        0.7669154405593872,
        -2.78775882378568e-08
      ],
      [
        0.0,
        0.0,
        0.0,
        1.0
      ]
    ],
    "DEF-forearm.L.001": [
      [
        0.9505861401557922,
        1.7622689938434632e-06,
        0.3104609549045563,
        2.2118911147117615e-08
      ],
      [
        -2.4361318082810612e-06,
        1.0,
        1.7827823057814385e-06,
        0.11355170607566833
      ],
      [
        -0.3104609549045563,
        -2.451012051096768e-06,
        0.9505861401557922,
        -2.2351741790771484e-08
      ],
      [
        0.0,
        0.0,
        0.0,
        1.0
      ]
    ],
    "DEF-forearm.R": [
      [
        0.858902096748352,
        0.46957072615623474,
        -0.08794106543064117,
        -5.078812392866894e-08
      ],
      [
        0.002175417961552739,
        -0.15224899351596832,
        -1.0598047971725464,
        0.12903901934623718
      ],
      [
        -0.5111428499221802,
        0.7883983254432678,
        -0.15228307247161865,
        4.358589578146166e-08
      ],
      [
        0.0,
        0.0,
        0.0,
        1.0
      ]
    ],
    "DEF-forearm.R.001": [
      [
        0.9870831966400146,
        4.319228708027367e-07,
        -0.16020861268043518,
        -4.471900538760565e-08
      ],
      [
        -4.4923459086021467e-07,
        1.0,
        -7.183793115927983e-08,
        0.1135517805814743
      ],
      [
        0.16020861268043518,
        1.4288127658801386e-07,
        0.9870831966400146,
        -1.4745940468685603e-08
      ],
      [
        0.0,
        0.0,
        0.0,
        1.0
      ]
    ],
    "DEF-hand.L": [
      [
        0.834267258644104,
        -0.3335650563240051,
        0.43901315331459045,
        -1.9247334837046992e-09
      ],
      [
        0.5367000102996826,
        0.6736907958984375,
        -0.5080294609069824,
        0.11355157941579819
      ],
      [
        -0.12629827857017517,
        0.6594506502151489,
        0.7410625219345093,
        1.6763806343078613e-08
      ],
      [
        0.0,
        0.0,
        0.0,
        1.0
      ]
    ],
    "DEF-hand.R": [
      [
        0.8039804100990295,
        0.6021129488945007,
        -0.040193021297454834,
        -4.414469145785915e-08
      ],
      [
        -0.5321817994117737,
        0.7697528004646301,
        0.3763526380062103,
        0.1135515421628952
      ],
      [
        0.25537338852882385,
        -0.2914890944957733,
        0.9108326435089111,
        -3.684932892156212e-08
      ],
      [
        0.0,
        0.0,
        0.0,
        1.0
      ]
    ],
    "DEF-pelvis.L": [
      [
        -0.42177265882492065,
        0.5363218784332275,
        -0.7310724854469299,
        7.098488463697095e-15
      ],
      [
        -0.052532441914081573,
        0.7904897928237915,
        0.6102181673049927,
        -2.60770320892334e-08
      ],
      [
        0.9051786661148071,
        0.2957783341407776,
        -0.30523285269737244,
        -4.470348358154297e-08
      ],
      [
        0.0,
        0.0,
        0.0,
        1.0
      ]
    ],
    "DEF-pelvis.R": [
      [
        -0.42177242040634155,
        -0.5363219976425171,
        0.731072187423706,
        7.098488463697095e-15
      ],
      [
        0.052532441914081573,
        0.790489673614502,
        0.610218346118927,
        -2.60770320892334e-08
      ],
      [
        -0.9051784873008728,
        0.2957783639431,
        -0.3052324950695038,
        -4.470348358154297e-08
      ],
      [
        0.0,
        0.0,
        0.0,
        1.0
      ]
    ],
    "DEF-shin.L": [
      [
        0.9950394630432129,
        -0.1680132895708084,
        0.11446181684732437,
        -9.763365227399845e-09
      ],
      [
        0.17285217344760895,
        0.34274670481681824,
        -0.980239748954773,
        0.22787338495254517
      ],
      [
        0.12991374731063843,
        0.8308231234550476,
        0.427533894777298,
        5.805244285284061e-09
      ],
      [
        0.0,
        0.0,
        0.0,
        1.0
      ]
    ],
    "DEF-shin.L.001": [
      [
        0.9960467219352722,
        -2.403769183700888e-09,
        0.08883114159107208,
        -1.9247332616600943e-08
      ],
      [
        5.453602458516116e-09,
        1.0,
        -3.409022397704575e-08,
        0.19868388772010803
      ],
      [
        -0.08883114159107208,
        3.443990337359537e-08,
        0.9960467219352722,
        -7.512668709352965e-09
      ],
      [
        0.0,
        0.0,
        0.0,
        1.0
      ]
    ],
    "DEF-shin.R": [
      [
        0.9847772717475891,
        0.21591156721115112,
        -0.09368013590574265,
        -4.7264618885378695e-09
      ],
      [
        -0.16716210544109344,
        0.3006153106689453,
        -1.0046892166137695,
        0.2278735637664795
      ],
      [
        -0.19529199600219727,
        0.8314387798309326,
        0.38758304715156555,
        2.7008355552027297e-09
      ],
      [
        0.0,
        0.0,
        0.0,
        1.0
      ]
    ],
    "DEF-shin.R.001": [
      [
        0.9973254799842834,
        -2.4128720355065525e-08,
        -0.07308836281299591,
        -7.155661840840821e-09
      ],
      [
        2.8210475733203566e-08,
        1.0,
        5.481454579125966e-08,
        0.19868408143520355
      ],
      [
        0.07308836281299591,
        -5.6729799524646296e-08,
        0.9973254799842834,
        -8.180117028189215e-09
      ],
      [
        0.0,
        0.0,
        0.0,
        1.0
      ]
    ],
    "DEF-shoulder.L": [
      [
        0.45163142681121826,
        0.8921818733215332,
        -0.006365090608596802,
        0.015732869505882263
      ],
      [
        0.3287651240825653,
        -0.1597837209701538,
        0.9307968616485596,
        -0.01713269203901291
      ],
      [
        0.8294230699539185,
        -0.42246973514556885,
        -0.3654816150665283,
        0.08060535788536072
      ],
      [
        0.0,
        0.0,
        0.0,
        1.0
      ]
    ],
    "DEF-shoulder.R": [
      [
        0.45163142681121826,
        -0.8921818733215332,
        0.006365090608596802,
        -0.015732869505882263
      ],
      [
        -0.3287651240825653,
        -0.1597837209701538,
        0.9307968616485596,
        -0.01713269203901291
      ],
      [
        -0.8294230699539185,
        -0.42246973514556885,
        -0.3654816150665283,
        0.08060535788536072
      ],
      [
        0.0,
        0.0,
        0.0,
        1.0
      ]
    ],
    "DEF-spine": [
      [
        0.990130603313446,
        0.056587960571050644,
        0.12821492552757263,
        0.1394212543964386
      ],
      [
        0.14001129567623138,
        -0.3591127395629883,
        -0.9227325916290283,
        0.17207761108875275
      ],
      [
        -0.00617194501683116,
        0.931577205657959,
        -0.36349156498908997,
        0.6318622827529907
      ],
      [
        0.0,
        0.0,
        0.0,
        1.0
      ]
    ],
    "DEF-spine.001": [
      [
        1.0,
        2.9967708314870833e-08,
        3.888711574973058e-09,
        -5.8202373957427344e-15
      ],
      [
        -3.021896688437664e-08,
        0.9916855096817017,
        0.12868446111679077,
        0.13086602091789246
      ],
      [
        -4.440892098500626e-16,
        -0.12868446111679077,
        0.9916855096817017,
        0.0
      ],
      [
        0.0,
        0.0,
        0.0,
        1.0
      ]
    ],
    "DEF-spine.002": [
      [
        1.0,
        2.0576173653807928e-07,
        1.3758432615418315e-08,
        1.7074068547895394e-10
      ],
      [
        -2.054152332675585e-07,
        0.9879792928695679,
        0.15458574891090393,
        0.11746916174888611
      ],
      [
        1.821478790020592e-08,
        -0.15458574891090393,
        0.9879792928695679,
        2.1886080503463745e-08
      ],
      [
        0.0,
        0.0,
        0.0,
        1.0
      ]
    ],
    "DEF-spine.003": [
      [
        1.0,
        -4.645554696480758e-08,
        -2.1811588624132128e-07,
        8.53716472515309e-11
      ],
      [
        4.574547318725308e-08,
        0.999994695186615,
        -0.0032543735578656197,
        0.1486348807811737
      ],
      [
        2.1826592444540438e-07,
        0.0032543735578656197,
        0.999994695186615,
        -3.570069795344466e-09
      ],
      [
        0.0,
        0.0,
        0.0,
        1.0
      ]
    ],
    "DEF-spine.004": [
      [
        1.0,
        6.0285384506642e-07,
        7.973874005529069e-09,
        4.6566198813602355e-11
      ],
      [
        -5.505914373316045e-07,
        0.918537437915802,
        -0.3953339755535126,
        0.16556361317634583
      ],
      [
        -2.456528989114304e-07,
        0.3953339755535126,
        0.918537437915802,
        -3.632158129818208e-09
      ],
      [
        0.0,
        0.0,
        0.0,
        1.0
      ]
    ],
    "DEF-spine.005": [
      [
        0.9899486303329468,
        -6.565824151039124e-07,
        0.14142683148384094,
        7.760606393625302e-12
      ],
      [
        -0.026709498837590218,
        0.9820036888122559,
        0.18696364760398865,
        0.05688191205263138
      ],
      [
        -0.13888178765773773,
        -0.1888618767261505,
        0.972133219242096,
        1.524264625629712e-08
      ],
      [
        0.0,
        0.0,
        0.0,
        1.0
      ]
    ],
    "DEF-spine.006": [
      [
        0.9868537187576294,
        0.11079275608062744,
        0.11766301095485687,
        -5.122274271407434e-10
      ],
      [
        -0.09704428166151047,
        0.9884061813354492,
        -0.11677181720733643,
        0.05390552431344986
      ],
      [
        -0.12923629581928253,
        0.10381819307804108,
        0.9861641526222229,
        -8.475035784272222e-09
      ],
      [
        0.0,
        0.0,
        0.0,
        1.0
      ]
    ],
    "DEF-thigh.L": [
      [
        -0.5393211245536804,
        0.7595787644386292,
        -0.3078435957431793,
        -0.018545446917414665
      ],
      [
        0.6893346309661865,
        0.16772082448005676,
        -0.7339543700218201,
        0.09991136193275452
      ],
      [
        -0.5291712880134583,
        -0.5556634664535522,
        -0.6423507928848267,
        -0.031249817460775375
      ],
      [
        0.0,
        0.0,
        0.0,
        1.0
      ]
    ],
    "DEF-thigh.L.001": [
      [
        0.9978467226028442,
        -2.8281023745080347e-08,
        0.0655888095498085,
        -1.122631765326787e-08
      ],
      [
        3.063050968421521e-08,
        1.0,
        -3.481583021880397e-08,
        0.22787350416183472
      ],
      [
        -0.0655888095498085,
        3.6749877807551456e-08,
        0.9978467226028442,
        -2.064431736670258e-09
      ],
      [
        0.0,
        0.0,
        0.0,
        1.0
      ]
    ],
    "DEF-thigh.R": [
      [
        -0.47022300958633423,
        -0.312551349401474,
        0.8455348610877991,
        0.018545467406511307
      ],
      [
        -0.8204801678657532,
        -0.23711742460727692,
        -0.5573813915252686,
        0.09991143643856049
      ],
      [
        0.39295297861099243,
        -0.8691090941429138,
        -0.15200410783290863,
        -0.03124992363154888
      ],
      [
        0.0,
        0.0,
        0.0,
        1.0
      ]
    ],
    "DEF-thigh.R.001": [
      [
        0.9998743534088135,
        -3.932411516416323e-07,
        -0.015846241265535355,
        -9.328747552217465e-09
      ],
      [
        3.9481307112509967e-07,
        1.0,
        9.607045114989887e-08,
        0.22787360846996307
      ],
      [
        0.015846241265535355,
        -1.0231469360633128e-07,
        0.9998743534088135,
        1.5436672384794292e-08
      ],
      [
        0.0,
        0.0,
        0.0,
        1.0
      ]
    ],
    "DEF-toe.L": [
      [
        -1.0,
        0.00015602802159264684,
        0.00019056559540331364,
        -1.1417885303899311e-08
      ],
      [
        3.133021527901292e-05,
        0.8480379581451416,
        -0.5299354195594788,
        0.11111491918563843
      ],
      [
        -0.00024429164477624,
        -0.5299354791641235,
        -0.8480378985404968,
        -2.0300527925343204e-09
      ],
      [
        0.0,
        0.0,
        0.0,
        1.0
      ]
    ],
    "DEF-toe.R": [
      [
        -0.9850720167160034,
        -0.0215764157474041,
        0.01353092398494482,
        -2.7319118078850124e-09
      ],
      [
        -0.0247967466711998,
        0.8516044616699219,
        -0.5458831191062927,
        0.11111495643854141
      ],
      [
        0.0002473000204190612,
        -0.5552205443382263,
        -0.83780837059021,
        -3.6367662215042174e-09
      ],
      [
        0.0,
        0.0,
        0.0,
        1.0
      ]
    ],
    "DEF-upper_arm.L": [
      [
        -0.3392655551433563,
        0.8863569498062134,
        -0.27471911907196045,
        0.004143682308495045
      ],
      [
        -0.34701254963874817,
        -0.3804537057876587,
        -0.8627556562423706,
        0.18895842134952545
      ],
      [
        -0.8840348124504089,
        -0.19081611931324005,
        0.4440883994102478,
        -0.016328617930412292
      ],
      [
        0.0,
        0.0,
        0.0,
        1.0
      ]
    ],
    "DEF-upper_arm.L.001": [
      [
        0.9467832446098328,
        -3.755205923994254e-08,
        -0.3218716084957123,
        -6.72938753609742e-08
      ],
      [
        9.261692213158312e-08,
        1.0,
        1.5576424061691796e-07,
        0.1290387064218521
      ],
      [
        0.3218716084957123,
        -1.7728577006437263e-07,
        0.9467832446098328,
        -4.4074841554220257e-08
      ],
      [
        0.0,
        0.0,
        0.0,
        1.0
      ]
    ],
    "DEF-upper_arm.R": [
      [
        -0.43771329522132874,
        -0.8517533540725708,
        -0.1387554556131363,
        -0.004089950118213892
      ],
      [
        0.1791686862707138,
        0.06218165159225464,
        -1.006448745727539,
        0.18913358449935913
      ],
      [
        0.9087470769882202,
        -0.4225209355354309,
        0.131597638130188,
        -0.016392037272453308
      ],
      [
        0.0,
        0.0,
        0.0,
        1.0
      ]
    ],
    "DEF-upper_arm.R.001": [
      [
        0.9403676390647888,
        -1.6256470303233073e-07,
        0.3401598334312439,
        -2.9321139294324894e-08
      ],
      [
        1.1469870742075727e-07,
        1.0,
        1.6082366016689775e-07,
        0.12903884053230286
      ],
      [
        -0.3401598334312439,
        -1.1221747797662829e-07,
        0.9403676390647888,
        -2.875070315155881e-08
      ],
      [
        0.0,
        0.0,
        0.0,
        1.0
      ]
    ],
    "root": [
      [
        1.0,
        0.0,
        0.0,
        0.0
      ],
      [
        0.0,
        -1.1920928244535389e-07,
        0.9999998807907104,
        0.0
      ],
      [
        0.0,
        -0.9999998807907104,
        -1.1920928244535389e-07,
        0.0
      ],
      [
        0.0,
        0.0,
        0.0,
        1.0
      ]
    ]
  },
  "1": {
    "DEF-breast.L": [
      [
        -1.0,
        1.1121443321826519e-08,
        -3.892556037499162e-07,
        0.10179080814123154
      ],
      [
        -3.894144526839227e-07,
        -0.028559446334838867,
        0.999592125415802,
        -0.004196307621896267
      ],
      [
        0.0,
        0.999592125415802,
        0.028559386730194092,
        -0.036758918315172195
      ],
      [
        0.0,
        0.0,
        0.0,
        1.0
      ]
    ],
    "DEF-breast.R": [
      [
        -1.0,
        1.1121443321826519e-08,
        -3.892556037499162e-07,
        -0.10179080069065094
      ],
      [
        -3.894144526839227e-07,
        -0.028559446334838867,
        0.999592125415802,
        -0.004196338355541229
      ],
      [
        0.0,
        0.999592125415802,
        0.028559386730194092,
        -0.0367589145898819
      ],
      [
        0.0,
        0.0,
        0.0,
        1.0
      ]
    ],
    "DEF-foot.L": [
      [
        0.9582780599594116,
        -0.041603535413742065,
        -0.09775811433792114,
        -1.3539102283743887e-08
      ],
      [
        0.09575478732585907,
        0.2607768177986145,
        1.0267976522445679,
        0.19868390262126923
      ],
      [
        -0.01594858430325985,
        -0.9340721964836121,
        0.2910182774066925,
        -3.3993274861643386e-09
      ],
      [
        0.0,
        0.0,
        0.0,
        1.0
      ]
    ],
    "DEF-foot.R": [
      [
        0.9551218152046204,
        0.08705036342144012,
        0.2149096131324768,
        3.570069795344466e-09
      ],
      [
        -0.1558460146188736,
        -0.30591732263565063,
        1.0102945566177368,
        0.19868406653404236
      ],
      [
        0.14677399396896362,
        -0.89130038022995,
        -0.3257697820663452,
        -3.6476801579254925e-09
      ],
      [
        0.0,
        0.0,
        0.0,
        1.0
      ]
    ],
    "DEF-forearm.L": [
      [
        0.941489040851593,
        -0.20165520906448364,
        -0.2708026170730591,
        4.911174400490381e-08
      ],
      [
        -0.0013074941234663129,
        0.7853834629058838,
        -0.6146212220191956,
        0.12903890013694763
      ],
      [
        0.33663344383239746,
        0.5670353174209595,
        0.7549875974655151,
        -2.5952855864375124e-08
      ],
      [
        0.0,
        0.0,
        0.0,
        1.0
      ]
    ],
    "DEF-forearm.L.001": [
      [
        0.9503357410430908,
        -4.846158390137134e-07,
        0.31122657656669617,
        2.1886080503463745e-08
      ],
      [
        1.4969231187933474e-08,
        1.0,
        1.5114072766664322e-06,
        0.11355170607566833
      ],
      [
        -0.31122657656669617,
        -1.4316855185825261e-06,
        0.9503357410430908,
        -2.2351741790771484e-08
      ],
      [
        0.0,
        0.0,
        0.0,
        1.0
      ]
    ],
    "DEF-forearm.R": [
      [
        0.8592298030853271,
        0.46885231137275696,
        -0.09101877361536026,
        -4.942218367887108e-08
      ],
      [
        0.0022168480791151524,
        -0.15781965851783752,
        -1.0582667589187622,
        0.12903901934623718
      ],
      [
        -0.5106409788131714,
        0.7882291674613953,
        -0.15774716436862946,
        4.246830798138035e-08
      ],
      [
        0.0,
        0.0,
        0.0,
        1.0
      ]
    ],
    "DEF-forearm.R.001": [
      [
        0.9868037104606628,
        6.544319717249891e-07,
        -0.1619209349155426,
        -4.473452719366833e-08
      ],
      [
        -6.963599048503966e-07,
        1.0,
        -2.0218878660216433e-07,
        0.11355177313089371
      ],
      [
        0.1619209349155426,
        3.122758585050178e-07,
        0.9868037104606628,
        -1.459072063170197e-08
      ],
      [
        0.0,
        0.0,
        0.0,
        1.0
      ]
    ],
    "DEF-hand.L": [
      [
        0.8358381986618042,
        -0.3322269022464752,
        0.4370352625846863,
        -3.8494669674093984e-09
      ],
      [
        0.5331571698188782,
        0.6809835433959961,
        -0.5020008087158203,
        0.11355157941579819
      ],
      [
        -0.1308356672525406,
        0.6525999307632446,
        0.7463212013244629,
        1.862645149230957e-08
      ],
      [
        0.0,
        0.0,
        0.0,
        1.0
      ]
    ],
    "DEF-hand.R": [
      [
        0.8050344586372375,
        0.6001121401786804,
        -0.042514268308877945,
        -4.358589578146166e-08
      ],
      [
        -0.5288208723068237,
        0.772346556186676,
        0.37648311257362366,
        0.1135515421628952
      ],
      [
        0.2562905251979828,
        -0.2913804054260254,
        0.9103636741638184,
        -3.6445758411218776e-08
      ],
      [
        0.0,
        0.0,
        0.0,
        1.0
      ]
    ],
    "DEF-pelvis.L": [
      [
        -0.42177242040634155,
        0.5363216996192932,
        -0.7310723662376404,
        -1.1641532182693481e-09
      ],
      [
        -0.05253247171640396,
        0.7904898524284363,
        0.6102180480957031,
        -6.426125764846802e-08
      ],
      [
        0.905178427696228,
        0.2957782745361328,
        -0.3052324950695038,
        -5.4016709327697754e-08
      ],
      [
        0.0,
        0.0,
        0.0,
        1.0
      ]
    ],
    "DEF-pelvis.R": [
      [
        -0.42177248001098633,
        -0.5363220572471619,
        0.7310724258422852,
        -1.1641532182693481e-09
      ],
      [
        0.052532538771629333,
        0.790489673614502,
        0.6102184057235718,
        -6.426125764846802e-08
      ],
      [
        -0.9051787853240967,
        0.2957783341407776,
        -0.30523252487182617,
        -5.4016709327697754e-08
      ],
      [
        0.0,
        0.0,
        0.0,
        1.0
      ]
    ],
    "DEF-shin.L": [
      [
        0.995149552822113,
        -0.16762620210647583,
        0.11472059786319733,
        -9.282181245851007e-09
      ],
      [
        0.1725391000509262,
        0.3402373790740967,
        -0.9821469783782959,
        0.22787338495254517
      ],
      [
        0.13005973398685455,
        0.8312247395515442,
        0.4251477122306824,
        6.022552678786042e-09
      ],
      [
        0.0,
        0.0,
        0.0,
        1.0
      ]
    ],
    "DEF-shin.L.001": [
      [
        0.9960379004478455,
        -4.952309495820373e-08,
        0.08892986178398132,
        -1.8936892942633676e-08
      ],
      [
        5.2193136923506245e-08,
        1.0,
        -2.769874463126598e-08,
        0.19868388772010803
      ],
      [
        -0.08892986178398132,
        3.22305275801682e-08,
        0.9960379004478455,
        -7.574756821782103e-09
      ],
      [
        0.0,
        0.0,
        0.0,
        1.0
      ]
    ],
    "DEF-shin.R": [
      [
        0.9847772717475891,
        0.21591156721115112,
        -0.09368013590574265,
        -4.7264618885378695e-09
      ],
      [
        -0.16716210544109344,
        0.3006153106689453,
        -1.0046892166137695,
        0.2278735637664795
      ],
      [
        -0.19529199600219727,
        0.8314387798309326,
        0.38758304715156555,
        2.7008355552027297e-09
      ],
      [
        0.0,
        0.0,
        0.0,
        1.0
      ]
    ],
    "DEF-shin.R.001": [
      [
        0.9972929358482361,
        -6.69587008061967e-09,
        -0.07353087514638901,
        -6.860743084757814e-09
      ],
      [
        1.0887136525639107e-08,
        1.0,
        5.659929414036924e-08,
        0.19868408143520355
      ],
      [
        0.07353087514638901,
        -5.724661988892876e-08,
        0.9972929358482361,
        -7.978329996660705e-09
      ],
      [
        0.0,
        0.0,
        0.0,
        1.0
      ]
    ],
    "DEF-shoulder.L": [
      [
        0.4516313672065735,
        0.8921819925308228,
        -0.006365151144564152,
        0.015732865780591965
      ],
      [
        0.3287651240825653,
        -0.1597834974527359,
        0.9307969212532043,
        -0.017132766544818878
      ],
      [
        0.8294230699539185,
        -0.42246973514556885,
        -0.36548152565956116,
        0.08060537278652191
      ],
      [
        0.0,
        0.0,
        0.0,
        1.0
      ]
    ],
    "DEF-shoulder.R": [
      [
        0.45163142681121826,
        -0.8921818733215332,
        0.006365090608596802,
        -0.01573287695646286
      ],
      [
        -0.3287651240825653,
        -0.1597837209701538,
        0.9307968616485596,
        -0.017132695764303207
      ],
      [
        -0.8294230699539185,
        -0.42246973514556885,
        -0.3654816150665283,
        0.08060531318187714
      ],
      [
        0.0,
        0.0,
        0.0,
        1.0
      ]
    ],
    "DEF-spine": [
      [
        0.9901306629180908,
        0.05658789724111557,
        0.12821495532989502,
        0.13942129909992218
      ],
      [
        0.14001131057739258,
        -0.3591127395629883,
        -0.9227325916290283,
        0.17207762598991394
      ],
      [
        -0.006171882152557373,
        0.931577205657959,
        -0.36349156498908997,
        0.6318622827529907
      ],
      [
        0.0,
        0.0,
        0.0,
        1.0
      ]
    ],
    "DEF-spine.001": [
      [
        1.0,
        -5.169591190679057e-07,
        7.572907634312287e-09,
        6.984919309616089e-09
      ],
      [
        5.116864372212149e-07,
        0.991685688495636,
        0.1286839097738266,
        0.13086600601673126
      ],
      [
        -7.403426138807845e-08,
        -0.1286839097738266,
        0.991685688495636,
        -3.3527612686157227e-08
      ],
      [
        0.0,
        0.0,
        0.0,
        1.0
      ]
    ],
    "DEF-spine.002": [
      [
        1.0,
        -5.0962309614988044e-05,
        -0.00015227793483063579,
        3.414832028258985e-10
      ],
      [
        7.390746759483591e-05,
        0.9879600405693054,
        0.15470877289772034,
        0.11746916174888611
      ],
      [
        0.00014256022404879332,
        -0.15470875799655914,
        0.9879601001739502,
        2.1420419216156006e-08
      ],
      [
        0.0,
        0.0,
        0.0,
        1.0
      ]
    ],
    "DEF-spine.003": [
      [
        0.9999998807907104,
        -5.1933344366261736e-05,
        -0.00045687417150475085,
        1.7074287816942757e-10
      ],
      [
        5.047493687015958e-05,
        0.9999949336051941,
        -0.003191568423062563,
        0.1486348807811737
      ],
      [
        0.00045703761861659586,
        0.0031915451399981976,
        0.9999948143959045,
        -3.414849514271623e-09
      ],
      [
        0.0,
        0.0,
        0.0,
        1.0
      ]
    ],
    "DEF-spine.004": [
      [
        0.9999999403953552,
        0.0001676606188993901,
        0.0002590764488559216,
        9.313232823826567e-11
      ],
      [
        -5.1529877964640036e-05,
        0.9184712767601013,
        -0.3954877257347107,
        0.16556361317634583
      ],
      [
        -0.0003042620373889804,
        0.3954876959323883,
        0.9184711575508118,
        -3.5390257391298974e-09
      ],
      [
        0.0,
        0.0,
        0.0,
        1.0
      ]
    ],
    "DEF-spine.005": [
      [
        0.9899487495422363,
        -1.879408841887198e-06,
        0.141426682472229,
        4.656612873077393e-10
      ],
      [
        -0.0267080869525671,
        0.9820038676261902,
        0.18696247041225433,
        0.056881897151470184
      ],
      [
        -0.13888192176818848,
        -0.1888604760169983,
        0.9721335172653198,
        3.5390257835388184e-08
      ],
      [
        0.0,
        0.0,
        0.0,
        1.0
      ]
    ],
    "DEF-spine.006": [
      [
        0.9868065118789673,
        0.11093533039093018,
        0.11792481690645218,
        -1.0244548542814869e-09
      ],
      [
        -0.09713876992464066,
        0.9883781671524048,
        -0.11692959070205688,
        0.05390552803874016
      ],
      [
        -0.12952594459056854,
        0.10393180698156357,
        0.9861142039299011,
        -9.499490083442197e-09
      ],
      [
        0.0,
        0.0,
        0.0,
        1.0
      ]
    ],
    "DEF-thigh.L": [
      [
        -0.5398926138877869,
        0.7596520781517029,
        -0.30585193634033203,
        -0.018545445054769516
      ],
      [
        0.6887972950935364,
        0.16899947822093964,
        -0.7345473766326904,
        0.09991136193275452
      ],
      [
        -0.5299311280250549,
        -0.5542678833007813,
        -0.643153727054596,
        -0.031249815598130226
      ],
      [
        0.0,
        0.0,
        0.0,
        1.0
      ]
    ],
    "DEF-thigh.L.001": [
      [
        0.9978340864181519,
        -5.8845323280820594e-08,
        0.06578107923269272,
        -1.1276764411149998e-08
      ],
      [
        6.126030172026731e-08,
        1.0,
        -3.4695233352977084e-08,
        0.22787350416183472
      ],
      [
        -0.06578107923269272,
        3.864985842483293e-08,
        0.9978340864181519,
        -2.266218324109559e-09
      ],
      [
        0.0,
        0.0,
        0.0,
        1.0
      ]
    ],
    "DEF-thigh.R": [
      [
        -0.47022300958633423,
        -0.312551349401474,
        0.8455348610877991,
        0.018545467406511307
      ],
      [
        -0.8204801678657532,
        -0.23711742460727692,
        -0.5573813915252686,
        0.09991143643856049
      ],
      [
        0.39295297861099243,
        -0.8691090941429138,
        -0.15200410783290863,
        -0.03124992363154888
      ],
      [
        0.0,
        0.0,
        0.0,
        1.0
      ]
    ],
    "DEF-thigh.R.001": [
      [
        0.9998759031295776,
        -8.767254939812119e-07,
        -0.015754375606775284,
        -8.412946783664665e-09
      ],
      [
        8.781526048551314e-07,
        1.0,
        8.366681925053854e-08,
        0.22787360846996307
      ],
      [
        0.015754375606775284,
        -9.749118135005119e-08,
        0.9998759031295776,
        1.504085922476861e-08
      ],
      [
        0.0,
        0.0,
        0.0,
        1.0
      ]
    ],
    "DEF-toe.L": [
      [
        -1.0,
        0.00015511833771597594,
        0.0001911339641083032,
        4.34645244240528e-08
      ],
      [
        3.0257244361564517e-05,
        0.8480373024940491,
        -0.5299364924430847,
        0.11111490428447723
      ],
      [
        -0.00024429161567240953,
        -0.5299365520477295,
        -0.8480371832847595,
        9.771611075848341e-09
      ],
      [
        0.0,
        0.0,
        0.0,
        1.0
      ]
    ],
    "DEF-toe.R": [
      [
        -0.9850720167160034,
        -0.0215764157474041,
        0.01353092398494482,
        -2.7319118078850124e-09
      ],
      [
        -0.0247967466711998,
        0.8516044616699219,
        -0.5458831191062927,
        0.11111495643854141
      ],
      [
        0.0002473000204190612,
        -0.5552205443382263,
        -0.83780837059021,
        -3.6367662215042174e-09
      ],
      [
        0.0,
        0.0,
        0.0,
        1.0
      ]
    ],
    "DEF-upper_arm.L": [
      [
        -0.34680747985839844,
        0.8850840926170349,
        -0.26604971289634705,
        0.004172280430793762
      ],
      [
        -0.34515678882598877,
        -0.3745760917663574,
        -0.8668674230575562,
        0.18887896835803986
      ],
      [
        -0.8828654289245605,
        -0.20123828947544098,
        0.44341200590133667,
        -0.016293026506900787
      ],
      [
        0.0,
        0.0,
        0.0,
        1.0
      ]
    ],
    "DEF-upper_arm.L.001": [
      [
        0.9471320509910583,
        1.0740761524630216e-07,
        -0.32084399461746216,
        -6.753252534963394e-08
      ],
      [
        -6.976043209760974e-08,
        1.0,
        1.2883295141818962e-07,
        0.1290387213230133
      ],
      [
        0.32084399461746216,
        -9.963961389303222e-08,
        0.9471320509910583,
        -4.3446199526897544e-08
      ],
      [
        0.0,
        0.0,
        0.0,
        1.0
      ]
    ],
    "DEF-upper_arm.R": [
      [
        -0.4417308568954468,
        -0.8493063449859619,
        -0.14131346344947815,
        -0.0040648141875863075
      ],
      [
        0.182117760181427,
        0.06279570609331131,
        -1.0061169862747192,
        0.18922929465770721
      ],
      [
        0.9064847826957703,
        -0.4264836609363556,
        0.13327205181121826,
        -0.01641986519098282
      ],
      [
        0.0,
        0.0,
        0.0,
        1.0
      ]
    ],
    "DEF-upper_arm.R.001": [
      [
        0.9408168196678162,
        -3.034395490431052e-07,
        0.33891546726226807,
        -2.8839956200954475e-08
      ],
      [
        2.486788730493572e-07,
        1.0,
        2.050018679256027e-07,
        0.12903884053230286
      ],
      [
        -0.33891546726226807,
        -1.0858809673663927e-07,
        0.9408168196678162,
        -2.7699085691779146e-08
      ],
      [
        0.0,
        0.0,
        0.0,
        1.0
      ]
    ],
    "root": [
      [
        1.0,
        0.0,
        0.0,
        0.0
      ],
      [
        0.0,
        -1.1920928244535389e-07,
        0.9999998807907104,
        0.0
      ],
      [
        0.0,
        -0.9999998807907104,
        -1.1920928244535389e-07,
        0.0
      ],
      [
        0.0,
        0.0,
        0.0,
        1.0
      ]
    ]
  },
  "10": {
    "DEF-breast.L": [
      [
        -1.0,
        1.1121443321826519e-08,
        -3.892556037499162e-07,
        0.10179080814123154
      ],
      [
        -3.894144526839227e-07,
        -0.028559446334838867,
        0.999592125415802,
        -0.004196307621896267
      ],
      [
        0.0,
        0.999592125415802,
        0.028559386730194092,
        -0.036758918315172195
      ],
      [
        0.0,
        0.0,
        0.0,
        1.0
      ]
    ],
    "DEF-breast.R": [
      [
        -1.0,
        1.1121443321826519e-08,
        -3.892556037499162e-07,
        -0.10179080069065094
      ],
      [
        -3.894144526839227e-07,
        -0.028559446334838867,
        0.999592125415802,
        -0.004196338355541229
      ],
      [
        0.0,
        0.999592125415802,
        0.028559386730194092,
        -0.0367589145898819
      ],
      [
        0.0,
        0.0,
        0.0,
        1.0
      ]
    ],
    "DEF-foot.L": [
      [
        0.9555693864822388,
        -0.05496608838438988,
        -0.10362229496240616,
        -1.3696262790574565e-08
      ],
      [
        0.10203392058610916,
        0.2054470181465149,
        1.0473469495773315,
        0.19868390262126923
      ],
      [
        -0.03348496928811073,
        -0.9425525665283203,
        0.23433174192905426,
        -1.932494164691434e-09
      ],
      [
        0.0,
        0.0,
        0.0,
        1.0
      ]
    ],
    "DEF-foot.R": [
      [
        0.9568858742713928,
        0.10450871288776398,
        0.19421032071113586,
        2.0180412896309008e-09
      ],
      [
        -0.13639023900032043,
        -0.2818242907524109,
        1.0236914157867432,
        0.19868406653404236
      ],
      [
        0.15445204079151154,
        -0.896336555480957,
        -0.2992229163646698,
        -2.8716657940464074e-09
      ],
      [
        0.0,
        0.0,
        0.0,
        1.0
      ]
    ],
    "DEF-forearm.L": [
      [
        0.9249499440193176,
        -0.35510677099227905,
        -0.005463968962430954,
        3.542130144751354e-08
      ],
      [
        0.000467175617814064,
        0.013632947579026222,
        -1.0689855813980103,
        0.12903890013694763
      ],
      [
        0.3799731433391571,
        0.8644024729728699,
        0.014614871703088284,
        -8.630255621255856e-09
      ],
      [
        0.0,
        0.0,
        0.0,
        1.0
      ]
    ],
    "DEF-forearm.L.001": [
      [
        0.9449844360351563,
        -2.2221769313546247e-07,
        0.32711532711982727,
        1.979060471057892e-08
      ],
      [
        7.907996746325807e-08,
        1.0,
        4.5087571720614505e-07,
        0.11355170607566833
      ],
      [
        -0.32711532711982727,
        -4.002022535587457e-07,
        0.9449844360351563,
        -2.2351741790771484e-08
      ],
      [
        0.0,
        0.0,
        0.0,
        1.0
      ]
    ],
    "DEF-forearm.R": [
      [
        0.8855717778205872,
        0.3823276460170746,
        -0.23784920573234558,
        -3.7128728536117706e-08
      ],
      [
        0.0004764321492984891,
        -0.4526972770690918,
        -0.9338223934173584,
        0.129039004445076
      ],
      [
        -0.46395143866539,
        0.7293067574501038,
        -0.4549560844898224,
        3.2410024886075917e-08
      ],
      [
        0.0,
        0.0,
        0.0,
        1.0
      ]
    ],
    "DEF-forearm.R.001": [
      [
        0.9597905278205872,
        1.7090508208639221e-06,
        -0.28071725368499756,
        -4.487422700094612e-08
      ],
      [
        -1.42339627018373e-06,
        1.0,
        1.2214729849802097e-06,
        0.11355175822973251
      ],
      [
        0.28071725368499756,
        -7.72786279412685e-07,
        0.9597905278205872,
        -1.3193736769778752e-08
      ],
      [
        0.0,
        0.0,
        0.0,
        1.0
      ]
    ],
    "DEF-hand.L": [
      [
        0.8631404638290405,
        -0.3255065679550171,
        0.36684590578079224,
        -2.1172066766439457e-08
      ],
      [
        0.4110491871833801,
        0.9098387360572815,
        -0.22157427668571472,
        0.11355157941579819
      ],
      [
        -0.25567469000816345,
        0.36386290192604065,
        0.8822212219238281,
        3.5390257835388184e-08
      ],
      [
        0.0,
        0.0,
        0.0,
        1.0
      ]
    ],
    "DEF-hand.R": [
      [
        0.8815078139305115,
        0.39255353808403015,
        -0.2191748321056366,
        -3.855675601016628e-08
      ],
