{
  "0": {
    "DEF-breast.L": [
      [
        -1.0000004768371582,
        6.810851438387999e-09,
        -3.893787265951687e-07,
        0.10179080814123154
      ],
      [
        -3.8941439584050386e-07,
        -0.028559569269418716,
        0.9995923042297363,
        -0.0041963220573961735
      ],
      [
        -4.312384227489474e-09,
        0.9995923042297363,
        0.02855939045548439,
        -0.0367589071393013
      ],
      [
        0.0,
        0.0,
        0.0,
        1.0
      ]
    ],
    "DEF-breast.R": [
      [
        -1.0000004768371582,
        6.810851438387999e-09,
        -3.893787265951687e-07,
        -0.10179080814123154
      ],
      [
        -3.8941439584050386e-07,
        -0.028559569269418716,
        0.9995923042297363,
        -0.0041963220573961735
      ],
      [
        -4.312384227489474e-09,
        0.9995923042297363,
        0.02855939045548439,
        -0.0367589071393013
      ],
      [
        0.0,
        0.0,
        0.0,
        1.0
      ]
    ],
    "DEF-foot.L": [
      [
        0.9434241056442261,
        0.052430614829063416,
        -0.24603788554668427,
        -2.328304216092647e-11
      ],
      [
        0.22561411559581757,
        -0.03505593165755272,
        1.0386239290237427,
        0.19868387281894684
      ],
      [
        0.04315733537077904,
        -0.9628772139549255,
        -0.0512109138071537,
        1.2999710641281581e-08
      ],
      [
        0.0,
        0.0,
        0.0,
        1.0
      ]
    ],
    "DEF-foot.R": [
      [
        0.9761844277381897,
        -0.05742638558149338,
        0.09947484731674194,
        2.405916577075118e-09
      ],
      [
        -0.10315568000078201,
        -0.24687068164348602,
        1.034641146659851,
        0.19868406653404236
      ],
      [
        -0.03357672318816185,
        -0.9111264944076538,
        -0.2866068184375763,
        4.066775360911379e-09
      ],
      [
        0.0,
        0.0,
        0.0,
        1.0
      ]
    ],
    "DEF-forearm.L": [
      [
        0.8825843334197998,
        -0.43708741664886475,
        0.012583657167851925,
        1.502533741870593e-08
      ],
      [
        -0.0004197211528662592,
        -0.024018367752432823,
        -1.072177767753601,
        0.1290389597415924
      ],
      [
        0.4691726863384247,
        0.8222057819366455,
        -0.024631084874272346,
        -2.849847113850501e-08
      ],
      [
        0.0,
        0.0,
        0.0,
        1.0
      ]
    ],
    "DEF-forearm.L.001": [
      [
        0.9873760938644409,
        2.648330905685725e-07,
        0.1583935171365738,
        9.61280122169228e-08
      ],
      [
        -3.1584983162247227e-07,
        1.0,
        2.9691540248677484e-07,
        0.11355175077915192
      ],
      [
        -0.1583935171365738,
        -3.431957225075166e-07,
        0.9873760938644409,
        -5.898376187474241e-08
      ],
      [
        0.0,
        0.0,
        0.0,
        1.0
      ]
    ],
    "DEF-forearm.R": [
      [
        0.8555567264556885,
        0.42132610082626343,
        -0.27475109696388245,
        5.1548703083881264e-08
      ],
      [
        1.16599067041534e-05,
        -0.4702063202857971,
        -0.921887218952179,
        0.1290389597415924
      ],
      [
        -0.5164327621459961,
        0.6979860663414001,
        -0.4551916718482971,
        -4.3461723109317063e-10
      ],
      [
        0.0,
        0.0,
        0.0,
        1.0
      ]
    ],
    "DEF-forearm.R.001": [
      [
        0.9928429126739502,
        2.6172267553192796e-07,
        -0.1194269135594368,
        -1.4358859878882413e-08
      ],
      [
        -2.4926660557866853e-07,
        1.0,
        1.192366312352533e-07,
        0.11355176568031311
      ],
      [
        0.1194269135594368,
        -8.861412226224274e-08,
        0.9928429126739502,
        2.219264061409376e-08
      ],
      [
        0.0,
        0.0,
        0.0,
        1.0
      ]
    ],
    "DEF-hand.L": [
      [
        0.7848739624023438,
        -0.606388509273529,
        0.18845872581005096,
        -9.567786918296406e-08
      ],
      [
        0.617640495300293,
        0.8020216822624207,
        -0.07460369914770126,
        0.11355146765708923
      ],
      [
        -0.1065840870141983,
        0.1822272539138794,
        0.9554716944694519,
        2.9802322387695313e-08
      ],
      [
        0.0,
        0.0,
        0.0,
        1.0
      ]
    ],
    "DEF-hand.R": [
      [
        0.9097307324409485,
        0.3852173686027527,
        -0.09050546586513519,
        -2.222756556591321e-08
      ],
      [
        -0.34665459394454956,
        0.9642369151115417,
        0.15081296861171722,
        0.11355158686637878
      ],
      [
        0.14039139449596405,
        -0.11529861390590668,
        0.958859384059906,
        -2.3531416815103512e-08
      ],
      [
        0.0,
        0.0,
        0.0,
        1.0
      ]
    ],
    "DEF-pelvis.L": [
      [
        -0.42177242040634155,
        0.5363216996192932,
        -0.7310723662376404,
        1.7756636276362175e-14
      ],
      [
        -0.05253247171640396,
        0.7904898524284363,
        0.6102180480957031,
        3.725290298461914e-08
      ],
      [
        0.905178427696228,
        0.2957782745361328,
        -0.3052324950695038,
        -7.450580596923828e-08
      ],
      [
        0.0,
        0.0,
        0.0,
        1.0
      ]
    ],
    "DEF-pelvis.R": [
      [
        -0.42177265882492065,
        -0.5363221168518066,
        0.7310724258422852,
        1.7756636276362175e-14
      ],
      [
        0.05253257602453232,
        0.7904895544052124,
        0.6102185249328613,
        3.725290298461914e-08
      ],
      [
        -0.9051788449287415,
        0.29577845335006714,
        -0.30523255467414856,
        -7.450580596923828e-08
      ],
      [
        0.0,
        0.0,
        0.0,
        1.0
      ]
    ],
    "DEF-shin.L": [
      [
        0.9943386912345886,
        -0.18520431220531464,
        0.10107426345348358,
        2.1420418772066796e-09
      ],
      [
        0.19015631079673767,
        0.4723307192325592,
        -0.8894845247268677,
        0.22787341475486755
      ],
      [
        0.12147124856710434,
        0.7766377329826355,
        0.5650642514228821,
        7.326404372065554e-09
      ],
      [
        0.0,
        0.0,
        0.0,
        1.0
      ]
    ],
    "DEF-shin.L.001": [
      [
        0.998744785785675,
        2.840188706443314e-08,
        -0.05008860304951668,
        -2.856055836275573e-09
      ],
      [
        -2.7678440872591636e-08,
        1.0,
        1.5136919273572857e-08,
        0.19868387281894684
      ],
      [
        0.05008860304951668,
        -1.3731543901940313e-08,
        0.998744785785675,
        -6.208817487918239e-11
      ],
      [
        0.0,
        0.0,
        0.0,
        1.0
      ]
    ],
    "DEF-shin.R": [
      [
        1.0002671480178833,
        0.127934530377388,
        -0.1480608880519867,
        -6.208817487918239e-11
      ],
      [
        -0.19858379662036896,
        0.5398911237716675,
        -0.8322073817253113,
        0.22787350416183472
      ],
      [
        -0.027581365779042244,
        0.7525027990341187,
        0.6222482323646545,
        9.158005465081942e-10
      ],
      [
        0.0,
        0.0,
        0.0,
        1.0
      ]
    ],
    "DEF-shin.R.001": [
      [
        0.9999672174453735,
        -7.137295199299842e-08,
        -0.008086967281997204,
        1.1284525314181337e-08
      ],
      [
        7.149841252385158e-08,
        1.0,
        1.5226312655158836e-08,
        0.19868409633636475
      ],
      [
        0.008086967281997204,
        -1.5804021202825425e-08,
        0.9999672174453735,
        2.041148583487029e-09
      ],
      [
        0.0,
        0.0,
        0.0,
        1.0
      ]
    ],
    "DEF-shoulder.L": [
      [
        0.45163148641586304,
        0.8921818733215332,
        -0.0063651204109191895,
        0.015732869505882263
      ],
      [
        0.3287651538848877,
        -0.15978360176086426,
        0.9307968616485596,
        -0.01713268831372261
      ],
      [
        0.8294230103492737,
        -0.42246976494789124,
        -0.3654816150665283,
        0.08060529828071594
      ],
      [
        0.0,
        0.0,
        0.0,
        1.0
      ]
    ],
    "DEF-shoulder.R": [
      [
        0.45163148641586304,
        -0.8921818733215332,
        0.0063651204109191895,
        -0.015732869505882263
      ],
      [
        -0.3287651538848877,
        -0.15978360176086426,
        0.9307968616485596,
        -0.01713268831372261
      ],
      [
        -0.8294230103492737,
        -0.42246976494789124,
        -0.3654816150665283,
        0.08060530573129654
      ],
      [
        0.0,
        0.0,
        0.0,
        1.0
      ]
    ],
    "DEF-spine": [
      [
        0.9915629625320435,
        -0.03486695513129234,
        -0.12484800815582275,
        0.025365963578224182
      ],
      [
        -0.12959933280944824,
        -0.28594765067100525,
        -0.9494410157203674,
        0.1672901213169098
      ],
      [
        -0.0025958602782338858,
        0.9576107263565063,
        -0.28805387020111084,
        0.7132633328437805
      ],
      [
        0.0,
        0.0,
        0.0,
        1.0
      ]
    ],
    "DEF-spine.001": [
      [
        1.0,
        3.3936526477873485e-08,
        2.0421782043200665e-09,
        7.889522368742519e-15
      ],
      [
        -3.391716418832402e-08,
        0.9916856288909912,
        0.128684401512146,
        0.13086608052253723
      ],
      [
        2.3419028938320707e-09,
        -0.128684401512146,
        0.9916856288909912,
        -2.9802322387695313e-08
      ],
      [
        0.0,
        0.0,
        0.0,
        1.0
      ]
    ],
    "DEF-spine.002": [
      [
        1.0,
        3.429881090255549e-08,
        2.4298167922154335e-09,
        2.0539125955565396e-15
      ],
      [
        -3.426249861604447e-08,
        0.9879985451698303,
        0.1544627547264099,
        0.11746904253959656
      ],
      [
        2.8972342303035248e-09,
        -0.1544627547264099,
        0.9879985451698303,
        5.551115123125783e-17
      ],
      [
        0.0,
        0.0,
        0.0,
        1.0
      ]
    ],
    "DEF-spine.003": [
      [
        1.0,
        -7.75862152302409e-10,
        -2.3841835172788706e-07,
        -7.771561172376096e-16
      ],
      [
        0.0,
        0.999994695186615,
        -0.003254187759011984,
        0.14863476157188416
      ],
      [
        2.38419602283102e-07,
        0.003254187759011984,
        0.999994695186615,
        3.725290298461914e-09
      ],
      [
        0.0,
        0.0,
        0.0,
        1.0
      ]
    ],
    "DEF-spine.004": [
      [
        1.0,
        0.0,
        0.0,
        2.0274580625478933e-17
      ],
      [
        0.0,
        0.9186036586761475,
        -0.3951800763607025,
        0.16556361317634583
      ],
      [
        0.0,
        0.3951800763607025,
        0.9186036586761475,
        -1.1175870895385742e-08
      ],
      [
        0.0,
        0.0,
        0.0,
        1.0
      ]
    ],
    "DEF-spine.005": [
      [
        0.9899486303329468,
        2.3283064365386963e-08,
        0.14142684638500214,
        -1.2999702703186955e-10
      ],
      [
        -0.02670990116894245,
        0.9820039868354797,
        0.18696175515651703,
        0.056881919503211975
      ],
      [
        -0.13888171315193176,
        -0.18886004388332367,
        0.9721336364746094,
        1.4742060017169933e-08
      ],
      [
        0.0,
        0.0,
        0.0,
        1.0
      ]
    ],
    "DEF-spine.006": [
      [
        0.9868537783622742,
        0.11079280823469162,
        0.11766305565834045,
        -3.492441405517077e-11
      ],
      [
        -0.09704449027776718,
        0.9884063005447388,
        -0.11677059531211853,
        0.05390553176403046
      ],
      [
        -0.12923625111579895,
        0.10381696373224258,
        0.9861642122268677,
        1.4517961055560136e-08
      ],
      [
        0.0,
        0.0,
        0.0,
        1.0
      ]
    ],
    "DEF-thigh.L": [
      [
        -0.4704117774963379,
        0.46881183981895447,
        -0.7554768919944763,
        -0.018545422703027725
      ],
      [
        0.7703461647033691,
        -0.21292318403720856,
        -0.627202570438385,
        0.09991125762462616
      ],
      [
        -0.47192880511283875,
        -0.8148667812347412,
        -0.27075666189193726,
        -0.031249865889549255
      ],
      [
        0.0,
        0.0,
        0.0,
        1.0
      ]
    ],
    "DEF-thigh.L.001": [
      [
        0.998540461063385,
        8.105254778456583e-08,
        0.054008740931749344,
        -9.992315419538045e-09
      ],
      [
        -8.187494415778929e-08,
        1.0,
        1.3014531674571117e-08,
        0.22787350416183472
      ],
      [
        -0.054008740931749344,
        -1.7417498554550548e-08,
        0.998540461063385,
        -9.42188016495038e-09
      ],
      [
        0.0,
        0.0,
        0.0,
        1.0
      ]
    ],
    "DEF-thigh.R": [
      [
        -0.3873277008533478,
        -0.3300609588623047,
        0.8730998635292053,
        0.01854543760418892
      ],
      [
        -0.7356618046760559,
        -0.45331165194511414,
        -0.5147601366043091,
        0.09991142898797989
      ],
      [
        0.5838453769683838,
        -0.7901504039764404,
        -0.06939119845628738,
        -0.03124985285103321
      ],
      [
        0.0,
        0.0,
        0.0,
        1.0
      ]
    ],
    "DEF-thigh.R.001": [
      [
        0.9918742179870605,
        -9.27176946330377e-10,
        -0.12722232937812805,
        -4.870040815063703e-09
      ],
      [
        2.413170108184204e-09,
        1.0,
        1.1526157805974435e-08,
        0.22787365317344666
      ],
      [
        0.12722232937812805,
        -1.1739507144170602e-08,
        0.9918742179870605,
        -5.3531645782811665e-09
      ],
      [
        0.0,
        0.0,
        0.0,
        1.0
      ]
    ],
    "DEF-toe.L": [
      [
        -1.000000238418579,
        0.00017625796317588538,
        0.00017793008009903133,
        -1.111782443885545e-09
      ],
      [
        5.520504419109784e-05,
        0.8480879068374634,
        -0.5298557281494141,
        0.11111491173505783
      ],
      [
        -0.00024429164477624,
        -0.5298556089401245,
        -0.8480880856513977,
        -3.3061344772988832e-09
      ],
      [
        0.0,
        0.0,
        0.0,
        1.0
      ]
    ],
    "DEF-toe.R": [
      [
        -0.9850643873214722,
        -0.02159467525780201,
        0.01353664230555296,
        -4.981802526060619e-09
      ],
      [
        -0.024814242497086525,
        0.8517237901687622,
        -0.5457218885421753,
        0.11111496388912201
      ],
      [
        0.0002472963824402541,
        -0.555067777633667,
        -0.8379095792770386,
        -5.615887310739254e-09
      ],
      [
        0.0,
        0.0,
        0.0,
        1.0
      ]
    ],
    "DEF-upper_arm.L": [
      [
        -0.7135119438171387,
        0.6331577897071838,
        0.27882230281829834,
        0.004115163814276457
      ],
      [
        -0.2984415292739868,
        0.08101649582386017,
        -0.9749569296836853,
        0.18903790414333344
      ],
      [
        -0.6700609922409058,
        -0.710300087928772,
        0.1373376101255417,
        -0.016364213079214096
      ],
      [
        0.0,
        0.0,
        0.0,
        1.0
      ]
    ],
    "DEF-upper_arm.L.001": [
      [
        0.94289630651474,
        2.140369815606391e-06,
        -0.33308643102645874,
        -5.122274160385132e-09
      ],
      [
        -1.939486537594348e-06,
        1.0,
        9.355987913295394e-07,
        0.129039004445076
      ],
      [
        0.33308643102645874,
        -2.3615609734406462e-07,
        0.94289630651474,
        -1.4932204805973015e-08
      ],
      [
        0.0,
        0.0,
        0.0,
        1.0
      ]
    ],
    "DEF-upper_arm.R": [
      [
        -0.7933747172355652,
        -0.5125312805175781,
        -0.34218502044677734,
        -0.004115165676921606
      ],
      [
        0.34312325716018677,
        0.09500040113925934,
        -0.9626058340072632,
        0.18903788924217224
      ],
      [
        0.5547664761543274,
        -0.7917316555976868,
        0.1060112938284874,
        -0.016364213079214096
      ],
      [
        0.0,
        0.0,
        0.0,
        1.0
      ]
    ],
    "DEF-upper_arm.R.001": [
      [
        0.9624466896057129,
        -3.7663610896743194e-07,
        0.27147072553634644,
        7.444371874498756e-08
      ],
      [
        4.4011486011186207e-07,
        1.0,
        -1.729504219838418e-07,
        0.12903878092765808
      ],
      [
        -0.27147072553634644,
        2.8593385081876477e-07,
        0.9624466896057129,
        7.326404372065554e-09
      ],
      [
        0.0,
        0.0,
        0.0,
        1.0
      ]
    ],
    "root": [
      [
        1.0,
        0.0,
        0.0,
        0.0
      ],
      [
        0.0,
        -1.1920928244535389e-07,
        0.9999998807907104,
        0.0
      ],
      [
        0.0,
        -0.9999998807907104,
        -1.1920928244535389e-07,
        0.0
      ],
      [
        0.0,
        0.0,
        0.0,
        1.0
      ]
    ]
  },
  "1": {
    "DEF-breast.L": [
      [
        -1.0,
        1.1121443321826519e-08,
        -3.892556037499162e-07,
        0.10179080814123154
      ],
      [
        -3.894144526839227e-07,
        -0.028559446334838867,
        0.999592125415802,
        -0.004196324851363897
      ],
      [
        0.0,
        0.999592125415802,
        0.028559386730194092,
        -0.036758918315172195
      ],
      [
        0.0,
        0.0,
        0.0,
        1.0
      ]
    ],
    "DEF-breast.R": [
      [
        -1.0,
        1.1121443321826519e-08,
        -3.892556037499162e-07,
        -0.10179080814123154
      ],
      [
        -3.894144526839227e-07,
        -0.028559446334838867,
        0.999592125415802,
        -0.004196451511234045
      ],
      [
        0.0,
        0.999592125415802,
        0.028559386730194092,
        -0.0367588996887207
      ],
      [
        0.0,
        0.0,
        0.0,
        1.0
      ]
    ],
    "DEF-foot.L": [
      [
        0.9432722330093384,
        0.051741525530815125,
        -0.24586822092533112,
        4.190952029858863e-10
      ],
      [
        0.22521504759788513,
        -0.033339306712150574,
        1.0391438007354736,
        0.19868387281894684
      ],
      [
        0.04289297014474869,
        -0.9628109335899353,
        -0.049195438623428345,
        1.2960906126124883e-08
      ],
      [
        0.0,
        0.0,
        0.0,
        1.0
      ]
    ],
    "DEF-foot.R": [
      [
        0.9761844277381897,
        -0.05742638558149338,
        0.09947484731674194,
        2.405916577075118e-09
      ],
      [
        -0.10315568000078201,
        -0.24687068164348602,
        1.034641146659851,
        0.19868406653404236
      ],
      [
        -0.03357672318816185,
        -0.9111264944076538,
        -0.2866068184375763,
        4.066775360911379e-09
      ],
      [
        0.0,
        0.0,
        0.0,
        1.0
      ]
    ],
    "DEF-forearm.L": [
      [
        0.8828563690185547,
        -0.43687087297439575,
        0.011352196335792542,
        1.5149513643564205e-08
      ],
      [
        -0.00038124353159219027,
        -0.02171357162296772,
        -1.0717663764953613,
        0.1290389597415924
      ],
      [
        0.4687122106552124,
        0.8228630423545837,
        -0.022254571318626404,
        -2.719461988931471e-08
      ],
      [
        0.0,
        0.0,
        0.0,
        1.0
      ]
    ],
    "DEF-forearm.L.001": [
      [
        0.987293541431427,
        4.3370656044317e-07,
        0.15890701115131378,
        9.539847667383583e-08
      ],
      [
        -5.358929229259957e-07,
        1.0,
        6.002067038934911e-07,
        0.11355175077915192
      ],
      [
        -0.15890701115131378,
        -6.777373755539884e-07,
        0.987293541431427,
        -5.836288252680788e-08
      ],
      [
        0.0,
        0.0,
        0.0,
        1.0
      ]
    ],
    "DEF-forearm.R": [
      [
        0.8558413982391357,
        0.4212988317012787,
        -0.2736998498439789,
        5.094334554200941e-08
      ],
      [
        2.224818672402762e-05,
        -0.46856480836868286,
        -0.9230983257293701,
        0.1290389597415924
      ],
      [
        -0.5160085558891296,
        0.6987375617027283,
        -0.45399296283721924,
        -8.692344621863413e-10
      ],
      [
        0.0,
        0.0,
        0.0,
        1.0
      ]
    ],
    "DEF-forearm.R.001": [
      [
        0.9927809238433838,
        2.384957724643755e-07,
        -0.11994117498397827,
        -1.381655856391717e-08
      ],
      [
        -2.2215184003471222e-07,
        1.0,
        1.4963704586534732e-07,
        0.11355176568031311
      ],
      [
        0.11994117498397827,
        -1.2191168252684292e-07,
        0.9927809238433838,
        2.203353943741604e-08
      ],
      [
        0.0,
        0.0,
        0.0,
        1.0
      ]
    ],
    "DEF-hand.L": [
      [
        0.7851173281669617,
        -0.6053318977355957,
        0.18930931389331818,
        -9.449819771134571e-08
      ],
      [
        0.6167555451393127,
        0.8023200631141663,
        -0.07561375200748444,
        0.11355147510766983
      ],
      [
        -0.10674279183149338,
        0.18342000246047974,
        0.9555194973945618,
        2.9802322387695313e-08
      ],
      [
        0.0,
        0.0,
        0.0,
        1.0
      ]
    ],
    "DEF-hand.R": [
      [
        0.9096299409866333,
        0.3859376013278961,
        -0.09071940183639526,
        -2.2103389341054935e-08
      ],
      [
        -0.3473511040210724,
        0.9633679986000061,
        0.1522001326084137,
        0.11355158686637878
      ],
      [
        0.14118798077106476,
        -0.11639419943094254,
        0.9589199423789978,
        -2.471109183943554e-08
      ],
      [
        0.0,
        0.0,
        0.0,
        1.0
      ]
    ],
    "DEF-pelvis.L": [
      [
        -0.42177242040634155,
        0.5363216996192932,
        -0.7310723662376404,
        -2.6775524020195007e-09
      ],
      [
        -0.05253247171640396,
        0.7904898524284363,
        0.6102180480957031,
        -6.274785846471786e-08
      ],
      [
        0.905178427696228,
        0.2957782745361328,
        -0.3052324950695038,
        -1.955777406692505e-08
      ],
      [
        0.0,
        0.0,
        0.0,
        1.0
      ]
    ],
    "DEF-pelvis.R": [
      [
        -0.42177242040634155,
        -0.5363219976425171,
        0.731072187423706,
        -2.6775524020195007e-09
      ],
      [
        0.052532441914081573,
        0.790489673614502,
        0.610218346118927,
        -6.274785846471786e-08
      ],
      [
        -0.9051784873008728,
        0.2957783639431,
        -0.3052324950695038,
        -1.955777406692505e-08
      ],
      [
        0.0,
        0.0,
        0.0,
        1.0
      ]
    ],
    "DEF-shin.L": [
      [
        0.994371235370636,
        -0.18496690690517426,
        0.10112377256155014,
        2.421438605182402e-09
      ],
      [
        0.18991822004318237,
        0.4711522161960602,
        -0.8906908631324768,
        0.22787341475486755
      ],
      [
        0.12157698720693588,
        0.776836097240448,
        0.5642831325531006,
        7.202227703118069e-09
      ],
      [
        0.0,
        0.0,
        0.0,
        1.0
      ]
    ],
    "DEF-shin.L.001": [
      [
        0.9987697601318359,
        1.8801031842485827e-08,
        -0.04958648234605789,
        -2.918144170749315e-09
      ],
      [
        -1.815373984470625e-08,
        1.0,
        1.3504110718542961e-08,
        0.19868387281894684
      ],
      [
        0.04958648234605789,
        -1.2587319631052196e-08,
        0.9987697601318359,
        -1.2417634975836478e-10
      ],
      [
        0.0,
        0.0,
        0.0,
        1.0
      ]
    ],
    "DEF-shin.R": [
      [
        1.0002671480178833,
        0.127934530377388,
        -0.1480608880519867,
        -6.208817487918239e-11
      ],
      [
        -0.19858379662036896,
        0.5398911237716675,
        -0.8322073817253113,
        0.22787350416183472
      ],
      [
        -0.027581365779042244,
        0.7525027990341187,
        0.6222482323646545,
        9.158005465081942e-10
      ],
      [
        0.0,
        0.0,
        0.0,
        1.0
      ]
    ],
    "DEF-shin.R.001": [
      [
        0.9999650716781616,
        -4.788250507203884e-08,
        -0.008356734178960323,
        1.1393179732976932e-08
      ],
      [
        4.801720265845688e-08,
        1.0,
        1.5917478890514758e-08,
        0.19868409633636475
      ],
      [
        0.008356734178960323,
        -1.6318189466346666e-08,
        0.9999650716781616,
        2.219652239787706e-09
      ],
      [
        0.0,
        0.0,
        0.0,
        1.0
      ]
    ],
    "DEF-shoulder.L": [
      [
        0.4516313672065735,
        0.8921819925308228,
        -0.006365151144564152,
        0.015732862055301666
      ],
      [
        0.3287651240825653,
        -0.1597834974527359,
        0.9307969212532043,
        -0.017132744193077087
      ],
      [
        0.8294230699539185,
        -0.42246973514556885,
        -0.36548152565956116,
        0.08060538023710251
      ],
      [
        0.0,
        0.0,
        0.0,
        1.0
      ]
    ],
    "DEF-shoulder.R": [
      [
        0.4516313672065735,
        -0.8921819925308228,
        0.0063652098178863525,
        -0.01573287323117256
      ],
      [
        -0.32876506447792053,
        -0.1597834825515747,
        0.9307968616485596,
        -0.01713266782462597
      ],
      [
        -0.8294230699539185,
        -0.42246973514556885,
        -0.36548149585723877,
        0.08060533553361893
      ],
      [
        0.0,
        0.0,
        0.0,
        1.0
      ]
    ],
    "DEF-spine": [
      [
        0.9916840195655823,
        -0.03467775881290436,
        -0.12393583357334137,
        0.02576589025557041
      ],
      [
        -0.12866871058940887,
        -0.2869548499584198,
        -0.9492635130882263,
        0.16737782955169678
      ],
      [
        -0.002645656233653426,
        0.9573161602020264,
        -0.2890305519104004,
        0.7124500870704651
      ],
      [
        0.0,
        0.0,
        0.0,
        1.0
      ]
    ],
    "DEF-spine.001": [
      [
        1.0,
        -4.296204991760533e-08,
        8.154474429034053e-09,
        -2.7939677238464355e-09
      ],
      [
        4.155550215045878e-08,
        0.991685688495636,
        0.12868376076221466,
        0.1308659315109253
      ],
      [
        -1.3615194305316436e-08,
        -0.12868376076221466,
        0.991685688495636,
        2.9802322387695313e-08
      ],
      [
        0.0,
        0.0,
        0.0,
        1.0
      ]
    ],
    "DEF-spine.002": [
      [
        1.0,
        1.0165406649775832e-07,
        -1.2001758697977039e-08,
        2.3283064365386963e-10
      ],
      [
        -9.858025151743277e-08,
        0.9879985451698303,
        0.1544627845287323,
        0.11746910959482193
      ],
      [
        2.7559490689554877e-08,
        -0.1544627696275711,
        0.9879986047744751,
        2.60770320892334e-08
      ],
      [
        0.0,
        0.0,
        0.0,
        1.0
      ]
    ],
    "DEF-spine.003": [
      [
        1.0,
        2.8332085122428907e-08,
        -2.2389546927570336e-07,
        2.3283064365386963e-10
      ],
      [
        -2.9060633011113168e-08,
        0.999994695186615,
        -0.003254640381783247,
        0.14863502979278564
      ],
      [
        2.2380207553851506e-07,
        0.003254640381783247,
        0.999994695186615,
        -7.916241884231567e-09
      ],
      [
        0.0,
        0.0,
        0.0,
        1.0
      ]
    ],
    "DEF-spine.004": [
      [
        1.0,
        4.87944404881091e-08,
        8.591696243342994e-09,
        -1.0477378964424133e-09
      ],
      [
        -4.142746234947481e-08,
        0.9186033606529236,
        -0.39518076181411743,
        0.16556333005428314
      ],
      [
        -2.7174985817168817e-08,
        0.39518076181411743,
        0.9186033606529236,
        4.423782229423523e-09
      ],
      [
        0.0,
        0.0,
        0.0,
        1.0
      ]
    ],
    "DEF-spine.005": [
      [
        0.9899486303329468,
        -8.381903171539307e-08,
        0.14142686128616333,
        -7.799826562404633e-09
      ],
      [
        -0.026709817349910736,
        0.9820039868354797,
        0.18696190416812897,
        0.05688193812966347
      ],
      [
        -0.13888172805309296,
        -0.1888601928949356,
        0.9721335768699646,
        5.3551048040390015e-09
      ],
      [
        0.0,
        0.0,
        0.0,
        1.0
      ]
    ],
    "DEF-spine.006": [
      [
        0.9868537783622742,
        0.1107928529381752,
        0.11766301095485687,
        -2.0954757928848267e-09
      ],
      [
        -0.09704452753067017,
        0.9884061813354492,
        -0.11677078902721405,
        0.053905464708805084
      ],
      [
        -0.12923622131347656,
        0.10381712764501572,
        0.9861642718315125,
        -8.09086486697197e-09
      ],
      [
        0.0,
        0.0,
        0.0,
        1.0
      ]
    ],
    "DEF-thigh.L": [
      [
        -0.4718579053878784,
        0.47012433409690857,
        -0.7537853121757507,
        -0.018545424565672874
      ],
      [
        0.7700201272964478,
        -0.21056059002876282,
        -0.6288262605667114,
        0.09991125762462616
      ],
      [
        -0.47152477502822876,
        -0.8143108487129211,
        -0.2725825309753418,
        -0.031249860301613808
      ],
      [
        0.0,
        0.0,
        0.0,
        1.0
      ]
    ],
    "DEF-thigh.L.001": [
      [
        0.9985340237617493,
        2.381562751452293e-07,
        0.054127730429172516,
        -1.0671404204742885e-08
      ],
      [
        -2.3861042564021773e-07,
        1.0,
        1.9279258189897064e-09,
        0.22787350416183472
      ],
      [
        -0.054127730429172516,
        -1.4840539463989444e-08,
        0.9985340237617493,
        -8.599212009130497e-09
      ],
      [
        0.0,
        0.0,
        0.0,
        1.0
      ]
    ],
    "DEF-thigh.R": [
      [
        -0.3873277008533478,
        -0.3300609588623047,
        0.8730998635292053,
        0.01854543760418892
      ],
      [
        -0.7356618046760559,
        -0.45331165194511414,
        -0.5147601366043091,
        0.09991142898797989
      ],
      [
        0.5838453769683838,
        -0.7901504039764404,
        -0.06939119845628738,
        -0.03124985285103321
      ],
      [
        0.0,
        0.0,
        0.0,
        1.0
      ]
    ],
    "DEF-thigh.R.001": [
      [
        0.9918742179870605,
        -1.9574943621591956e-07,
        -0.12722234427928925,
        -1.7462298274040222e-08
      ],
      [
        1.9738524770218646e-07,
        1.0,
        2.5080026944124256e-10,
        0.22787357866764069
      ],
      [
        0.12722234427928925,
        -2.5360570532484417e-08,
        0.9918742179870605,
        8.498318493366241e-09
      ],
      [
        0.0,
        0.0,
        0.0,
        1.0
      ]
    ],
    "DEF-toe.L": [
      [
        -1.000000238418579,
        0.0001767128997016698,
        0.00017764599760994315,
        -4.907178663415834e-09
      ],
      [
        5.574154420173727e-05,
        0.8480882048606873,
        -0.5298552513122559,
        0.11111490428447723
      ],
      [
        -0.0002442917029839009,
        -0.5298550724983215,
        -0.8480884432792664,
        -6.693881005048752e-09
      ],
      [
        0.0,
        0.0,
        0.0,
        1.0
      ]
    ],
    "DEF-toe.R": [
      [
        -0.9850643873214722,
        -0.02159467525780201,
        0.01353664230555296,
        -4.981802526060619e-09
      ],
      [
        -0.024814242497086525,
        0.8517237901687622,
        -0.5457218885421753,
        0.11111496388912201
      ],
      [
        0.0002472963824402541,
        -0.555067777633667,
        -0.8379095792770386,
        -5.615887310739254e-09
      ],
      [
        0.0,
        0.0,
        0.0,
        1.0
      ]
    ],
    "DEF-upper_arm.L": [
      [
        -0.7122209072113037,
        0.6349436044692993,
        0.2775541841983795,
        0.004115158226341009
      ],
      [
        -0.2981617748737335,
        0.07996567338705063,
        -0.9749181270599365,
        0.18903788924217224
      ],
      [
        -0.6712258458137512,
        -0.7092440128326416,
        0.13855750858783722,
        -0.016364220529794693
      ],
      [
        0.0,
        0.0,
        0.0,
        1.0
      ]
    ],
    "DEF-upper_arm.L.001": [
      [
        0.9428499937057495,
        -5.093926915833435e-07,
        -0.3332172632217407,
        -2.7939672797572257e-09
      ],
      [
        5.28325472259894e-07,
        1.0,
        -3.379446411599929e-08,
        0.129039004445076
      ],
      [
        0.3332172632217407,
        -1.4418408511573944e-07,
        0.9428499937057495,
        -1.4963250194455213e-08
      ],
      [
        0.0,
        0.0,
        0.0,
        1.0
      ]
    ],
    "DEF-upper_arm.R": [
      [
        -0.7933751940727234,
        -0.5125315189361572,
        -0.342184841632843,
        -0.004114985466003418
      ],
      [
        0.3431231379508972,
        0.09500043839216232,
        -0.9626065492630005,
        0.18903762102127075
      ],
      [
        0.554767370223999,
        -0.7917312383651733,
        0.1060112938284874,
        -0.016364548355340958
      ],
      [
        0.0,
        0.0,
        0.0,
        1.0
      ]
    ],
    "DEF-upper_arm.R.001": [
      [
        0.9624466300010681,
        4.089874039436836e-07,
        0.27147069573402405,
        7.078051567077637e-08
      ],
      [
        -4.2547787870717e-07,
        1.0,
        1.8875920826388892e-09,
        0.12903887033462524
      ],
      [
        -0.27147069573402405,
        -1.173215053995591e-07,
        0.9624466300010681,
        0.0
      ],
      [
        0.0,
        0.0,
        0.0,
        1.0
      ]
    ],
    "root": [
      [
        1.0,
        0.0,
        0.0,
        0.0
      ],
      [
        0.0,
        -1.1920928244535389e-07,
        0.9999998807907104,
        0.0
      ],
      [
        0.0,
        -0.9999998807907104,
        -1.1920928244535389e-07,
        0.0
      ],
      [
        0.0,
        0.0,
        0.0,
        1.0
      ]
    ]
  },
  "10": {
    "DEF-breast.L": [
      [
        -1.0,
        1.1121443321826519e-08,
        -3.892556037499162e-07,
        0.10179080814123154
      ],
      [
        -3.894144526839227e-07,
        -0.028559446334838867,
        0.999592125415802,
        -0.004196324851363897
      ],
      [
        0.0,
        0.999592125415802,
        0.028559386730194092,
        -0.036758918315172195
      ],
      [
        0.0,
        0.0,
        0.0,
        1.0
      ]
    ],
    "DEF-breast.R": [
      [
        -1.0,
        1.1121443321826519e-08,
        -3.892556037499162e-07,
        -0.10179080814123154
      ],
      [
        -3.894144526839227e-07,
        -0.028559446334838867,
        0.999592125415802,
        -0.004196451511234045
      ],
      [
        0.0,
        0.999592125415802,
        0.028559386730194092,
        -0.0367588996887207
      ],
      [
        0.0,
        0.0,
        0.0,
        1.0
      ]
    ],
    "DEF-foot.L": [
      [
        0.9481191635131836,
        -0.017861448228359222,
        -0.21610768139362335,
        4.400499076240294e-09
      ],
      [
        0.1950252801179886,
        0.0057771410793066025,
        1.0514799356460571,
        0.19868387281894684
      ],
      [
        -0.016413453966379166,
        -0.9631170034408569,
        0.010314998216927052,
        1.2611660160644078e-08
      ],
      [
        0.0,
        0.0,
        0.0,
        1.0
      ]
    ],
    "DEF-foot.R": [
      [
        0.9761047959327698,
        -0.03181846812367439,
        0.09668121486902237,
        3.1819968882018657e-09
      ],
      [
        -0.09383364021778107,
        -0.2831246554851532,
        1.0228856801986694,
        0.19868406653404236
      ],
      [
        -0.004970772657543421,
        -0.9035941362380981,
        -0.32390689849853516,
        -1.8314337824065774e-09
      ],
      [
        0.0,
        0.0,
        0.0,
        1.0
      ]
    ],
    "DEF-forearm.L": [
      [
        0.9045764207839966,
        -0.3931313455104828,
        -0.08539658784866333,
        1.6267101443645515e-08
      ],
      [
        0.001703888177871704,
        0.18060384690761566,
        -1.0434117317199707,
        0.1290389597415924
      ],
      [
        0.42579516768455505,
        0.8344613909721375,
        0.18559525907039642,
        -1.5459953317531472e-08
      ],
      [
        0.0,
        0.0,
        0.0,
        1.0
      ]
    ],
    "DEF-forearm.L.001": [
      [
        0.9800509214401245,
        6.006367243571731e-07,
        0.19874651730060577,
        8.883264968062576e-08
      ],
      [
        -5.938509843872453e-07,
        1.0,
        -9.374994647259882e-08,
        0.11355174332857132
      ],
      [
        -0.19874651730060577,
        -2.614609684314928e-08,
        0.9800509214401245,
        -5.277494707911501e-08
      ],
      [
        0.0,
        0.0,
        0.0,
        1.0
      ]
    ],
    "DEF-forearm.R": [
      [
        0.8613267540931702,
        0.4278375804424286,
        -0.23709441721439362,
        4.549510990159433e-08
      ],
      [
        0.0010427101515233517,
        -0.4118616580963135,
        -0.9591078758239746,
        0.1290389597415924
      ],
      [
        -0.5072371363639832,
        0.7256535887718201,
        -0.4045756459236145,
        -4.780789097935667e-09
      ],
      [
        0.0,
        0.0,
        0.0,
        1.0
      ]
    ],
    "DEF-forearm.R.001": [
      [
        0.9883171916007996,
        4.283119636738775e-08,
        -0.15241047739982605,
        -8.93584584105156e-09
      ],
      [
        2.164257573156192e-08,
        1.0,
        4.2136812794524303e-07,
        0.11355175077915192
      ],
      [
        0.15241047739982605,
        -4.197439693598426e-07,
        0.9883171916007996,
        2.0601630623673373e-08
      ],
      [
        0.0,
        0.0,
        0.0,
        1.0
      ]
    ],
    "DEF-hand.L": [
      [
        0.8155198097229004,
        -0.5285965800285339,
        0.2526671588420868,
        -8.388111893964378e-08
      ],
      [
        0.5662068724632263,
        0.8227367997169495,
        -0.166596919298172,
        0.11355150490999222
      ],
      [
        -0.1197909563779831,
        0.2901574969291687,
        0.9326810836791992,
        2.9802322387695313e-08
      ],
      [
        0.0,
        0.0,
        0.0,
        1.0
      ]
    ],
    "DEF-hand.R": [
      [
        0.8839526772499084,
        0.44997638463974,
        -0.09704697132110596,
        -2.0985801540973625e-08
      ],
      [
        -0.3936958312988281,
        0.9155773520469666,
